 7.04416E-03  7.04416E-03  1.28044E-01  1.00000E+00  1.00000E+00  6.00546E-05
 7.04416E-03  4.03775E-02  1.69486E-01  1.00000E+00  1.00000E+00  6.00546E-05
 7.04416E-03  7.37108E-02  2.14532E-01  1.00000E+00  1.00000E+00  6.00546E-05
 7.04416E-03  1.07044E-01  2.59704E-01  1.00000E+00  1.00000E+00  6.00546E-05
 7.04416E-03  1.40377E-01  3.00701E-01  1.00000E+00  1.00000E+00  6.00546E-05
 7.04416E-03  1.73711E-01  3.33036E-01  1.00000E+00  1.00000E+00  6.00546E-05
 7.04416E-03  2.07044E-01  3.52833E-01  1.00000E+00  1.00000E+00  6.00546E-05
 7.04416E-03  2.40377E-01  3.57588E-01  1.00000E+00  1.00000E+00  6.00546E-05
 7.04416E-03  2.73711E-01  3.46686E-01  1.00000E+00  1.00000E+00  6.00546E-05
 7.04416E-03  3.07044E-01  3.21534E-01  1.00000E+00  1.00000E+00  6.00546E-05
 7.04416E-03  3.40377E-01  2.85259E-01  1.00000E+00  1.00000E+00  6.00546E-05
 7.04416E-03  3.73711E-01  2.42075E-01  1.00000E+00  1.00000E+00  6.00546E-05
 7.04416E-03  4.07044E-01  1.96484E-01  1.00000E+00  1.00000E+00  6.00546E-05
 7.04416E-03  4.40377E-01  1.52521E-01  1.00000E+00  1.00000E+00  6.00546E-05
 7.04416E-03  4.73711E-01  1.13217E-01  1.00000E+00  1.00000E+00  6.00546E-05
 7.04416E-03  5.07044E-01  8.03480E-02  1.00000E+00  1.00000E+00  6.00546E-05
 7.04416E-03  5.40377E-01  5.45066E-02  1.00000E+00  1.00000E+00  6.00546E-05
 7.04416E-03  5.73711E-01  3.53653E-02  1.00000E+00  1.00000E+00  6.00546E-05
 7.04416E-03  6.07044E-01  2.19536E-02  1.00000E+00  1.00000E+00  6.00546E-05
 7.04416E-03  6.40377E-01  1.29374E-02  1.00000E+00  1.00000E+00  6.00546E-05
 7.04416E-03  6.73711E-01  7.09684E-03  1.00000E+00  1.00000E+00  6.00546E-05
 7.04416E-03  7.07044E-01  3.82692E-03  1.00000E+00  1.00000E+00  6.00546E-05
 7.04416E-03  7.40377E-01  3.08616E-03  1.00000E+00  1.00000E+00  6.00546E-05
 7.04416E-03  7.73711E-01  4.86550E-03  1.00000E+00  1.00000E+00  6.00546E-05
 7.04416E-03  8.07044E-01  9.08424E-03  1.00000E+00  1.00000E+00  6.00546E-05
 7.04416E-03  8.40377E-01  1.60296E-02  1.00000E+00  1.00000E+00  6.00546E-05
 7.04416E-03  8.73711E-01  2.66239E-02  1.00000E+00  1.00000E+00  6.00546E-05
 7.04416E-03  9.07044E-01  4.21678E-02  1.00000E+00  1.00000E+00  6.00546E-05
 7.04416E-03  9.40377E-01  6.38712E-02  1.00000E+00  1.00000E+00  6.00546E-05
 7.04416E-03  9.73711E-01  9.24930E-02  1.00000E+00  1.00000E+00  6.00546E-05
 4.03775E-02  7.04416E-03  1.69486E-01  1.00000E+00  1.00000E+00  6.00546E-05
 4.03775E-02  4.03775E-02  2.24341E-01  1.00000E+00  1.00000E+00  6.00546E-05
 4.03775E-02  7.37108E-02  2.83966E-01  1.00000E+00  1.00000E+00  6.00546E-05
 4.03775E-02  1.07044E-01  3.43759E-01  1.00000E+00  1.00000E+00  6.00546E-05
 4.03775E-02  1.40377E-01  3.98025E-01  1.00000E+00  1.00000E+00  6.00546E-05
 4.03775E-02  1.73711E-01  4.40825E-01  1.00000E+00  1.00000E+00  6.00546E-05
 4.03775E-02  2.07044E-01  4.67030E-01  1.00000E+00  1.00000E+00  6.00546E-05
 4.03775E-02  2.40377E-01  4.73324E-01  1.00000E+00  1.00000E+00  6.00546E-05
 4.03775E-02  2.73711E-01  4.58894E-01  1.00000E+00  1.00000E+00  6.00546E-05
 4.03775E-02  3.07044E-01  4.25600E-01  1.00000E+00  1.00000E+00  6.00546E-05
 4.03775E-02  3.40377E-01  3.77584E-01  1.00000E+00  1.00000E+00  6.00546E-05
 4.03775E-02  3.73711E-01  3.20424E-01  1.00000E+00  1.00000E+00  6.00546E-05
 4.03775E-02  4.07044E-01  2.60076E-01  1.00000E+00  1.00000E+00  6.00546E-05
 4.03775E-02  4.40377E-01  2.01885E-01  1.00000E+00  1.00000E+00  6.00546E-05
 4.03775E-02  4.73711E-01  1.49859E-01  1.00000E+00  1.00000E+00  6.00546E-05
 4.03775E-02  5.07044E-01  1.06352E-01  1.00000E+00  1.00000E+00  6.00546E-05
 4.03775E-02  5.40377E-01  7.21474E-02  1.00000E+00  1.00000E+00  6.00546E-05
 4.03775E-02  5.73711E-01  4.68108E-02  1.00000E+00  1.00000E+00  6.00546E-05
 4.03775E-02  6.07044E-01  2.90565E-02  1.00000E+00  1.00000E+00  6.00546E-05
 4.03775E-02  6.40377E-01  1.71214E-02  1.00000E+00  1.00000E+00  6.00546E-05
 4.03775E-02  6.73711E-01  9.39303E-03  1.00000E+00  1.00000E+00  6.00546E-05
 4.03775E-02  7.07044E-01  5.06701E-03  1.00000E+00  1.00000E+00  6.00546E-05
 4.03775E-02  7.40377E-01  4.08422E-03  1.00000E+00  1.00000E+00  6.00546E-05
 4.03775E-02  7.73711E-01  6.43717E-03  1.00000E+00  1.00000E+00  6.00546E-05
 4.03775E-02  8.07044E-01  1.20223E-02  1.00000E+00  1.00000E+00  6.00546E-05
 4.03775E-02  8.40377E-01  2.12169E-02  1.00000E+00  1.00000E+00  6.00546E-05
 4.03775E-02  8.73711E-01  3.52402E-02  1.00000E+00  1.00000E+00  6.00546E-05
 4.03775E-02  9.07044E-01  5.58146E-02  1.00000E+00  1.00000E+00  6.00546E-05
 4.03775E-02  9.40377E-01  8.45426E-02  1.00000E+00  1.00000E+00  6.00546E-05
 4.03775E-02  9.73711E-01  1.22428E-01  1.00000E+00  1.00000E+00  6.00546E-05
 7.37108E-02  7.04416E-03  2.14532E-01  1.00000E+00  1.00000E+00  6.00546E-05
 7.37108E-02  4.03775E-02  2.83966E-01  1.00000E+00  1.00000E+00  6.00546E-05
 7.37108E-02  7.37108E-02  3.59439E-01  1.00000E+00  1.00000E+00  6.00546E-05
 7.37108E-02  1.07044E-01  4.35124E-01  1.00000E+00  1.00000E+00  6.00546E-05
 7.37108E-02  1.40377E-01  5.03813E-01  1.00000E+00  1.00000E+00  6.00546E-05
 7.37108E-02  1.73711E-01  5.57988E-01  1.00000E+00  1.00000E+00  6.00546E-05
 7.37108E-02  2.07044E-01  5.91157E-01  1.00000E+00  1.00000E+00  6.00546E-05
 7.37108E-02  2.40377E-01  5.99124E-01  1.00000E+00  1.00000E+00  6.00546E-05
 7.37108E-02  2.73711E-01  5.80859E-01  1.00000E+00  1.00000E+00  6.00546E-05
 7.37108E-02  3.07044E-01  5.38717E-01  1.00000E+00  1.00000E+00  6.00546E-05
 7.37108E-02  3.40377E-01  4.77939E-01  1.00000E+00  1.00000E+00  6.00546E-05
 7.37108E-02  3.73711E-01  4.05586E-01  1.00000E+00  1.00000E+00  6.00546E-05
 7.37108E-02  4.07044E-01  3.29199E-01  1.00000E+00  1.00000E+00  6.00546E-05
 7.37108E-02  4.40377E-01  2.55542E-01  1.00000E+00  1.00000E+00  6.00546E-05
 7.37108E-02  4.73711E-01  1.89688E-01  1.00000E+00  1.00000E+00  6.00546E-05
 7.37108E-02  5.07044E-01  1.34618E-01  1.00000E+00  1.00000E+00  6.00546E-05
 7.37108E-02  5.40377E-01  9.13224E-02  1.00000E+00  1.00000E+00  6.00546E-05
 7.37108E-02  5.73711E-01  5.92515E-02  1.00000E+00  1.00000E+00  6.00546E-05
 7.37108E-02  6.07044E-01  3.67768E-02  1.00000E+00  1.00000E+00  6.00546E-05
 7.37108E-02  6.40377E-01  2.16689E-02  1.00000E+00  1.00000E+00  6.00546E-05
 7.37108E-02  6.73711E-01  1.18888E-02  1.00000E+00  1.00000E+00  6.00546E-05
 7.37108E-02  7.07044E-01  6.41520E-03  1.00000E+00  1.00000E+00  6.00546E-05
 7.37108E-02  7.40377E-01  5.16903E-03  1.00000E+00  1.00000E+00  6.00546E-05
 7.37108E-02  7.73711E-01  8.14514E-03  1.00000E+00  1.00000E+00  6.00546E-05
 7.37108E-02  8.07044E-01  1.52156E-02  1.00000E+00  1.00000E+00  6.00546E-05
 7.37108E-02  8.40377E-01  2.68553E-02  1.00000E+00  1.00000E+00  6.00546E-05
 7.37108E-02  8.73711E-01  4.46057E-02  1.00000E+00  1.00000E+00  6.00546E-05
 7.37108E-02  9.07044E-01  7.06482E-02  1.00000E+00  1.00000E+00  6.00546E-05
 7.37108E-02  9.40377E-01  1.07012E-01  1.00000E+00  1.00000E+00  6.00546E-05
 7.37108E-02  9.73711E-01  1.54967E-01  1.00000E+00  1.00000E+00  6.00546E-05
 1.07044E-01  7.04416E-03  2.59704E-01  1.00000E+00  1.00000E+00  6.00546E-05
 1.07044E-01  4.03775E-02  3.43759E-01  1.00000E+00  1.00000E+00  6.00546E-05
 1.07044E-01  7.37108E-02  4.35124E-01  1.00000E+00  1.00000E+00  6.00546E-05
 1.07044E-01  1.07044E-01  5.26745E-01  1.00000E+00  1.00000E+00  6.00546E-05
 1.07044E-01  1.40377E-01  6.09898E-01  1.00000E+00  1.00000E+00  6.00546E-05
 1.07044E-01  1.73711E-01  6.75481E-01  1.00000E+00  1.00000E+00  6.00546E-05
 1.07044E-01  2.07044E-01  7.15634E-01  1.00000E+00  1.00000E+00  6.00546E-05
 1.07044E-01  2.40377E-01  7.25278E-01  1.00000E+00  1.00000E+00  6.00546E-05
 1.07044E-01  2.73711E-01  7.03167E-01  1.00000E+00  1.00000E+00  6.00546E-05
 1.07044E-01  3.07044E-01  6.52151E-01  1.00000E+00  1.00000E+00  6.00546E-05
 1.07044E-01  3.40377E-01  5.78576E-01  1.00000E+00  1.00000E+00  6.00546E-05
 1.07044E-01  3.73711E-01  4.90988E-01  1.00000E+00  1.00000E+00  6.00546E-05
 1.07044E-01  4.07044E-01  3.98517E-01  1.00000E+00  1.00000E+00  6.00546E-05
 1.07044E-01  4.40377E-01  3.09349E-01  1.00000E+00  1.00000E+00  6.00546E-05
 1.07044E-01  4.73711E-01  2.29629E-01  1.00000E+00  1.00000E+00  6.00546E-05
 1.07044E-01  5.07044E-01  1.62963E-01  1.00000E+00  1.00000E+00  6.00546E-05
 1.07044E-01  5.40377E-01  1.10551E-01  1.00000E+00  1.00000E+00  6.00546E-05
 1.07044E-01  5.73711E-01  7.17272E-02  1.00000E+00  1.00000E+00  6.00546E-05
 1.07044E-01  6.07044E-01  4.45187E-02  1.00000E+00  1.00000E+00  6.00546E-05
 1.07044E-01  6.40377E-01  2.62288E-02  1.00000E+00  1.00000E+00  6.00546E-05
 1.07044E-01  6.73711E-01  1.43916E-02  1.00000E+00  1.00000E+00  6.00546E-05
 1.07044E-01  7.07044E-01  7.76737E-03  1.00000E+00  1.00000E+00  6.00546E-05
 1.07044E-01  7.40377E-01  6.25685E-03  1.00000E+00  1.00000E+00  6.00546E-05
 1.07044E-01  7.73711E-01  9.85764E-03  1.00000E+00  1.00000E+00  6.00546E-05
 1.07044E-01  8.07044E-01  1.84177E-02  1.00000E+00  1.00000E+00  6.00546E-05
 1.07044E-01  8.40377E-01  3.25095E-02  1.00000E+00  1.00000E+00  6.00546E-05
 1.07044E-01  8.73711E-01  5.39976E-02  1.00000E+00  1.00000E+00  6.00546E-05
 1.07044E-01  9.07044E-01  8.55235E-02  1.00000E+00  1.00000E+00  6.00546E-05
 1.07044E-01  9.40377E-01  1.29544E-01  1.00000E+00  1.00000E+00  6.00546E-05
 1.07044E-01  9.73711E-01  1.87597E-01  1.00000E+00  1.00000E+00  6.00546E-05
 1.40377E-01  7.04416E-03  3.00701E-01  1.00000E+00  1.00000E+00  6.00546E-05
 1.40377E-01  4.03775E-02  3.98025E-01  1.00000E+00  1.00000E+00  6.00546E-05
 1.40377E-01  7.37108E-02  5.03813E-01  1.00000E+00  1.00000E+00  6.00546E-05
 1.40377E-01  1.07044E-01  6.09898E-01  1.00000E+00  1.00000E+00  6.00546E-05
 1.40377E-01  1.40377E-01  7.06177E-01  1.00000E+00  1.00000E+00  6.00546E-05
 1.40377E-01  1.73711E-01  7.82113E-01  1.00000E+00  1.00000E+00  6.00546E-05
 1.40377E-01  2.07044E-01  8.28605E-01  1.00000E+00  1.00000E+00  6.00546E-05
 1.40377E-01  2.40377E-01  8.39772E-01  1.00000E+00  1.00000E+00  6.00546E-05
 1.40377E-01  2.73711E-01  8.14170E-01  1.00000E+00  1.00000E+00  6.00546E-05
 1.40377E-01  3.07044E-01  7.55101E-01  1.00000E+00  1.00000E+00  6.00546E-05
 1.40377E-01  3.40377E-01  6.69910E-01  1.00000E+00  1.00000E+00  6.00546E-05
 1.40377E-01  3.73711E-01  5.68495E-01  1.00000E+00  1.00000E+00  6.00546E-05
 1.40377E-01  4.07044E-01  4.61427E-01  1.00000E+00  1.00000E+00  6.00546E-05
 1.40377E-01  4.40377E-01  3.58183E-01  1.00000E+00  1.00000E+00  6.00546E-05
 1.40377E-01  4.73711E-01  2.65878E-01  1.00000E+00  1.00000E+00  6.00546E-05
 1.40377E-01  5.07044E-01  1.88688E-01  1.00000E+00  1.00000E+00  6.00546E-05
 1.40377E-01  5.40377E-01  1.28003E-01  1.00000E+00  1.00000E+00  6.00546E-05
 1.40377E-01  5.73711E-01  8.30497E-02  1.00000E+00  1.00000E+00  6.00546E-05
 1.40377E-01  6.07044E-01  5.15448E-02  1.00000E+00  1.00000E+00  6.00546E-05
 1.40377E-01  6.40377E-01  3.03671E-02  1.00000E+00  1.00000E+00  6.00546E-05
 1.40377E-01  6.73711E-01  1.66630E-02  1.00000E+00  1.00000E+00  6.00546E-05
 1.40377E-01  7.07044E-01  8.99467E-03  1.00000E+00  1.00000E+00  6.00546E-05
 1.40377E-01  7.40377E-01  7.24411E-03  1.00000E+00  1.00000E+00  6.00546E-05
 1.40377E-01  7.73711E-01  1.14117E-02  1.00000E+00  1.00000E+00  6.00546E-05
 1.40377E-01  8.07044E-01  2.13237E-02  1.00000E+00  1.00000E+00  6.00546E-05
 1.40377E-01  8.40377E-01  3.76410E-02  1.00000E+00  1.00000E+00  6.00546E-05
 1.40377E-01  8.73711E-01  6.25214E-02  1.00000E+00  1.00000E+00  6.00546E-05
 1.40377E-01  9.07044E-01  9.90238E-02  1.00000E+00  1.00000E+00  6.00546E-05
 1.40377E-01  9.40377E-01  1.49993E-01  1.00000E+00  1.00000E+00  6.00546E-05
 1.40377E-01  9.73711E-01  2.17210E-01  1.00000E+00  1.00000E+00  6.00546E-05
 1.73711E-01  7.04416E-03  3.33036E-01  1.00000E+00  1.00000E+00  6.00546E-05
 1.73711E-01  4.03775E-02  4.40825E-01  1.00000E+00  1.00000E+00  6.00546E-05
 1.73711E-01  7.37108E-02  5.57988E-01  1.00000E+00  1.00000E+00  6.00546E-05
 1.73711E-01  1.07044E-01  6.75481E-01  1.00000E+00  1.00000E+00  6.00546E-05
 1.73711E-01  1.40377E-01  7.82113E-01  1.00000E+00  1.00000E+00  6.00546E-05
 1.73711E-01  1.73711E-01  8.66214E-01  1.00000E+00  1.00000E+00  6.00546E-05
 1.73711E-01  2.07044E-01  9.17706E-01  1.00000E+00  1.00000E+00  6.00546E-05
 1.73711E-01  2.40377E-01  9.30073E-01  1.00000E+00  1.00000E+00  6.00546E-05
 1.73711E-01  2.73711E-01  9.01719E-01  1.00000E+00  1.00000E+00  6.00546E-05
 1.73711E-01  3.07044E-01  8.36297E-01  1.00000E+00  1.00000E+00  6.00546E-05
 1.73711E-01  3.40377E-01  7.41946E-01  1.00000E+00  1.00000E+00  6.00546E-05
 1.73711E-01  3.73711E-01  6.29626E-01  1.00000E+00  1.00000E+00  6.00546E-05
 1.73711E-01  4.07044E-01  5.11044E-01  1.00000E+00  1.00000E+00  6.00546E-05
 1.73711E-01  4.40377E-01  3.96699E-01  1.00000E+00  1.00000E+00  6.00546E-05
 1.73711E-01  4.73711E-01  2.94468E-01  1.00000E+00  1.00000E+00  6.00546E-05
 1.73711E-01  5.07044E-01  2.08977E-01  1.00000E+00  1.00000E+00  6.00546E-05
 1.73711E-01  5.40377E-01  1.41767E-01  1.00000E+00  1.00000E+00  6.00546E-05
 1.73711E-01  5.73711E-01  9.19798E-02  1.00000E+00  1.00000E+00  6.00546E-05
 1.73711E-01  6.07044E-01  5.70863E-02  1.00000E+00  1.00000E+00  6.00546E-05
 1.73711E-01  6.40377E-01  3.36310E-02  1.00000E+00  1.00000E+00  6.00546E-05
 1.73711E-01  6.73711E-01  1.84545E-02  1.00000E+00  1.00000E+00  6.00546E-05
 1.73711E-01  7.07044E-01  9.96273E-03  1.00000E+00  1.00000E+00  6.00546E-05
 1.73711E-01  7.40377E-01  8.02275E-03  1.00000E+00  1.00000E+00  6.00546E-05
 1.73711E-01  7.73711E-01  1.26373E-02  1.00000E+00  1.00000E+00  6.00546E-05
 1.73711E-01  8.07044E-01  2.36156E-02  1.00000E+00  1.00000E+00  6.00546E-05
 1.73711E-01  8.40377E-01  4.16883E-02  1.00000E+00  1.00000E+00  6.00546E-05
 1.73711E-01  8.73711E-01  6.92441E-02  1.00000E+00  1.00000E+00  6.00546E-05
 1.73711E-01  9.07044E-01  1.09672E-01  1.00000E+00  1.00000E+00  6.00546E-05
 1.73711E-01  9.40377E-01  1.66122E-01  1.00000E+00  1.00000E+00  6.00546E-05
 1.73711E-01  9.73711E-01  2.40567E-01  1.00000E+00  1.00000E+00  6.00546E-05
 2.07044E-01  7.04416E-03  3.52833E-01  1.00000E+00  1.00000E+00  6.00546E-05
 2.07044E-01  4.03775E-02  4.67030E-01  1.00000E+00  1.00000E+00  6.00546E-05
 2.07044E-01  7.37108E-02  5.91157E-01  1.00000E+00  1.00000E+00  6.00546E-05
 2.07044E-01  1.07044E-01  7.15634E-01  1.00000E+00  1.00000E+00  6.00546E-05
 2.07044E-01  1.40377E-01  8.28605E-01  1.00000E+00  1.00000E+00  6.00546E-05
 2.07044E-01  1.73711E-01  9.17706E-01  1.00000E+00  1.00000E+00  6.00546E-05
 2.07044E-01  2.07044E-01  9.72258E-01  1.00000E+00  1.00000E+00  6.00546E-05
 2.07044E-01  2.40377E-01  9.85361E-01  1.00000E+00  1.00000E+00  6.00546E-05
 2.07044E-01  2.73711E-01  9.55321E-01  1.00000E+00  1.00000E+00  6.00546E-05
 2.07044E-01  3.07044E-01  8.86010E-01  1.00000E+00  1.00000E+00  6.00546E-05
 2.07044E-01  3.40377E-01  7.86051E-01  1.00000E+00  1.00000E+00  6.00546E-05
 2.07044E-01  3.73711E-01  6.67054E-01  1.00000E+00  1.00000E+00  6.00546E-05
 2.07044E-01  4.07044E-01  5.41423E-01  1.00000E+00  1.00000E+00  6.00546E-05
 2.07044E-01  4.40377E-01  4.20280E-01  1.00000E+00  1.00000E+00  6.00546E-05
 2.07044E-01  4.73711E-01  3.11972E-01  1.00000E+00  1.00000E+00  6.00546E-05
 2.07044E-01  5.07044E-01  2.21400E-01  1.00000E+00  1.00000E+00  6.00546E-05
 2.07044E-01  5.40377E-01  1.50194E-01  1.00000E+00  1.00000E+00  6.00546E-05
 2.07044E-01  5.73711E-01  9.74473E-02  1.00000E+00  1.00000E+00  6.00546E-05
 2.07044E-01  6.07044E-01  6.04791E-02  1.00000E+00  1.00000E+00  6.00546E-05
 2.07044E-01  6.40377E-01  3.56292E-02  1.00000E+00  1.00000E+00  6.00546E-05
 2.07044E-01  6.73711E-01  1.95513E-02  1.00000E+00  1.00000E+00  6.00546E-05
 2.07044E-01  7.07044E-01  1.05554E-02  1.00000E+00  1.00000E+00  6.00546E-05
 2.07044E-01  7.40377E-01  8.49948E-03  1.00000E+00  1.00000E+00  6.00546E-05
 2.07044E-01  7.73711E-01  1.33876E-02  1.00000E+00  1.00000E+00  6.00546E-05
 2.07044E-01  8.07044E-01  2.50188E-02  1.00000E+00  1.00000E+00  6.00546E-05
 2.07044E-01  8.40377E-01  4.41662E-02  1.00000E+00  1.00000E+00  6.00546E-05
 2.07044E-01  8.73711E-01  7.33602E-02  1.00000E+00  1.00000E+00  6.00546E-05
 2.07044E-01  9.07044E-01  1.16191E-01  1.00000E+00  1.00000E+00  6.00546E-05
 2.07044E-01  9.40377E-01  1.75997E-01  1.00000E+00  1.00000E+00  6.00546E-05
 2.07044E-01  9.73711E-01  2.54867E-01  1.00000E+00  1.00000E+00  6.00546E-05
 2.40377E-01  7.04416E-03  3.57588E-01  1.00000E+00  1.00000E+00  6.00546E-05
 2.40377E-01  4.03775E-02  4.73324E-01  1.00000E+00  1.00000E+00  6.00546E-05
 2.40377E-01  7.37108E-02  5.99124E-01  1.00000E+00  1.00000E+00  6.00546E-05
 2.40377E-01  1.07044E-01  7.25278E-01  1.00000E+00  1.00000E+00  6.00546E-05
 2.40377E-01  1.40377E-01  8.39772E-01  1.00000E+00  1.00000E+00  6.00546E-05
 2.40377E-01  1.73711E-01  9.30073E-01  1.00000E+00  1.00000E+00  6.00546E-05
 2.40377E-01  2.07044E-01  9.85361E-01  1.00000E+00  1.00000E+00  6.00546E-05
 2.40377E-01  2.40377E-01  9.98640E-01  1.00000E+00  1.00000E+00  6.00546E-05
 2.40377E-01  2.73711E-01  9.68195E-01  1.00000E+00  1.00000E+00  6.00546E-05
 2.40377E-01  3.07044E-01  8.97951E-01  1.00000E+00  1.00000E+00  6.00546E-05
 2.40377E-01  3.40377E-01  7.96644E-01  1.00000E+00  1.00000E+00  6.00546E-05
 2.40377E-01  3.73711E-01  6.76043E-01  1.00000E+00  1.00000E+00  6.00546E-05
 2.40377E-01  4.07044E-01  5.48720E-01  1.00000E+00  1.00000E+00  6.00546E-05
 2.40377E-01  4.40377E-01  4.25944E-01  1.00000E+00  1.00000E+00  6.00546E-05
 2.40377E-01  4.73711E-01  3.16177E-01  1.00000E+00  1.00000E+00  6.00546E-05
 2.40377E-01  5.07044E-01  2.24383E-01  1.00000E+00  1.00000E+00  6.00546E-05
 2.40377E-01  5.40377E-01  1.52218E-01  1.00000E+00  1.00000E+00  6.00546E-05
 2.40377E-01  5.73711E-01  9.87606E-02  1.00000E+00  1.00000E+00  6.00546E-05
 2.40377E-01  6.07044E-01  6.12940E-02  1.00000E+00  1.00000E+00  6.00546E-05
 2.40377E-01  6.40377E-01  3.61092E-02  1.00000E+00  1.00000E+00  6.00546E-05
 2.40377E-01  6.73711E-01  1.98148E-02  1.00000E+00  1.00000E+00  6.00546E-05
 2.40377E-01  7.07044E-01  1.06978E-02  1.00000E+00  1.00000E+00  6.00546E-05
 2.40377E-01  7.40377E-01  8.61398E-03  1.00000E+00  1.00000E+00  6.00546E-05
 2.40377E-01  7.73711E-01  1.35678E-02  1.00000E+00  1.00000E+00  6.00546E-05
 2.40377E-01  8.07044E-01  2.53559E-02  1.00000E+00  1.00000E+00  6.00546E-05
 2.40377E-01  8.40377E-01  4.47614E-02  1.00000E+00  1.00000E+00  6.00546E-05
 2.40377E-01  8.73711E-01  7.43488E-02  1.00000E+00  1.00000E+00  6.00546E-05
 2.40377E-01  9.07044E-01  1.17757E-01  1.00000E+00  1.00000E+00  6.00546E-05
 2.40377E-01  9.40377E-01  1.78368E-01  1.00000E+00  1.00000E+00  6.00546E-05
 2.40377E-01  9.73711E-01  2.58302E-01  1.00000E+00  1.00000E+00  6.00546E-05
 2.73711E-01  7.04416E-03  3.46686E-01  1.00000E+00  1.00000E+00  6.00546E-05
 2.73711E-01  4.03775E-02  4.58894E-01  1.00000E+00  1.00000E+00  6.00546E-05
 2.73711E-01  7.37108E-02  5.80859E-01  1.00000E+00  1.00000E+00  6.00546E-05
 2.73711E-01  1.07044E-01  7.03167E-01  1.00000E+00  1.00000E+00  6.00546E-05
 2.73711E-01  1.40377E-01  8.14170E-01  1.00000E+00  1.00000E+00  6.00546E-05
 2.73711E-01  1.73711E-01  9.01719E-01  1.00000E+00  1.00000E+00  6.00546E-05
 2.73711E-01  2.07044E-01  9.55321E-01  1.00000E+00  1.00000E+00  6.00546E-05
 2.73711E-01  2.40377E-01  9.68195E-01  1.00000E+00  1.00000E+00  6.00546E-05
 2.73711E-01  2.73711E-01  9.38678E-01  1.00000E+00  1.00000E+00  6.00546E-05
 2.73711E-01  3.07044E-01  8.70576E-01  1.00000E+00  1.00000E+00  6.00546E-05
 2.73711E-01  3.40377E-01  7.72357E-01  1.00000E+00  1.00000E+00  6.00546E-05
 2.73711E-01  3.73711E-01  6.55433E-01  1.00000E+00  1.00000E+00  6.00546E-05
 2.73711E-01  4.07044E-01  5.31991E-01  1.00000E+00  1.00000E+00  6.00546E-05
 2.73711E-01  4.40377E-01  4.12959E-01  1.00000E+00  1.00000E+00  6.00546E-05
 2.73711E-01  4.73711E-01  3.06538E-01  1.00000E+00  1.00000E+00  6.00546E-05
 2.73711E-01  5.07044E-01  2.17543E-01  1.00000E+00  1.00000E+00  6.00546E-05
 2.73711E-01  5.40377E-01  1.47578E-01  1.00000E+00  1.00000E+00  6.00546E-05
 2.73711E-01  5.73711E-01  9.57498E-02  1.00000E+00  1.00000E+00  6.00546E-05
 2.73711E-01  6.07044E-01  5.94257E-02  1.00000E+00  1.00000E+00  6.00546E-05
 2.73711E-01  6.40377E-01  3.50088E-02  1.00000E+00  1.00000E+00  6.00546E-05
 2.73711E-01  6.73711E-01  1.92108E-02  1.00000E+00  1.00000E+00  6.00546E-05
 2.73711E-01  7.07044E-01  1.03714E-02  1.00000E+00  1.00000E+00  6.00546E-05
 2.73711E-01  7.40377E-01  8.35147E-03  1.00000E+00  1.00000E+00  6.00546E-05
 2.73711E-01  7.73711E-01  1.31546E-02  1.00000E+00  1.00000E+00  6.00546E-05
 2.73711E-01  8.07044E-01  2.45832E-02  1.00000E+00  1.00000E+00  6.00546E-05
 2.73711E-01  8.40377E-01  4.33969E-02  1.00000E+00  1.00000E+00  6.00546E-05
 2.73711E-01  8.73711E-01  7.20823E-02  1.00000E+00  1.00000E+00  6.00546E-05
 2.73711E-01  9.07044E-01  1.14167E-01  1.00000E+00  1.00000E+00  6.00546E-05
 2.73711E-01  9.40377E-01  1.72931E-01  1.00000E+00  1.00000E+00  6.00546E-05
 2.73711E-01  9.73711E-01  2.50427E-01  1.00000E+00  1.00000E+00  6.00546E-05
 3.07044E-01  7.04416E-03  3.21534E-01  1.00000E+00  1.00000E+00  6.00546E-05
 3.07044E-01  4.03775E-02  4.25600E-01  1.00000E+00  1.00000E+00  6.00546E-05
 3.07044E-01  7.37108E-02  5.38717E-01  1.00000E+00  1.00000E+00  6.00546E-05
 3.07044E-01  1.07044E-01  6.52151E-01  1.00000E+00  1.00000E+00  6.00546E-05
 3.07044E-01  1.40377E-01  7.55101E-01  1.00000E+00  1.00000E+00  6.00546E-05
 3.07044E-01  1.73711E-01  8.36297E-01  1.00000E+00  1.00000E+00  6.00546E-05
 3.07044E-01  2.07044E-01  8.86010E-01  1.00000E+00  1.00000E+00  6.00546E-05
 3.07044E-01  2.40377E-01  8.97951E-01  1.00000E+00  1.00000E+00  6.00546E-05
 3.07044E-01  2.73711E-01  8.70576E-01  1.00000E+00  1.00000E+00  6.00546E-05
 3.07044E-01  3.07044E-01  8.07414E-01  1.00000E+00  1.00000E+00  6.00546E-05
 3.07044E-01  3.40377E-01  7.16322E-01  1.00000E+00  1.00000E+00  6.00546E-05
 3.07044E-01  3.73711E-01  6.07881E-01  1.00000E+00  1.00000E+00  6.00546E-05
 3.07044E-01  4.07044E-01  4.93394E-01  1.00000E+00  1.00000E+00  6.00546E-05
 3.07044E-01  4.40377E-01  3.82998E-01  1.00000E+00  1.00000E+00  6.00546E-05
 3.07044E-01  4.73711E-01  2.84298E-01  1.00000E+00  1.00000E+00  6.00546E-05
 3.07044E-01  5.07044E-01  2.01760E-01  1.00000E+00  1.00000E+00  6.00546E-05
 3.07044E-01  5.40377E-01  1.36871E-01  1.00000E+00  1.00000E+00  6.00546E-05
 3.07044E-01  5.73711E-01  8.88033E-02  1.00000E+00  1.00000E+00  6.00546E-05
 3.07044E-01  6.07044E-01  5.51152E-02  1.00000E+00  1.00000E+00  6.00546E-05
 3.07044E-01  6.40377E-01  3.24700E-02  1.00000E+00  1.00000E+00  6.00546E-05
 3.07044E-01  6.73711E-01  1.78173E-02  1.00000E+00  1.00000E+00  6.00546E-05
 3.07044E-01  7.07044E-01  9.61839E-03  1.00000E+00  1.00000E+00  6.00546E-05
 3.07044E-01  7.40377E-01  7.74579E-03  1.00000E+00  1.00000E+00  6.00546E-05
 3.07044E-01  7.73711E-01  1.22013E-02  1.00000E+00  1.00000E+00  6.00546E-05
 3.07044E-01  8.07044E-01  2.28004E-02  1.00000E+00  1.00000E+00  6.00546E-05
 3.07044E-01  8.40377E-01  4.02486E-02  1.00000E+00  1.00000E+00  6.00546E-05
 3.07044E-01  8.73711E-01  6.68528E-02  1.00000E+00  1.00000E+00  6.00546E-05
 3.07044E-01  9.07044E-01  1.05884E-01  1.00000E+00  1.00000E+00  6.00546E-05
 3.07044E-01  9.40377E-01  1.60385E-01  1.00000E+00  1.00000E+00  6.00546E-05
 3.07044E-01  9.73711E-01  2.32259E-01  1.00000E+00  1.00000E+00  6.00546E-05
 3.40377E-01  7.04416E-03  2.85259E-01  1.00000E+00  1.00000E+00  6.00546E-05
 3.40377E-01  4.03775E-02  3.77584E-01  1.00000E+00  1.00000E+00  6.00546E-05
 3.40377E-01  7.37108E-02  4.77939E-01  1.00000E+00  1.00000E+00  6.00546E-05
 3.40377E-01  1.07044E-01  5.78576E-01  1.00000E+00  1.00000E+00  6.00546E-05
 3.40377E-01  1.40377E-01  6.69910E-01  1.00000E+00  1.00000E+00  6.00546E-05
 3.40377E-01  1.73711E-01  7.41946E-01  1.00000E+00  1.00000E+00  6.00546E-05
 3.40377E-01  2.07044E-01  7.86051E-01  1.00000E+00  1.00000E+00  6.00546E-05
 3.40377E-01  2.40377E-01  7.96644E-01  1.00000E+00  1.00000E+00  6.00546E-05
 3.40377E-01  2.73711E-01  7.72357E-01  1.00000E+00  1.00000E+00  6.00546E-05
 3.40377E-01  3.07044E-01  7.16322E-01  1.00000E+00  1.00000E+00  6.00546E-05
 3.40377E-01  3.40377E-01  6.35506E-01  1.00000E+00  1.00000E+00  6.00546E-05
 3.40377E-01  3.73711E-01  5.39300E-01  1.00000E+00  1.00000E+00  6.00546E-05
 3.40377E-01  4.07044E-01  4.37730E-01  1.00000E+00  1.00000E+00  6.00546E-05
 3.40377E-01  4.40377E-01  3.39789E-01  1.00000E+00  1.00000E+00  6.00546E-05
 3.40377E-01  4.73711E-01  2.52224E-01  1.00000E+00  1.00000E+00  6.00546E-05
 3.40377E-01  5.07044E-01  1.78998E-01  1.00000E+00  1.00000E+00  6.00546E-05
 3.40377E-01  5.40377E-01  1.21429E-01  1.00000E+00  1.00000E+00  6.00546E-05
 3.40377E-01  5.73711E-01  7.87849E-02  1.00000E+00  1.00000E+00  6.00546E-05
 3.40377E-01  6.07044E-01  4.88983E-02  1.00000E+00  1.00000E+00  6.00546E-05
 3.40377E-01  6.40377E-01  2.88085E-02  1.00000E+00  1.00000E+00  6.00546E-05
 3.40377E-01  6.73711E-01  1.58075E-02  1.00000E+00  1.00000E+00  6.00546E-05
 3.40377E-01  7.07044E-01  8.53241E-03  1.00000E+00  1.00000E+00  6.00546E-05
 3.40377E-01  7.40377E-01  6.87227E-03  1.00000E+00  1.00000E+00  6.00546E-05
 3.40377E-01  7.73711E-01  1.08264E-02  1.00000E+00  1.00000E+00  6.00546E-05
 3.40377E-01  8.07044E-01  2.02292E-02  1.00000E+00  1.00000E+00  6.00546E-05
 3.40377E-01  8.40377E-01  3.57082E-02  1.00000E+00  1.00000E+00  6.00546E-05
 3.40377E-01  8.73711E-01  5.93108E-02  1.00000E+00  1.00000E+00  6.00546E-05
 3.40377E-01  9.07044E-01  9.39387E-02  1.00000E+00  1.00000E+00  6.00546E-05
 3.40377E-01  9.40377E-01  1.42290E-01  1.00000E+00  1.00000E+00  6.00546E-05
 3.40377E-01  9.73711E-01  2.06056E-01  1.00000E+00  1.00000E+00  6.00546E-05
 3.73711E-01  7.04416E-03  2.42075E-01  1.00000E+00  1.00000E+00  6.00546E-05
 3.73711E-01  4.03775E-02  3.20424E-01  1.00000E+00  1.00000E+00  6.00546E-05
 3.73711E-01  7.37108E-02  4.05586E-01  1.00000E+00  1.00000E+00  6.00546E-05
 3.73711E-01  1.07044E-01  4.90988E-01  1.00000E+00  1.00000E+00  6.00546E-05
 3.73711E-01  1.40377E-01  5.68495E-01  1.00000E+00  1.00000E+00  6.00546E-05
 3.73711E-01  1.73711E-01  6.29626E-01  1.00000E+00  1.00000E+00  6.00546E-05
 3.73711E-01  2.07044E-01  6.67054E-01  1.00000E+00  1.00000E+00  6.00546E-05
 3.73711E-01  2.40377E-01  6.76043E-01  1.00000E+00  1.00000E+00  6.00546E-05
 3.73711E-01  2.73711E-01  6.55433E-01  1.00000E+00  1.00000E+00  6.00546E-05
 3.73711E-01  3.07044E-01  6.07881E-01  1.00000E+00  1.00000E+00  6.00546E-05
 3.73711E-01  3.40377E-01  5.39300E-01  1.00000E+00  1.00000E+00  6.00546E-05
 3.73711E-01  3.73711E-01  4.57658E-01  1.00000E+00  1.00000E+00  6.00546E-05
 3.73711E-01  4.07044E-01  3.71464E-01  1.00000E+00  1.00000E+00  6.00546E-05
 3.73711E-01  4.40377E-01  2.88350E-01  1.00000E+00  1.00000E+00  6.00546E-05
 3.73711E-01  4.73711E-01  2.14042E-01  1.00000E+00  1.00000E+00  6.00546E-05
 3.73711E-01  5.07044E-01  1.51901E-01  1.00000E+00  1.00000E+00  6.00546E-05
 3.73711E-01  5.40377E-01  1.03047E-01  1.00000E+00  1.00000E+00  6.00546E-05
 3.73711E-01  5.73711E-01  6.68584E-02  1.00000E+00  1.00000E+00  6.00546E-05
 3.73711E-01  6.07044E-01  4.14974E-02  1.00000E+00  1.00000E+00  6.00546E-05
 3.73711E-01  6.40377E-01  2.44494E-02  1.00000E+00  1.00000E+00  6.00546E-05
 3.73711E-01  6.73711E-01  1.34150E-02  1.00000E+00  1.00000E+00  6.00546E-05
 3.73711E-01  7.07044E-01  7.23971E-03  1.00000E+00  1.00000E+00  6.00546E-05
 3.73711E-01  7.40377E-01  5.83237E-03  1.00000E+00  1.00000E+00  6.00546E-05
 3.73711E-01  7.73711E-01  9.18942E-03  1.00000E+00  1.00000E+00  6.00546E-05
 3.73711E-01  8.07044E-01  1.71681E-02  1.00000E+00  1.00000E+00  6.00546E-05
 3.73711E-01  8.40377E-01  3.03029E-02  1.00000E+00  1.00000E+00  6.00546E-05
 3.73711E-01  8.73711E-01  5.03324E-02  1.00000E+00  1.00000E+00  6.00546E-05
 3.73711E-01  9.07044E-01  7.97183E-02  1.00000E+00  1.00000E+00  6.00546E-05
 3.73711E-01  9.40377E-01  1.20750E-01  1.00000E+00  1.00000E+00  6.00546E-05
 3.73711E-01  9.73711E-01  1.74862E-01  1.00000E+00  1.00000E+00  6.00546E-05
 4.07044E-01  7.04416E-03  1.96484E-01  1.00000E+00  1.00000E+00  6.00546E-05
 4.07044E-01  4.03775E-02  2.60076E-01  1.00000E+00  1.00000E+00  6.00546E-05
 4.07044E-01  7.37108E-02  3.29199E-01  1.00000E+00  1.00000E+00  6.00546E-05
 4.07044E-01  1.07044E-01  3.98517E-01  1.00000E+00  1.00000E+00  6.00546E-05
 4.07044E-01  1.40377E-01  4.61427E-01  1.00000E+00  1.00000E+00  6.00546E-05
 4.07044E-01  1.73711E-01  5.11044E-01  1.00000E+00  1.00000E+00  6.00546E-05
 4.07044E-01  2.07044E-01  5.41423E-01  1.00000E+00  1.00000E+00  6.00546E-05
 4.07044E-01  2.40377E-01  5.48720E-01  1.00000E+00  1.00000E+00  6.00546E-05
 4.07044E-01  2.73711E-01  5.31991E-01  1.00000E+00  1.00000E+00  6.00546E-05
 4.07044E-01  3.07044E-01  4.93394E-01  1.00000E+00  1.00000E+00  6.00546E-05
 4.07044E-01  3.40377E-01  4.37730E-01  1.00000E+00  1.00000E+00  6.00546E-05
 4.07044E-01  3.73711E-01  3.71464E-01  1.00000E+00  1.00000E+00  6.00546E-05
 4.07044E-01  4.07044E-01  3.01504E-01  1.00000E+00  1.00000E+00  6.00546E-05
 4.07044E-01  4.40377E-01  2.34043E-01  1.00000E+00  1.00000E+00  6.00546E-05
 4.07044E-01  4.73711E-01  1.73730E-01  1.00000E+00  1.00000E+00  6.00546E-05
 4.07044E-01  5.07044E-01  1.23293E-01  1.00000E+00  1.00000E+00  6.00546E-05
 4.07044E-01  5.40377E-01  8.36399E-02  1.00000E+00  1.00000E+00  6.00546E-05
 4.07044E-01  5.73711E-01  5.42671E-02  1.00000E+00  1.00000E+00  6.00546E-05
 4.07044E-01  6.07044E-01  3.36837E-02  1.00000E+00  1.00000E+00  6.00546E-05
 4.07044E-01  6.40377E-01  1.98470E-02  1.00000E+00  1.00000E+00  6.00546E-05
 4.07044E-01  6.73711E-01  1.08890E-02  1.00000E+00  1.00000E+00  6.00546E-05
 4.07044E-01  7.07044E-01  5.87507E-03  1.00000E+00  1.00000E+00  6.00546E-05
 4.07044E-01  7.40377E-01  4.73444E-03  1.00000E+00  1.00000E+00  6.00546E-05
 4.07044E-01  7.73711E-01  7.46093E-03  1.00000E+00  1.00000E+00  6.00546E-05
 4.07044E-01  8.07044E-01  1.39363E-02  1.00000E+00  1.00000E+00  6.00546E-05
 4.07044E-01  8.40377E-01  2.45963E-02  1.00000E+00  1.00000E+00  6.00546E-05
 4.07044E-01  8.73711E-01  4.08534E-02  1.00000E+00  1.00000E+00  6.00546E-05
 4.07044E-01  9.07044E-01  6.47051E-02  1.00000E+00  1.00000E+00  6.00546E-05
 4.07044E-01  9.40377E-01  9.80092E-02  1.00000E+00  1.00000E+00  6.00546E-05
 4.07044E-01  9.73711E-01  1.41930E-01  1.00000E+00  1.00000E+00  6.00546E-05
 4.40377E-01  7.04416E-03  1.52521E-01  1.00000E+00  1.00000E+00  6.00546E-05
 4.40377E-01  4.03775E-02  2.01885E-01  1.00000E+00  1.00000E+00  6.00546E-05
 4.40377E-01  7.37108E-02  2.55542E-01  1.00000E+00  1.00000E+00  6.00546E-05
 4.40377E-01  1.07044E-01  3.09349E-01  1.00000E+00  1.00000E+00  6.00546E-05
 4.40377E-01  1.40377E-01  3.58183E-01  1.00000E+00  1.00000E+00  6.00546E-05
 4.40377E-01  1.73711E-01  3.96699E-01  1.00000E+00  1.00000E+00  6.00546E-05
 4.40377E-01  2.07044E-01  4.20280E-01  1.00000E+00  1.00000E+00  6.00546E-05
 4.40377E-01  2.40377E-01  4.25944E-01  1.00000E+00  1.00000E+00  6.00546E-05
 4.40377E-01  2.73711E-01  4.12959E-01  1.00000E+00  1.00000E+00  6.00546E-05
 4.40377E-01  3.07044E-01  3.82998E-01  1.00000E+00  1.00000E+00  6.00546E-05
 4.40377E-01  3.40377E-01  3.39789E-01  1.00000E+00  1.00000E+00  6.00546E-05
 4.40377E-01  3.73711E-01  2.88350E-01  1.00000E+00  1.00000E+00  6.00546E-05
 4.40377E-01  4.07044E-01  2.34043E-01  1.00000E+00  1.00000E+00  6.00546E-05
 4.40377E-01  4.40377E-01  1.81677E-01  1.00000E+00  1.00000E+00  6.00546E-05
 4.40377E-01  4.73711E-01  1.34859E-01  1.00000E+00  1.00000E+00  6.00546E-05
 4.40377E-01  5.07044E-01  9.57071E-02  1.00000E+00  1.00000E+00  6.00546E-05
 4.40377E-01  5.40377E-01  6.49261E-02  1.00000E+00  1.00000E+00  6.00546E-05
 4.40377E-01  5.73711E-01  4.21256E-02  1.00000E+00  1.00000E+00  6.00546E-05
 4.40377E-01  6.07044E-01  2.61490E-02  1.00000E+00  1.00000E+00  6.00546E-05
 4.40377E-01  6.40377E-01  1.54088E-02  1.00000E+00  1.00000E+00  6.00546E-05
 4.40377E-01  6.73711E-01  8.45318E-03  1.00000E+00  1.00000E+00  6.00546E-05
 4.40377E-01  7.07044E-01  4.55942E-03  1.00000E+00  1.00000E+00  6.00546E-05
 4.40377E-01  7.40377E-01  3.67573E-03  1.00000E+00  1.00000E+00  6.00546E-05
 4.40377E-01  7.73711E-01  5.79393E-03  1.00000E+00  1.00000E+00  6.00546E-05
 4.40377E-01  8.07044E-01  1.08197E-02  1.00000E+00  1.00000E+00  6.00546E-05
 4.40377E-01  8.40377E-01  1.90936E-02  1.00000E+00  1.00000E+00  6.00546E-05
 4.40377E-01  8.73711E-01  3.17132E-02  1.00000E+00  1.00000E+00  6.00546E-05
 4.40377E-01  9.07044E-01  5.02283E-02  1.00000E+00  1.00000E+00  6.00546E-05
 4.40377E-01  9.40377E-01  7.60806E-02  1.00000E+00  1.00000E+00  6.00546E-05
 4.40377E-01  9.73711E-01  1.10174E-01  1.00000E+00  1.00000E+00  6.00546E-05
 4.73711E-01  7.04416E-03  1.13217E-01  1.00000E+00  1.00000E+00  6.00546E-05
 4.73711E-01  4.03775E-02  1.49859E-01  1.00000E+00  1.00000E+00  6.00546E-05
 4.73711E-01  7.37108E-02  1.89688E-01  1.00000E+00  1.00000E+00  6.00546E-05
 4.73711E-01  1.07044E-01  2.29629E-01  1.00000E+00  1.00000E+00  6.00546E-05
 4.73711E-01  1.40377E-01  2.65878E-01  1.00000E+00  1.00000E+00  6.00546E-05
 4.73711E-01  1.73711E-01  2.94468E-01  1.00000E+00  1.00000E+00  6.00546E-05
 4.73711E-01  2.07044E-01  3.11972E-01  1.00000E+00  1.00000E+00  6.00546E-05
 4.73711E-01  2.40377E-01  3.16177E-01  1.00000E+00  1.00000E+00  6.00546E-05
 4.73711E-01  2.73711E-01  3.06538E-01  1.00000E+00  1.00000E+00  6.00546E-05
 4.73711E-01  3.07044E-01  2.84298E-01  1.00000E+00  1.00000E+00  6.00546E-05
 4.73711E-01  3.40377E-01  2.52224E-01  1.00000E+00  1.00000E+00  6.00546E-05
 4.73711E-01  3.73711E-01  2.14042E-01  1.00000E+00  1.00000E+00  6.00546E-05
 4.73711E-01  4.07044E-01  1.73730E-01  1.00000E+00  1.00000E+00  6.00546E-05
 4.73711E-01  4.40377E-01  1.34859E-01  1.00000E+00  1.00000E+00  6.00546E-05
 4.73711E-01  4.73711E-01  1.00107E-01  1.00000E+00  1.00000E+00  6.00546E-05
 4.73711E-01  5.07044E-01  7.10441E-02  1.00000E+00  1.00000E+00  6.00546E-05
 4.73711E-01  5.40377E-01  4.81952E-02  1.00000E+00  1.00000E+00  6.00546E-05
 4.73711E-01  5.73711E-01  3.12706E-02  1.00000E+00  1.00000E+00  6.00546E-05
 4.73711E-01  6.07044E-01  1.94125E-02  1.00000E+00  1.00000E+00  6.00546E-05
 4.73711E-01  6.40377E-01  1.14406E-02  1.00000E+00  1.00000E+00  6.00546E-05
 4.73711E-01  6.73711E-01  6.27555E-03  1.00000E+00  1.00000E+00  6.00546E-05
 4.73711E-01  7.07044E-01  3.38352E-03  1.00000E+00  1.00000E+00  6.00546E-05
 4.73711E-01  7.40377E-01  2.72924E-03  1.00000E+00  1.00000E+00  6.00546E-05
 4.73711E-01  7.73711E-01  4.30330E-03  1.00000E+00  1.00000E+00  6.00546E-05
 4.73711E-01  8.07044E-01  8.03326E-03  1.00000E+00  1.00000E+00  6.00546E-05
 4.73711E-01  8.40377E-01  1.41740E-02  1.00000E+00  1.00000E+00  6.00546E-05
 4.73711E-01  8.73711E-01  2.35414E-02  1.00000E+00  1.00000E+00  6.00546E-05
 4.73711E-01  9.07044E-01  3.72854E-02  1.00000E+00  1.00000E+00  6.00546E-05
 4.73711E-01  9.40377E-01  5.64754E-02  1.00000E+00  1.00000E+00  6.00546E-05
 4.73711E-01  9.73711E-01  8.17826E-02  1.00000E+00  1.00000E+00  6.00546E-05
 5.07044E-01  7.04416E-03  8.03480E-02  1.00000E+00  1.00000E+00  6.00546E-05
 5.07044E-01  4.03775E-02  1.06352E-01  1.00000E+00  1.00000E+00  6.00546E-05
 5.07044E-01  7.37108E-02  1.34618E-01  1.00000E+00  1.00000E+00  6.00546E-05
 5.07044E-01  1.07044E-01  1.62963E-01  1.00000E+00  1.00000E+00  6.00546E-05
 5.07044E-01  1.40377E-01  1.88688E-01  1.00000E+00  1.00000E+00  6.00546E-05
 5.07044E-01  1.73711E-01  2.08977E-01  1.00000E+00  1.00000E+00  6.00546E-05
 5.07044E-01  2.07044E-01  2.21400E-01  1.00000E+00  1.00000E+00  6.00546E-05
 5.07044E-01  2.40377E-01  2.24383E-01  1.00000E+00  1.00000E+00  6.00546E-05
 5.07044E-01  2.73711E-01  2.17543E-01  1.00000E+00  1.00000E+00  6.00546E-05
 5.07044E-01  3.07044E-01  2.01760E-01  1.00000E+00  1.00000E+00  6.00546E-05
 5.07044E-01  3.40377E-01  1.78998E-01  1.00000E+00  1.00000E+00  6.00546E-05
 5.07044E-01  3.73711E-01  1.51901E-01  1.00000E+00  1.00000E+00  6.00546E-05
 5.07044E-01  4.07044E-01  1.23293E-01  1.00000E+00  1.00000E+00  6.00546E-05
 5.07044E-01  4.40377E-01  9.57071E-02  1.00000E+00  1.00000E+00  6.00546E-05
 5.07044E-01  4.73711E-01  7.10441E-02  1.00000E+00  1.00000E+00  6.00546E-05
 5.07044E-01  5.07044E-01  5.04192E-02  1.00000E+00  1.00000E+00  6.00546E-05
 5.07044E-01  5.40377E-01  3.42035E-02  1.00000E+00  1.00000E+00  6.00546E-05
 5.07044E-01  5.73711E-01  2.21927E-02  1.00000E+00  1.00000E+00  6.00546E-05
 5.07044E-01  6.07044E-01  1.37785E-02  1.00000E+00  1.00000E+00  6.00546E-05
 5.07044E-01  6.40377E-01  8.12152E-03  1.00000E+00  1.00000E+00  6.00546E-05
 5.07044E-01  6.73711E-01  4.45418E-03  1.00000E+00  1.00000E+00  6.00546E-05
 5.07044E-01  7.07044E-01  2.40025E-03  1.00000E+00  1.00000E+00  6.00546E-05
 5.07044E-01  7.40377E-01  1.93752E-03  1.00000E+00  1.00000E+00  6.00546E-05
 5.07044E-01  7.73711E-01  3.05614E-03  1.00000E+00  1.00000E+00  6.00546E-05
 5.07044E-01  8.07044E-01  5.70255E-03  1.00000E+00  1.00000E+00  6.00546E-05
 5.07044E-01  8.40377E-01  1.00595E-02  1.00000E+00  1.00000E+00  6.00546E-05
 5.07044E-01  8.73711E-01  1.67074E-02  1.00000E+00  1.00000E+00  6.00546E-05
 5.07044E-01  9.07044E-01  2.64614E-02  1.00000E+00  1.00000E+00  6.00546E-05
 5.07044E-01  9.40377E-01  4.00801E-02  1.00000E+00  1.00000E+00  6.00546E-05
 5.07044E-01  9.73711E-01  5.80399E-02  1.00000E+00  1.00000E+00  6.00546E-05
 5.40377E-01  7.04416E-03  5.45066E-02  1.00000E+00  1.00000E+00  6.00546E-05
 5.40377E-01  4.03775E-02  7.21474E-02  1.00000E+00  1.00000E+00  6.00546E-05
 5.40377E-01  7.37108E-02  9.13224E-02  1.00000E+00  1.00000E+00  6.00546E-05
 5.40377E-01  1.07044E-01  1.10551E-01  1.00000E+00  1.00000E+00  6.00546E-05
 5.40377E-01  1.40377E-01  1.28003E-01  1.00000E+00  1.00000E+00  6.00546E-05
 5.40377E-01  1.73711E-01  1.41767E-01  1.00000E+00  1.00000E+00  6.00546E-05
 5.40377E-01  2.07044E-01  1.50194E-01  1.00000E+00  1.00000E+00  6.00546E-05
 5.40377E-01  2.40377E-01  1.52218E-01  1.00000E+00  1.00000E+00  6.00546E-05
 5.40377E-01  2.73711E-01  1.47578E-01  1.00000E+00  1.00000E+00  6.00546E-05
 5.40377E-01  3.07044E-01  1.36871E-01  1.00000E+00  1.00000E+00  6.00546E-05
 5.40377E-01  3.40377E-01  1.21429E-01  1.00000E+00  1.00000E+00  6.00546E-05
 5.40377E-01  3.73711E-01  1.03047E-01  1.00000E+00  1.00000E+00  6.00546E-05
 5.40377E-01  4.07044E-01  8.36399E-02  1.00000E+00  1.00000E+00  6.00546E-05
 5.40377E-01  4.40377E-01  6.49261E-02  1.00000E+00  1.00000E+00  6.00546E-05
 5.40377E-01  4.73711E-01  4.81952E-02  1.00000E+00  1.00000E+00  6.00546E-05
 5.40377E-01  5.07044E-01  3.42035E-02  1.00000E+00  1.00000E+00  6.00546E-05
 5.40377E-01  5.40377E-01  2.32027E-02  1.00000E+00  1.00000E+00  6.00546E-05
 5.40377E-01  5.73711E-01  1.50550E-02  1.00000E+00  1.00000E+00  6.00546E-05
 5.40377E-01  6.07044E-01  9.34807E-03  1.00000E+00  1.00000E+00  6.00546E-05
 5.40377E-01  6.40377E-01  5.51106E-03  1.00000E+00  1.00000E+00  6.00546E-05
 5.40377E-01  6.73711E-01  3.02170E-03  1.00000E+00  1.00000E+00  6.00546E-05
 5.40377E-01  7.07044E-01  1.62712E-03  1.00000E+00  1.00000E+00  6.00546E-05
 5.40377E-01  7.40377E-01  1.31465E-03  1.00000E+00  1.00000E+00  6.00546E-05
 5.40377E-01  7.73711E-01  2.07478E-03  1.00000E+00  1.00000E+00  6.00546E-05
 5.40377E-01  8.07044E-01  3.86938E-03  1.00000E+00  1.00000E+00  6.00546E-05
 5.40377E-01  8.40377E-01  6.82417E-03  1.00000E+00  1.00000E+00  6.00546E-05
 5.40377E-01  8.73711E-01  1.13339E-02  1.00000E+00  1.00000E+00  6.00546E-05
 5.40377E-01  9.07044E-01  1.79509E-02  1.00000E+00  1.00000E+00  6.00546E-05
 5.40377E-01  9.40377E-01  2.71896E-02  1.00000E+00  1.00000E+00  6.00546E-05
 5.40377E-01  9.73711E-01  3.93731E-02  1.00000E+00  1.00000E+00  6.00546E-05
 5.73711E-01  7.04416E-03  3.53653E-02  1.00000E+00  1.00000E+00  6.00546E-05
 5.73711E-01  4.03775E-02  4.68108E-02  1.00000E+00  1.00000E+00  6.00546E-05
 5.73711E-01  7.37108E-02  5.92515E-02  1.00000E+00  1.00000E+00  6.00546E-05
 5.73711E-01  1.07044E-01  7.17272E-02  1.00000E+00  1.00000E+00  6.00546E-05
 5.73711E-01  1.40377E-01  8.30497E-02  1.00000E+00  1.00000E+00  6.00546E-05
 5.73711E-01  1.73711E-01  9.19798E-02  1.00000E+00  1.00000E+00  6.00546E-05
 5.73711E-01  2.07044E-01  9.74473E-02  1.00000E+00  1.00000E+00  6.00546E-05
 5.73711E-01  2.40377E-01  9.87606E-02  1.00000E+00  1.00000E+00  6.00546E-05
 5.73711E-01  2.73711E-01  9.57498E-02  1.00000E+00  1.00000E+00  6.00546E-05
 5.73711E-01  3.07044E-01  8.88033E-02  1.00000E+00  1.00000E+00  6.00546E-05
 5.73711E-01  3.40377E-01  7.87849E-02  1.00000E+00  1.00000E+00  6.00546E-05
 5.73711E-01  3.73711E-01  6.68584E-02  1.00000E+00  1.00000E+00  6.00546E-05
 5.73711E-01  4.07044E-01  5.42671E-02  1.00000E+00  1.00000E+00  6.00546E-05
 5.73711E-01  4.40377E-01  4.21256E-02  1.00000E+00  1.00000E+00  6.00546E-05
 5.73711E-01  4.73711E-01  3.12706E-02  1.00000E+00  1.00000E+00  6.00546E-05
 5.73711E-01  5.07044E-01  2.21927E-02  1.00000E+00  1.00000E+00  6.00546E-05
 5.73711E-01  5.40377E-01  1.50550E-02  1.00000E+00  1.00000E+00  6.00546E-05
 5.73711E-01  5.73711E-01  9.76873E-03  1.00000E+00  1.00000E+00  6.00546E-05
 5.73711E-01  6.07044E-01  6.06689E-03  1.00000E+00  1.00000E+00  6.00546E-05
 5.73711E-01  6.40377E-01  3.57769E-03  1.00000E+00  1.00000E+00  6.00546E-05
 5.73711E-01  6.73711E-01  1.96110E-03  1.00000E+00  1.00000E+00  6.00546E-05
 5.73711E-01  7.07044E-01  1.05516E-03  1.00000E+00  1.00000E+00  6.00546E-05
 5.73711E-01  7.40377E-01  8.53615E-04  1.00000E+00  1.00000E+00  6.00546E-05
 5.73711E-01  7.73711E-01  1.34793E-03  1.00000E+00  1.00000E+00  6.00546E-05
 5.73711E-01  8.07044E-01  2.51185E-03  1.00000E+00  1.00000E+00  6.00546E-05
 5.73711E-01  8.40377E-01  4.42836E-03  1.00000E+00  1.00000E+00  6.00546E-05
 5.73711E-01  8.73711E-01  7.35435E-03  1.00000E+00  1.00000E+00  6.00546E-05
 5.73711E-01  9.07044E-01  1.16478E-02  1.00000E+00  1.00000E+00  6.00546E-05
 5.73711E-01  9.40377E-01  1.76420E-02  1.00000E+00  1.00000E+00  6.00546E-05
 5.73711E-01  9.73711E-01  2.55467E-02  1.00000E+00  1.00000E+00  6.00546E-05
 6.07044E-01  7.04416E-03  2.19536E-02  1.00000E+00  1.00000E+00  6.00546E-05
 6.07044E-01  4.03775E-02  2.90565E-02  1.00000E+00  1.00000E+00  6.00546E-05
 6.07044E-01  7.37108E-02  3.67768E-02  1.00000E+00  1.00000E+00  6.00546E-05
 6.07044E-01  1.07044E-01  4.45187E-02  1.00000E+00  1.00000E+00  6.00546E-05
 6.07044E-01  1.40377E-01  5.15448E-02  1.00000E+00  1.00000E+00  6.00546E-05
 6.07044E-01  1.73711E-01  5.70863E-02  1.00000E+00  1.00000E+00  6.00546E-05
 6.07044E-01  2.07044E-01  6.04791E-02  1.00000E+00  1.00000E+00  6.00546E-05
 6.07044E-01  2.40377E-01  6.12940E-02  1.00000E+00  1.00000E+00  6.00546E-05
 6.07044E-01  2.73711E-01  5.94257E-02  1.00000E+00  1.00000E+00  6.00546E-05
 6.07044E-01  3.07044E-01  5.51152E-02  1.00000E+00  1.00000E+00  6.00546E-05
 6.07044E-01  3.40377E-01  4.88983E-02  1.00000E+00  1.00000E+00  6.00546E-05
 6.07044E-01  3.73711E-01  4.14974E-02  1.00000E+00  1.00000E+00  6.00546E-05
 6.07044E-01  4.07044E-01  3.36837E-02  1.00000E+00  1.00000E+00  6.00546E-05
 6.07044E-01  4.40377E-01  2.61490E-02  1.00000E+00  1.00000E+00  6.00546E-05
 6.07044E-01  4.73711E-01  1.94125E-02  1.00000E+00  1.00000E+00  6.00546E-05
 6.07044E-01  5.07044E-01  1.37785E-02  1.00000E+00  1.00000E+00  6.00546E-05
 6.07044E-01  5.40377E-01  9.34807E-03  1.00000E+00  1.00000E+00  6.00546E-05
 6.07044E-01  5.73711E-01  6.06689E-03  1.00000E+00  1.00000E+00  6.00546E-05
 6.07044E-01  6.07044E-01  3.76962E-03  1.00000E+00  1.00000E+00  6.00546E-05
 6.07044E-01  6.40377E-01  2.22440E-03  1.00000E+00  1.00000E+00  6.00546E-05
 6.07044E-01  6.73711E-01  1.21931E-03  1.00000E+00  1.00000E+00  6.00546E-05
 6.07044E-01  7.07044E-01  6.55739E-04  1.00000E+00  1.00000E+00  6.00546E-05
 6.07044E-01  7.40377E-01  5.31518E-04  1.00000E+00  1.00000E+00  6.00546E-05
 6.07044E-01  7.73711E-01  8.39449E-04  1.00000E+00  1.00000E+00  6.00546E-05
 6.07044E-01  8.07044E-01  1.56197E-03  1.00000E+00  1.00000E+00  6.00546E-05
 6.07044E-01  8.40377E-01  2.75152E-03  1.00000E+00  1.00000E+00  6.00546E-05
 6.07044E-01  8.73711E-01  4.56809E-03  1.00000E+00  1.00000E+00  6.00546E-05
 6.07044E-01  9.07044E-01  7.23341E-03  1.00000E+00  1.00000E+00  6.00546E-05
 6.07044E-01  9.40377E-01  1.09540E-02  1.00000E+00  1.00000E+00  6.00546E-05
 6.07044E-01  9.73711E-01  1.58600E-02  1.00000E+00  1.00000E+00  6.00546E-05
 6.40377E-01  7.04416E-03  1.29374E-02  1.00000E+00  1.00000E+00  6.00546E-05
 6.40377E-01  4.03775E-02  1.71214E-02  1.00000E+00  1.00000E+00  6.00546E-05
 6.40377E-01  7.37108E-02  2.16689E-02  1.00000E+00  1.00000E+00  6.00546E-05
 6.40377E-01  1.07044E-01  2.62288E-02  1.00000E+00  1.00000E+00  6.00546E-05
 6.40377E-01  1.40377E-01  3.03671E-02  1.00000E+00  1.00000E+00  6.00546E-05
 6.40377E-01  1.73711E-01  3.36310E-02  1.00000E+00  1.00000E+00  6.00546E-05
 6.40377E-01  2.07044E-01  3.56292E-02  1.00000E+00  1.00000E+00  6.00546E-05
 6.40377E-01  2.40377E-01  3.61092E-02  1.00000E+00  1.00000E+00  6.00546E-05
 6.40377E-01  2.73711E-01  3.50088E-02  1.00000E+00  1.00000E+00  6.00546E-05
 6.40377E-01  3.07044E-01  3.24700E-02  1.00000E+00  1.00000E+00  6.00546E-05
 6.40377E-01  3.40377E-01  2.88085E-02  1.00000E+00  1.00000E+00  6.00546E-05
 6.40377E-01  3.73711E-01  2.44494E-02  1.00000E+00  1.00000E+00  6.00546E-05
 6.40377E-01  4.07044E-01  1.98470E-02  1.00000E+00  1.00000E+00  6.00546E-05
 6.40377E-01  4.40377E-01  1.54088E-02  1.00000E+00  1.00000E+00  6.00546E-05
 6.40377E-01  4.73711E-01  1.14406E-02  1.00000E+00  1.00000E+00  6.00546E-05
 6.40377E-01  5.07044E-01  8.12152E-03  1.00000E+00  1.00000E+00  6.00546E-05
 6.40377E-01  5.40377E-01  5.51106E-03  1.00000E+00  1.00000E+00  6.00546E-05
 6.40377E-01  5.73711E-01  3.57769E-03  1.00000E+00  1.00000E+00  6.00546E-05
 6.40377E-01  6.07044E-01  2.22440E-03  1.00000E+00  1.00000E+00  6.00546E-05
 6.40377E-01  6.40377E-01  1.31370E-03  1.00000E+00  1.00000E+00  6.00546E-05
 6.40377E-01  6.73711E-01  7.20108E-04  1.00000E+00  1.00000E+00  6.00546E-05
 6.40377E-01  7.07044E-01  3.87061E-04  1.00000E+00  1.00000E+00  6.00546E-05
 6.40377E-01  7.40377E-01  3.14517E-04  1.00000E+00  1.00000E+00  6.00546E-05
 6.40377E-01  7.73711E-01  4.96810E-04  1.00000E+00  1.00000E+00  6.00546E-05
 6.40377E-01  8.07044E-01  9.22663E-04  1.00000E+00  1.00000E+00  6.00546E-05
 6.40377E-01  8.40377E-01  1.62365E-03  1.00000E+00  1.00000E+00  6.00546E-05
 6.40377E-01  8.73711E-01  2.69440E-03  1.00000E+00  1.00000E+00  6.00546E-05
 6.40377E-01  9.07044E-01  4.26519E-03  1.00000E+00  1.00000E+00  6.00546E-05
 6.40377E-01  9.40377E-01  6.45741E-03  1.00000E+00  1.00000E+00  6.00546E-05
 6.40377E-01  9.73711E-01  9.34775E-03  1.00000E+00  1.00000E+00  6.00546E-05
 6.73711E-01  7.04416E-03  7.09684E-03  1.00000E+00  1.00000E+00  6.00546E-05
 6.73711E-01  4.03775E-02  9.39303E-03  1.00000E+00  1.00000E+00  6.00546E-05
 6.73711E-01  7.37108E-02  1.18888E-02  1.00000E+00  1.00000E+00  6.00546E-05
 6.73711E-01  1.07044E-01  1.43916E-02  1.00000E+00  1.00000E+00  6.00546E-05
 6.73711E-01  1.40377E-01  1.66630E-02  1.00000E+00  1.00000E+00  6.00546E-05
 6.73711E-01  1.73711E-01  1.84545E-02  1.00000E+00  1.00000E+00  6.00546E-05
 6.73711E-01  2.07044E-01  1.95513E-02  1.00000E+00  1.00000E+00  6.00546E-05
 6.73711E-01  2.40377E-01  1.98148E-02  1.00000E+00  1.00000E+00  6.00546E-05
 6.73711E-01  2.73711E-01  1.92108E-02  1.00000E+00  1.00000E+00  6.00546E-05
 6.73711E-01  3.07044E-01  1.78173E-02  1.00000E+00  1.00000E+00  6.00546E-05
 6.73711E-01  3.40377E-01  1.58075E-02  1.00000E+00  1.00000E+00  6.00546E-05
 6.73711E-01  3.73711E-01  1.34150E-02  1.00000E+00  1.00000E+00  6.00546E-05
 6.73711E-01  4.07044E-01  1.08890E-02  1.00000E+00  1.00000E+00  6.00546E-05
 6.73711E-01  4.40377E-01  8.45318E-03  1.00000E+00  1.00000E+00  6.00546E-05
 6.73711E-01  4.73711E-01  6.27555E-03  1.00000E+00  1.00000E+00  6.00546E-05
 6.73711E-01  5.07044E-01  4.45418E-03  1.00000E+00  1.00000E+00  6.00546E-05
 6.73711E-01  5.40377E-01  3.02170E-03  1.00000E+00  1.00000E+00  6.00546E-05
 6.73711E-01  5.73711E-01  1.96110E-03  1.00000E+00  1.00000E+00  6.00546E-05
 6.73711E-01  6.07044E-01  1.21931E-03  1.00000E+00  1.00000E+00  6.00546E-05
 6.73711E-01  6.40377E-01  7.20108E-04  1.00000E+00  1.00000E+00  6.00546E-05
 6.73711E-01  6.73711E-01  3.94145E-04  1.00000E+00  1.00000E+00  6.00546E-05
 6.73711E-01  7.07044E-01  2.11329E-04  1.00000E+00  1.00000E+00  6.00546E-05
 6.73711E-01  7.40377E-01  1.72130E-04  1.00000E+00  1.00000E+00  6.00546E-05
 6.73711E-01  7.73711E-01  2.72367E-04  1.00000E+00  1.00000E+00  6.00546E-05
 6.73711E-01  8.07044E-01  5.05464E-04  1.00000E+00  1.00000E+00  6.00546E-05
 6.73711E-01  8.40377E-01  8.89445E-04  1.00000E+00  1.00000E+00  6.00546E-05
 6.73711E-01  8.73711E-01  1.47662E-03  1.00000E+00  1.00000E+00  6.00546E-05
 6.73711E-01  9.07044E-01  2.33832E-03  1.00000E+00  1.00000E+00  6.00546E-05
 6.73711E-01  9.40377E-01  3.54104E-03  1.00000E+00  1.00000E+00  6.00546E-05
 6.73711E-01  9.73711E-01  5.12697E-03  1.00000E+00  1.00000E+00  6.00546E-05
 7.07044E-01  7.04416E-03  3.82692E-03  1.00000E+00  1.00000E+00  6.00546E-05
 7.07044E-01  4.03775E-02  5.06701E-03  1.00000E+00  1.00000E+00  6.00546E-05
 7.07044E-01  7.37108E-02  6.41520E-03  1.00000E+00  1.00000E+00  6.00546E-05
 7.07044E-01  1.07044E-01  7.76737E-03  1.00000E+00  1.00000E+00  6.00546E-05
 7.07044E-01  1.40377E-01  8.99467E-03  1.00000E+00  1.00000E+00  6.00546E-05
 7.07044E-01  1.73711E-01  9.96273E-03  1.00000E+00  1.00000E+00  6.00546E-05
 7.07044E-01  2.07044E-01  1.05554E-02  1.00000E+00  1.00000E+00  6.00546E-05
 7.07044E-01  2.40377E-01  1.06978E-02  1.00000E+00  1.00000E+00  6.00546E-05
 7.07044E-01  2.73711E-01  1.03714E-02  1.00000E+00  1.00000E+00  6.00546E-05
 7.07044E-01  3.07044E-01  9.61839E-03  1.00000E+00  1.00000E+00  6.00546E-05
 7.07044E-01  3.40377E-01  8.53241E-03  1.00000E+00  1.00000E+00  6.00546E-05
 7.07044E-01  3.73711E-01  7.23971E-03  1.00000E+00  1.00000E+00  6.00546E-05
 7.07044E-01  4.07044E-01  5.87507E-03  1.00000E+00  1.00000E+00  6.00546E-05
 7.07044E-01  4.40377E-01  4.55942E-03  1.00000E+00  1.00000E+00  6.00546E-05
 7.07044E-01  4.73711E-01  3.38352E-03  1.00000E+00  1.00000E+00  6.00546E-05
 7.07044E-01  5.07044E-01  2.40025E-03  1.00000E+00  1.00000E+00  6.00546E-05
 7.07044E-01  5.40377E-01  1.62712E-03  1.00000E+00  1.00000E+00  6.00546E-05
 7.07044E-01  5.73711E-01  1.05516E-03  1.00000E+00  1.00000E+00  6.00546E-05
 7.07044E-01  6.07044E-01  6.55739E-04  1.00000E+00  1.00000E+00  6.00546E-05
 7.07044E-01  6.40377E-01  3.87061E-04  1.00000E+00  1.00000E+00  6.00546E-05
 7.07044E-01  6.73711E-01  2.11329E-04  1.00000E+00  1.00000E+00  6.00546E-05
 7.07044E-01  7.07044E-01  1.12940E-04  1.00000E+00  1.00000E+00  6.00546E-05
 7.07044E-01  7.40377E-01  9.22841E-05  1.00000E+00  1.00000E+00  6.00546E-05
 7.07044E-01  7.73711E-01  1.46333E-04  1.00000E+00  1.00000E+00  6.00546E-05
 7.07044E-01  8.07044E-01  2.71397E-04  1.00000E+00  1.00000E+00  6.00546E-05
 7.07044E-01  8.40377E-01  4.77775E-04  1.00000E+00  1.00000E+00  6.00546E-05
 7.07044E-01  8.73711E-01  7.94028E-04  1.00000E+00  1.00000E+00  6.00546E-05
 7.07044E-01  9.07044E-01  1.25861E-03  1.00000E+00  1.00000E+00  6.00546E-05
 7.07044E-01  9.40377E-01  1.90742E-03  1.00000E+00  1.00000E+00  6.00546E-05
 7.07044E-01  9.73711E-01  2.76336E-03  1.00000E+00  1.00000E+00  6.00546E-05
 7.40377E-01  7.04416E-03  3.08616E-03  1.00000E+00  1.00000E+00  6.00546E-05
 7.40377E-01  4.03775E-02  4.08422E-03  1.00000E+00  1.00000E+00  6.00546E-05
 7.40377E-01  7.37108E-02  5.16903E-03  1.00000E+00  1.00000E+00  6.00546E-05
 7.40377E-01  1.07044E-01  6.25685E-03  1.00000E+00  1.00000E+00  6.00546E-05
 7.40377E-01  1.40377E-01  7.24411E-03  1.00000E+00  1.00000E+00  6.00546E-05
 7.40377E-01  1.73711E-01  8.02275E-03  1.00000E+00  1.00000E+00  6.00546E-05
 7.40377E-01  2.07044E-01  8.49948E-03  1.00000E+00  1.00000E+00  6.00546E-05
 7.40377E-01  2.40377E-01  8.61398E-03  1.00000E+00  1.00000E+00  6.00546E-05
 7.40377E-01  2.73711E-01  8.35147E-03  1.00000E+00  1.00000E+00  6.00546E-05
 7.40377E-01  3.07044E-01  7.74579E-03  1.00000E+00  1.00000E+00  6.00546E-05
 7.40377E-01  3.40377E-01  6.87227E-03  1.00000E+00  1.00000E+00  6.00546E-05
 7.40377E-01  3.73711E-01  5.83237E-03  1.00000E+00  1.00000E+00  6.00546E-05
 7.40377E-01  4.07044E-01  4.73444E-03  1.00000E+00  1.00000E+00  6.00546E-05
 7.40377E-01  4.40377E-01  3.67573E-03  1.00000E+00  1.00000E+00  6.00546E-05
 7.40377E-01  4.73711E-01  2.72924E-03  1.00000E+00  1.00000E+00  6.00546E-05
 7.40377E-01  5.07044E-01  1.93752E-03  1.00000E+00  1.00000E+00  6.00546E-05
 7.40377E-01  5.40377E-01  1.31465E-03  1.00000E+00  1.00000E+00  6.00546E-05
 7.40377E-01  5.73711E-01  8.53615E-04  1.00000E+00  1.00000E+00  6.00546E-05
 7.40377E-01  6.07044E-01  5.31518E-04  1.00000E+00  1.00000E+00  6.00546E-05
 7.40377E-01  6.40377E-01  3.14517E-04  1.00000E+00  1.00000E+00  6.00546E-05
 7.40377E-01  6.73711E-01  1.72130E-04  1.00000E+00  1.00000E+00  6.00546E-05
 7.40377E-01  7.07044E-01  9.22841E-05  1.00000E+00  1.00000E+00  6.00546E-05
 7.40377E-01  7.40377E-01  7.56635E-05  1.00000E+00  1.00000E+00  6.00546E-05
 7.40377E-01  7.73711E-01  1.19614E-04  1.00000E+00  1.00000E+00  6.00546E-05
 7.40377E-01  8.07044E-01  2.20868E-04  1.00000E+00  1.00000E+00  6.00546E-05
 7.40377E-01  8.40377E-01  3.87664E-04  1.00000E+00  1.00000E+00  6.00546E-05
 7.40377E-01  8.73711E-01  6.42980E-04  1.00000E+00  1.00000E+00  6.00546E-05
 7.40377E-01  9.07044E-01  1.01767E-03  1.00000E+00  1.00000E+00  6.00546E-05
 7.40377E-01  9.40377E-01  1.54053E-03  1.00000E+00  1.00000E+00  6.00546E-05
 7.40377E-01  9.73711E-01  2.22991E-03  1.00000E+00  1.00000E+00  6.00546E-05
 7.73711E-01  7.04416E-03  4.86550E-03  1.00000E+00  1.00000E+00  6.00546E-05
 7.73711E-01  4.03775E-02  6.43717E-03  1.00000E+00  1.00000E+00  6.00546E-05
 7.73711E-01  7.37108E-02  8.14514E-03  1.00000E+00  1.00000E+00  6.00546E-05
 7.73711E-01  1.07044E-01  9.85764E-03  1.00000E+00  1.00000E+00  6.00546E-05
 7.73711E-01  1.40377E-01  1.14117E-02  1.00000E+00  1.00000E+00  6.00546E-05
 7.73711E-01  1.73711E-01  1.26373E-02  1.00000E+00  1.00000E+00  6.00546E-05
 7.73711E-01  2.07044E-01  1.33876E-02  1.00000E+00  1.00000E+00  6.00546E-05
 7.73711E-01  2.40377E-01  1.35678E-02  1.00000E+00  1.00000E+00  6.00546E-05
 7.73711E-01  2.73711E-01  1.31546E-02  1.00000E+00  1.00000E+00  6.00546E-05
 7.73711E-01  3.07044E-01  1.22013E-02  1.00000E+00  1.00000E+00  6.00546E-05
 7.73711E-01  3.40377E-01  1.08264E-02  1.00000E+00  1.00000E+00  6.00546E-05
 7.73711E-01  3.73711E-01  9.18942E-03  1.00000E+00  1.00000E+00  6.00546E-05
 7.73711E-01  4.07044E-01  7.46093E-03  1.00000E+00  1.00000E+00  6.00546E-05
 7.73711E-01  4.40377E-01  5.79393E-03  1.00000E+00  1.00000E+00  6.00546E-05
 7.73711E-01  4.73711E-01  4.30330E-03  1.00000E+00  1.00000E+00  6.00546E-05
 7.73711E-01  5.07044E-01  3.05614E-03  1.00000E+00  1.00000E+00  6.00546E-05
 7.73711E-01  5.40377E-01  2.07478E-03  1.00000E+00  1.00000E+00  6.00546E-05
 7.73711E-01  5.73711E-01  1.34793E-03  1.00000E+00  1.00000E+00  6.00546E-05
 7.73711E-01  6.07044E-01  8.39449E-04  1.00000E+00  1.00000E+00  6.00546E-05
 7.73711E-01  6.40377E-01  4.96810E-04  1.00000E+00  1.00000E+00  6.00546E-05
 7.73711E-01  6.73711E-01  2.72367E-04  1.00000E+00  1.00000E+00  6.00546E-05
 7.73711E-01  7.07044E-01  1.46333E-04  1.00000E+00  1.00000E+00  6.00546E-05
 7.73711E-01  7.40377E-01  1.19614E-04  1.00000E+00  1.00000E+00  6.00546E-05
 7.73711E-01  7.73711E-01  1.88865E-04  1.00000E+00  1.00000E+00  6.00546E-05
 7.73711E-01  8.07044E-01  3.49125E-04  1.00000E+00  1.00000E+00  6.00546E-05
 7.73711E-01  8.40377E-01  6.12788E-04  1.00000E+00  1.00000E+00  6.00546E-05
 7.73711E-01  8.73711E-01  1.01571E-03  1.00000E+00  1.00000E+00  6.00546E-05
 7.73711E-01  9.07044E-01  1.60655E-03  1.00000E+00  1.00000E+00  6.00546E-05
 7.73711E-01  9.40377E-01  2.43066E-03  1.00000E+00  1.00000E+00  6.00546E-05
 7.73711E-01  9.73711E-01  3.51683E-03  1.00000E+00  1.00000E+00  6.00546E-05
 8.07044E-01  7.04416E-03  9.08424E-03  1.00000E+00  1.00000E+00  6.00546E-05
 8.07044E-01  4.03775E-02  1.20223E-02  1.00000E+00  1.00000E+00  6.00546E-05
 8.07044E-01  7.37108E-02  1.52156E-02  1.00000E+00  1.00000E+00  6.00546E-05
 8.07044E-01  1.07044E-01  1.84177E-02  1.00000E+00  1.00000E+00  6.00546E-05
 8.07044E-01  1.40377E-01  2.13237E-02  1.00000E+00  1.00000E+00  6.00546E-05
 8.07044E-01  1.73711E-01  2.36156E-02  1.00000E+00  1.00000E+00  6.00546E-05
 8.07044E-01  2.07044E-01  2.50188E-02  1.00000E+00  1.00000E+00  6.00546E-05
 8.07044E-01  2.40377E-01  2.53559E-02  1.00000E+00  1.00000E+00  6.00546E-05
 8.07044E-01  2.73711E-01  2.45832E-02  1.00000E+00  1.00000E+00  6.00546E-05
 8.07044E-01  3.07044E-01  2.28004E-02  1.00000E+00  1.00000E+00  6.00546E-05
 8.07044E-01  3.40377E-01  2.02292E-02  1.00000E+00  1.00000E+00  6.00546E-05
 8.07044E-01  3.73711E-01  1.71681E-02  1.00000E+00  1.00000E+00  6.00546E-05
 8.07044E-01  4.07044E-01  1.39363E-02  1.00000E+00  1.00000E+00  6.00546E-05
 8.07044E-01  4.40377E-01  1.08197E-02  1.00000E+00  1.00000E+00  6.00546E-05
 8.07044E-01  4.73711E-01  8.03326E-03  1.00000E+00  1.00000E+00  6.00546E-05
 8.07044E-01  5.07044E-01  5.70255E-03  1.00000E+00  1.00000E+00  6.00546E-05
 8.07044E-01  5.40377E-01  3.86938E-03  1.00000E+00  1.00000E+00  6.00546E-05
 8.07044E-01  5.73711E-01  2.51185E-03  1.00000E+00  1.00000E+00  6.00546E-05
 8.07044E-01  6.07044E-01  1.56197E-03  1.00000E+00  1.00000E+00  6.00546E-05
 8.07044E-01  6.40377E-01  9.22663E-04  1.00000E+00  1.00000E+00  6.00546E-05
 8.07044E-01  6.73711E-01  5.05464E-04  1.00000E+00  1.00000E+00  6.00546E-05
 8.07044E-01  7.07044E-01  2.71397E-04  1.00000E+00  1.00000E+00  6.00546E-05
 8.07044E-01  7.40377E-01  2.20868E-04  1.00000E+00  1.00000E+00  6.00546E-05
 8.07044E-01  7.73711E-01  3.49125E-04  1.00000E+00  1.00000E+00  6.00546E-05
 8.07044E-01  8.07044E-01  6.47903E-04  1.00000E+00  1.00000E+00  6.00546E-05
 8.07044E-01  8.40377E-01  1.13984E-03  1.00000E+00  1.00000E+00  6.00546E-05
 8.07044E-01  8.73711E-01  1.89164E-03  1.00000E+00  1.00000E+00  6.00546E-05
 8.07044E-01  9.07044E-01  2.99465E-03  1.00000E+00  1.00000E+00  6.00546E-05
 8.07044E-01  9.40377E-01  4.53398E-03  1.00000E+00  1.00000E+00  6.00546E-05
 8.07044E-01  9.73711E-01  6.56355E-03  1.00000E+00  1.00000E+00  6.00546E-05
 8.40377E-01  7.04416E-03  1.60296E-02  1.00000E+00  1.00000E+00  6.00546E-05
 8.40377E-01  4.03775E-02  2.12169E-02  1.00000E+00  1.00000E+00  6.00546E-05
 8.40377E-01  7.37108E-02  2.68553E-02  1.00000E+00  1.00000E+00  6.00546E-05
 8.40377E-01  1.07044E-01  3.25095E-02  1.00000E+00  1.00000E+00  6.00546E-05
 8.40377E-01  1.40377E-01  3.76410E-02  1.00000E+00  1.00000E+00  6.00546E-05
 8.40377E-01  1.73711E-01  4.16883E-02  1.00000E+00  1.00000E+00  6.00546E-05
 8.40377E-01  2.07044E-01  4.41662E-02  1.00000E+00  1.00000E+00  6.00546E-05
 8.40377E-01  2.40377E-01  4.47614E-02  1.00000E+00  1.00000E+00  6.00546E-05
 8.40377E-01  2.73711E-01  4.33969E-02  1.00000E+00  1.00000E+00  6.00546E-05
 8.40377E-01  3.07044E-01  4.02486E-02  1.00000E+00  1.00000E+00  6.00546E-05
 8.40377E-01  3.40377E-01  3.57082E-02  1.00000E+00  1.00000E+00  6.00546E-05
 8.40377E-01  3.73711E-01  3.03029E-02  1.00000E+00  1.00000E+00  6.00546E-05
 8.40377E-01  4.07044E-01  2.45963E-02  1.00000E+00  1.00000E+00  6.00546E-05
 8.40377E-01  4.40377E-01  1.90936E-02  1.00000E+00  1.00000E+00  6.00546E-05
 8.40377E-01  4.73711E-01  1.41740E-02  1.00000E+00  1.00000E+00  6.00546E-05
 8.40377E-01  5.07044E-01  1.00595E-02  1.00000E+00  1.00000E+00  6.00546E-05
 8.40377E-01  5.40377E-01  6.82417E-03  1.00000E+00  1.00000E+00  6.00546E-05
 8.40377E-01  5.73711E-01  4.42836E-03  1.00000E+00  1.00000E+00  6.00546E-05
 8.40377E-01  6.07044E-01  2.75152E-03  1.00000E+00  1.00000E+00  6.00546E-05
 8.40377E-01  6.40377E-01  1.62365E-03  1.00000E+00  1.00000E+00  6.00546E-05
 8.40377E-01  6.73711E-01  8.89445E-04  1.00000E+00  1.00000E+00  6.00546E-05
 8.40377E-01  7.07044E-01  4.77775E-04  1.00000E+00  1.00000E+00  6.00546E-05
 8.40377E-01  7.40377E-01  3.87664E-04  1.00000E+00  1.00000E+00  6.00546E-05
 8.40377E-01  7.73711E-01  6.12788E-04  1.00000E+00  1.00000E+00  6.00546E-05
 8.40377E-01  8.07044E-01  1.13984E-03  1.00000E+00  1.00000E+00  6.00546E-05
 8.40377E-01  8.40377E-01  2.00785E-03  1.00000E+00  1.00000E+00  6.00546E-05
 8.40377E-01  8.73711E-01  3.33404E-03  1.00000E+00  1.00000E+00  6.00546E-05
 8.40377E-01  9.07044E-01  5.28018E-03  1.00000E+00  1.00000E+00  6.00546E-05
 8.40377E-01  9.40377E-01  7.99695E-03  1.00000E+00  1.00000E+00  6.00546E-05
 8.40377E-01  9.73711E-01  1.15796E-02  1.00000E+00  1.00000E+00  6.00546E-05
 8.73711E-01  7.04416E-03  2.66239E-02  1.00000E+00  1.00000E+00  6.00546E-05
 8.73711E-01  4.03775E-02  3.52402E-02  1.00000E+00  1.00000E+00  6.00546E-05
 8.73711E-01  7.37108E-02  4.46057E-02  1.00000E+00  1.00000E+00  6.00546E-05
 8.73711E-01  1.07044E-01  5.39976E-02  1.00000E+00  1.00000E+00  6.00546E-05
 8.73711E-01  1.40377E-01  6.25214E-02  1.00000E+00  1.00000E+00  6.00546E-05
 8.73711E-01  1.73711E-01  6.92441E-02  1.00000E+00  1.00000E+00  6.00546E-05
 8.73711E-01  2.07044E-01  7.33602E-02  1.00000E+00  1.00000E+00  6.00546E-05
 8.73711E-01  2.40377E-01  7.43488E-02  1.00000E+00  1.00000E+00  6.00546E-05
 8.73711E-01  2.73711E-01  7.20823E-02  1.00000E+00  1.00000E+00  6.00546E-05
 8.73711E-01  3.07044E-01  6.68528E-02  1.00000E+00  1.00000E+00  6.00546E-05
 8.73711E-01  3.40377E-01  5.93108E-02  1.00000E+00  1.00000E+00  6.00546E-05
 8.73711E-01  3.73711E-01  5.03324E-02  1.00000E+00  1.00000E+00  6.00546E-05
 8.73711E-01  4.07044E-01  4.08534E-02  1.00000E+00  1.00000E+00  6.00546E-05
 8.73711E-01  4.40377E-01  3.17132E-02  1.00000E+00  1.00000E+00  6.00546E-05
 8.73711E-01  4.73711E-01  2.35414E-02  1.00000E+00  1.00000E+00  6.00546E-05
 8.73711E-01  5.07044E-01  1.67074E-02  1.00000E+00  1.00000E+00  6.00546E-05
 8.73711E-01  5.40377E-01  1.13339E-02  1.00000E+00  1.00000E+00  6.00546E-05
 8.73711E-01  5.73711E-01  7.35435E-03  1.00000E+00  1.00000E+00  6.00546E-05
 8.73711E-01  6.07044E-01  4.56809E-03  1.00000E+00  1.00000E+00  6.00546E-05
 8.73711E-01  6.40377E-01  2.69440E-03  1.00000E+00  1.00000E+00  6.00546E-05
 8.73711E-01  6.73711E-01  1.47662E-03  1.00000E+00  1.00000E+00  6.00546E-05
 8.73711E-01  7.07044E-01  7.94028E-04  1.00000E+00  1.00000E+00  6.00546E-05
 8.73711E-01  7.40377E-01  6.42980E-04  1.00000E+00  1.00000E+00  6.00546E-05
 8.73711E-01  7.73711E-01  1.01571E-03  1.00000E+00  1.00000E+00  6.00546E-05
 8.73711E-01  8.07044E-01  1.89164E-03  1.00000E+00  1.00000E+00  6.00546E-05
 8.73711E-01  8.40377E-01  3.33404E-03  1.00000E+00  1.00000E+00  6.00546E-05
 8.73711E-01  8.73711E-01  5.53676E-03  1.00000E+00  1.00000E+00  6.00546E-05
 8.73711E-01  9.07044E-01  8.76901E-03  1.00000E+00  1.00000E+00  6.00546E-05
 8.73711E-01  9.40377E-01  1.32815E-02  1.00000E+00  1.00000E+00  6.00546E-05
 8.73711E-01  9.73711E-01  1.92323E-02  1.00000E+00  1.00000E+00  6.00546E-05
 9.07044E-01  7.04416E-03  4.21678E-02  1.00000E+00  1.00000E+00  6.00546E-05
 9.07044E-01  4.03775E-02  5.58146E-02  1.00000E+00  1.00000E+00  6.00546E-05
 9.07044E-01  7.37108E-02  7.06482E-02  1.00000E+00  1.00000E+00  6.00546E-05
 9.07044E-01  1.07044E-01  8.55235E-02  1.00000E+00  1.00000E+00  6.00546E-05
 9.07044E-01  1.40377E-01  9.90238E-02  1.00000E+00  1.00000E+00  6.00546E-05
 9.07044E-01  1.73711E-01  1.09672E-01  1.00000E+00  1.00000E+00  6.00546E-05
 9.07044E-01  2.07044E-01  1.16191E-01  1.00000E+00  1.00000E+00  6.00546E-05
 9.07044E-01  2.40377E-01  1.17757E-01  1.00000E+00  1.00000E+00  6.00546E-05
 9.07044E-01  2.73711E-01  1.14167E-01  1.00000E+00  1.00000E+00  6.00546E-05
 9.07044E-01  3.07044E-01  1.05884E-01  1.00000E+00  1.00000E+00  6.00546E-05
 9.07044E-01  3.40377E-01  9.39387E-02  1.00000E+00  1.00000E+00  6.00546E-05
 9.07044E-01  3.73711E-01  7.97183E-02  1.00000E+00  1.00000E+00  6.00546E-05
 9.07044E-01  4.07044E-01  6.47051E-02  1.00000E+00  1.00000E+00  6.00546E-05
 9.07044E-01  4.40377E-01  5.02283E-02  1.00000E+00  1.00000E+00  6.00546E-05
 9.07044E-01  4.73711E-01  3.72854E-02  1.00000E+00  1.00000E+00  6.00546E-05
 9.07044E-01  5.07044E-01  2.64614E-02  1.00000E+00  1.00000E+00  6.00546E-05
 9.07044E-01  5.40377E-01  1.79509E-02  1.00000E+00  1.00000E+00  6.00546E-05
 9.07044E-01  5.73711E-01  1.16478E-02  1.00000E+00  1.00000E+00  6.00546E-05
 9.07044E-01  6.07044E-01  7.23341E-03  1.00000E+00  1.00000E+00  6.00546E-05
 9.07044E-01  6.40377E-01  4.26519E-03  1.00000E+00  1.00000E+00  6.00546E-05
 9.07044E-01  6.73711E-01  2.33832E-03  1.00000E+00  1.00000E+00  6.00546E-05
 9.07044E-01  7.07044E-01  1.25861E-03  1.00000E+00  1.00000E+00  6.00546E-05
 9.07044E-01  7.40377E-01  1.01767E-03  1.00000E+00  1.00000E+00  6.00546E-05
 9.07044E-01  7.73711E-01  1.60655E-03  1.00000E+00  1.00000E+00  6.00546E-05
 9.07044E-01  8.07044E-01  2.99465E-03  1.00000E+00  1.00000E+00  6.00546E-05
 9.07044E-01  8.40377E-01  5.28018E-03  1.00000E+00  1.00000E+00  6.00546E-05
 9.07044E-01  8.73711E-01  8.76901E-03  1.00000E+00  1.00000E+00  6.00546E-05
 9.07044E-01  9.07044E-01  1.38882E-02  1.00000E+00  1.00000E+00  6.00546E-05
 9.07044E-01  9.40377E-01  2.10353E-02  1.00000E+00  1.00000E+00  6.00546E-05
 9.07044E-01  9.73711E-01  3.04606E-02  1.00000E+00  1.00000E+00  6.00546E-05
 9.40377E-01  7.04416E-03  6.38712E-02  1.00000E+00  1.00000E+00  6.00546E-05
 9.40377E-01  4.03775E-02  8.45426E-02  1.00000E+00  1.00000E+00  6.00546E-05
 9.40377E-01  7.37108E-02  1.07012E-01  1.00000E+00  1.00000E+00  6.00546E-05
 9.40377E-01  1.07044E-01  1.29544E-01  1.00000E+00  1.00000E+00  6.00546E-05
 9.40377E-01  1.40377E-01  1.49993E-01  1.00000E+00  1.00000E+00  6.00546E-05
 9.40377E-01  1.73711E-01  1.66122E-01  1.00000E+00  1.00000E+00  6.00546E-05
 9.40377E-01  2.07044E-01  1.75997E-01  1.00000E+00  1.00000E+00  6.00546E-05
 9.40377E-01  2.40377E-01  1.78368E-01  1.00000E+00  1.00000E+00  6.00546E-05
 9.40377E-01  2.73711E-01  1.72931E-01  1.00000E+00  1.00000E+00  6.00546E-05
 9.40377E-01  3.07044E-01  1.60385E-01  1.00000E+00  1.00000E+00  6.00546E-05
 9.40377E-01  3.40377E-01  1.42290E-01  1.00000E+00  1.00000E+00  6.00546E-05
 9.40377E-01  3.73711E-01  1.20750E-01  1.00000E+00  1.00000E+00  6.00546E-05
 9.40377E-01  4.07044E-01  9.80092E-02  1.00000E+00  1.00000E+00  6.00546E-05
 9.40377E-01  4.40377E-01  7.60806E-02  1.00000E+00  1.00000E+00  6.00546E-05
 9.40377E-01  4.73711E-01  5.64754E-02  1.00000E+00  1.00000E+00  6.00546E-05
 9.40377E-01  5.07044E-01  4.00801E-02  1.00000E+00  1.00000E+00  6.00546E-05
 9.40377E-01  5.40377E-01  2.71896E-02  1.00000E+00  1.00000E+00  6.00546E-05
 9.40377E-01  5.73711E-01  1.76420E-02  1.00000E+00  1.00000E+00  6.00546E-05
 9.40377E-01  6.07044E-01  1.09540E-02  1.00000E+00  1.00000E+00  6.00546E-05
 9.40377E-01  6.40377E-01  6.45741E-03  1.00000E+00  1.00000E+00  6.00546E-05
 9.40377E-01  6.73711E-01  3.54104E-03  1.00000E+00  1.00000E+00  6.00546E-05
 9.40377E-01  7.07044E-01  1.90742E-03  1.00000E+00  1.00000E+00  6.00546E-05
 9.40377E-01  7.40377E-01  1.54053E-03  1.00000E+00  1.00000E+00  6.00546E-05
 9.40377E-01  7.73711E-01  2.43066E-03  1.00000E+00  1.00000E+00  6.00546E-05
 9.40377E-01  8.07044E-01  4.53398E-03  1.00000E+00  1.00000E+00  6.00546E-05
 9.40377E-01  8.40377E-01  7.99695E-03  1.00000E+00  1.00000E+00  6.00546E-05
 9.40377E-01  8.73711E-01  1.32815E-02  1.00000E+00  1.00000E+00  6.00546E-05
 9.40377E-01  9.07044E-01  2.10353E-02  1.00000E+00  1.00000E+00  6.00546E-05
 9.40377E-01  9.40377E-01  3.18612E-02  1.00000E+00  1.00000E+00  6.00546E-05
 9.40377E-01  9.73711E-01  4.61379E-02  1.00000E+00  1.00000E+00  6.00546E-05
 9.73711E-01  7.04416E-03  9.24930E-02  1.00000E+00  1.00000E+00  6.00546E-05
 9.73711E-01  4.03775E-02  1.22428E-01  1.00000E+00  1.00000E+00  6.00546E-05
 9.73711E-01  7.37108E-02  1.54967E-01  1.00000E+00  1.00000E+00  6.00546E-05
 9.73711E-01  1.07044E-01  1.87597E-01  1.00000E+00  1.00000E+00  6.00546E-05
 9.73711E-01  1.40377E-01  2.17210E-01  1.00000E+00  1.00000E+00  6.00546E-05
 9.73711E-01  1.73711E-01  2.40567E-01  1.00000E+00  1.00000E+00  6.00546E-05
 9.73711E-01  2.07044E-01  2.54867E-01  1.00000E+00  1.00000E+00  6.00546E-05
 9.73711E-01  2.40377E-01  2.58302E-01  1.00000E+00  1.00000E+00  6.00546E-05
 9.73711E-01  2.73711E-01  2.50427E-01  1.00000E+00  1.00000E+00  6.00546E-05
 9.73711E-01  3.07044E-01  2.32259E-01  1.00000E+00  1.00000E+00  6.00546E-05
 9.73711E-01  3.40377E-01  2.06056E-01  1.00000E+00  1.00000E+00  6.00546E-05
 9.73711E-01  3.73711E-01  1.74862E-01  1.00000E+00  1.00000E+00  6.00546E-05
 9.73711E-01  4.07044E-01  1.41930E-01  1.00000E+00  1.00000E+00  6.00546E-05
 9.73711E-01  4.40377E-01  1.10174E-01  1.00000E+00  1.00000E+00  6.00546E-05
 9.73711E-01  4.73711E-01  8.17826E-02  1.00000E+00  1.00000E+00  6.00546E-05
 9.73711E-01  5.07044E-01  5.80399E-02  1.00000E+00  1.00000E+00  6.00546E-05
 9.73711E-01  5.40377E-01  3.93731E-02  1.00000E+00  1.00000E+00  6.00546E-05
 9.73711E-01  5.73711E-01  2.55467E-02  1.00000E+00  1.00000E+00  6.00546E-05
 9.73711E-01  6.07044E-01  1.58600E-02  1.00000E+00  1.00000E+00  6.00546E-05
 9.73711E-01  6.40377E-01  9.34775E-03  1.00000E+00  1.00000E+00  6.00546E-05
 9.73711E-01  6.73711E-01  5.12697E-03  1.00000E+00  1.00000E+00  6.00546E-05
 9.73711E-01  7.07044E-01  2.76336E-03  1.00000E+00  1.00000E+00  6.00546E-05
 9.73711E-01  7.40377E-01  2.22991E-03  1.00000E+00  1.00000E+00  6.00546E-05
 9.73711E-01  7.73711E-01  3.51683E-03  1.00000E+00  1.00000E+00  6.00546E-05
 9.73711E-01  8.07044E-01  6.56355E-03  1.00000E+00  1.00000E+00  6.00546E-05
 9.73711E-01  8.40377E-01  1.15796E-02  1.00000E+00  1.00000E+00  6.00546E-05
 9.73711E-01  8.73711E-01  1.92323E-02  1.00000E+00  1.00000E+00  6.00546E-05
 9.73711E-01  9.07044E-01  3.04606E-02  1.00000E+00  1.00000E+00  6.00546E-05
 9.73711E-01  9.40377E-01  4.61379E-02  1.00000E+00  1.00000E+00  6.00546E-05
 9.73711E-01  9.73711E-01  6.68127E-02  1.00000E+00  1.00000E+00  6.00546E-05
