 7.04416E-03  7.04416E-03  9.17839E-01  1.00000E+00  1.00000E+00  6.00551E-05
 7.04416E-03  4.03775E-02  9.55170E-01  1.00000E+00  1.00000E+00  6.00551E-05
 7.04416E-03  7.37108E-02  9.50844E-01  1.00000E+00  1.00000E+00  6.00551E-05
 7.04416E-03  1.07044E-01  9.05426E-01  1.00000E+00  1.00000E+00  6.00551E-05
 7.04416E-03  1.40377E-01  8.24718E-01  1.00000E+00  1.00000E+00  6.00551E-05
 7.04416E-03  1.73711E-01  7.18544E-01  1.00000E+00  1.00000E+00  6.00551E-05
 7.04416E-03  2.07044E-01  5.98793E-01  1.00000E+00  1.00000E+00  6.00551E-05
 7.04416E-03  2.40377E-01  4.77251E-01  1.00000E+00  1.00000E+00  6.00551E-05
 7.04416E-03  2.73711E-01  3.63774E-01  1.00000E+00  1.00000E+00  6.00551E-05
 7.04416E-03  3.07044E-01  2.65150E-01  1.00000E+00  1.00000E+00  6.00551E-05
 7.04416E-03  3.40377E-01  1.84775E-01  1.00000E+00  1.00000E+00  6.00551E-05
 7.04416E-03  3.73711E-01  1.23093E-01  1.00000E+00  1.00000E+00  6.00551E-05
 7.04416E-03  4.07044E-01  7.84542E-02  1.00000E+00  1.00000E+00  6.00551E-05
 7.04416E-03  4.40377E-01  4.78303E-02  1.00000E+00  1.00000E+00  6.00551E-05
 7.04416E-03  4.73711E-01  2.75474E-02  1.00000E+00  1.00000E+00  6.00551E-05
 7.04416E-03  5.07044E-01  1.47429E-02  1.00000E+00  1.00000E+00  6.00551E-05
 7.04416E-03  5.40377E-01  8.58030E-03  1.00000E+00  1.00000E+00  6.00551E-05
 7.04416E-03  5.73711E-01  9.35727E-03  1.00000E+00  1.00000E+00  6.00551E-05
 7.04416E-03  6.07044E-01  1.68792E-02  1.00000E+00  1.00000E+00  6.00551E-05
 7.04416E-03  6.40377E-01  3.09643E-02  1.00000E+00  1.00000E+00  6.00551E-05
 7.04416E-03  6.73711E-01  5.30427E-02  1.00000E+00  1.00000E+00  6.00551E-05
 7.04416E-03  7.07044E-01  8.62633E-02  1.00000E+00  1.00000E+00  6.00551E-05
 7.04416E-03  7.40377E-01  1.34173E-01  1.00000E+00  1.00000E+00  6.00551E-05
 7.04416E-03  7.73711E-01  1.99574E-01  1.00000E+00  1.00000E+00  6.00551E-05
 7.04416E-03  8.07044E-01  2.83792E-01  1.00000E+00  1.00000E+00  6.00551E-05
 7.04416E-03  8.40377E-01  3.85846E-01  1.00000E+00  1.00000E+00  6.00551E-05
 7.04416E-03  8.73711E-01  5.01651E-01  1.00000E+00  1.00000E+00  6.00551E-05
 7.04416E-03  9.07044E-01  6.23736E-01  1.00000E+00  1.00000E+00  6.00551E-05
 7.04416E-03  9.40377E-01  7.41727E-01  1.00000E+00  1.00000E+00  6.00551E-05
 7.04416E-03  9.73711E-01  8.43644E-01  1.00000E+00  1.00000E+00  6.00551E-05
 4.03775E-02  7.04416E-03  9.55170E-01  1.00000E+00  1.00000E+00  6.00551E-05
 4.03775E-02  4.03775E-02  9.94019E-01  1.00000E+00  1.00000E+00  6.00551E-05
 4.03775E-02  7.37108E-02  9.89517E-01  1.00000E+00  1.00000E+00  6.00551E-05
 4.03775E-02  1.07044E-01  9.42252E-01  1.00000E+00  1.00000E+00  6.00551E-05
 4.03775E-02  1.40377E-01  8.58261E-01  1.00000E+00  1.00000E+00  6.00551E-05
 4.03775E-02  1.73711E-01  7.47769E-01  1.00000E+00  1.00000E+00  6.00551E-05
 4.03775E-02  2.07044E-01  6.23147E-01  1.00000E+00  1.00000E+00  6.00551E-05
 4.03775E-02  2.40377E-01  4.96662E-01  1.00000E+00  1.00000E+00  6.00551E-05
 4.03775E-02  2.73711E-01  3.78570E-01  1.00000E+00  1.00000E+00  6.00551E-05
 4.03775E-02  3.07044E-01  2.75935E-01  1.00000E+00  1.00000E+00  6.00551E-05
 4.03775E-02  3.40377E-01  1.92290E-01  1.00000E+00  1.00000E+00  6.00551E-05
 4.03775E-02  3.73711E-01  1.28099E-01  1.00000E+00  1.00000E+00  6.00551E-05
 4.03775E-02  4.07044E-01  8.16450E-02  1.00000E+00  1.00000E+00  6.00551E-05
 4.03775E-02  4.40377E-01  4.97752E-02  1.00000E+00  1.00000E+00  6.00551E-05
 4.03775E-02  4.73711E-01  2.86674E-02  1.00000E+00  1.00000E+00  6.00551E-05
 4.03775E-02  5.07044E-01  1.53427E-02  1.00000E+00  1.00000E+00  6.00551E-05
 4.03775E-02  5.40377E-01  8.92950E-03  1.00000E+00  1.00000E+00  6.00551E-05
 4.03775E-02  5.73711E-01  9.73742E-03  1.00000E+00  1.00000E+00  6.00551E-05
 4.03775E-02  6.07044E-01  1.75652E-02  1.00000E+00  1.00000E+00  6.00551E-05
 4.03775E-02  6.40377E-01  3.22235E-02  1.00000E+00  1.00000E+00  6.00551E-05
 4.03775E-02  6.73711E-01  5.52000E-02  1.00000E+00  1.00000E+00  6.00551E-05
 4.03775E-02  7.07044E-01  8.97717E-02  1.00000E+00  1.00000E+00  6.00551E-05
 4.03775E-02  7.40377E-01  1.39630E-01  1.00000E+00  1.00000E+00  6.00551E-05
 4.03775E-02  7.73711E-01  2.07691E-01  1.00000E+00  1.00000E+00  6.00551E-05
 4.03775E-02  8.07044E-01  2.95334E-01  1.00000E+00  1.00000E+00  6.00551E-05
 4.03775E-02  8.40377E-01  4.01539E-01  1.00000E+00  1.00000E+00  6.00551E-05
 4.03775E-02  8.73711E-01  5.22055E-01  1.00000E+00  1.00000E+00  6.00551E-05
 4.03775E-02  9.07044E-01  6.49105E-01  1.00000E+00  1.00000E+00  6.00551E-05
 4.03775E-02  9.40377E-01  7.71895E-01  1.00000E+00  1.00000E+00  6.00551E-05
 4.03775E-02  9.73711E-01  8.77957E-01  1.00000E+00  1.00000E+00  6.00551E-05
 7.37108E-02  7.04416E-03  9.50844E-01  1.00000E+00  1.00000E+00  6.00551E-05
 7.37108E-02  4.03775E-02  9.89517E-01  1.00000E+00  1.00000E+00  6.00551E-05
 7.37108E-02  7.37108E-02  9.85035E-01  1.00000E+00  1.00000E+00  6.00551E-05
 7.37108E-02  1.07044E-01  9.37984E-01  1.00000E+00  1.00000E+00  6.00551E-05
 7.37108E-02  1.40377E-01  8.54374E-01  1.00000E+00  1.00000E+00  6.00551E-05
 7.37108E-02  1.73711E-01  7.44382E-01  1.00000E+00  1.00000E+00  6.00551E-05
 7.37108E-02  2.07044E-01  6.20325E-01  1.00000E+00  1.00000E+00  6.00551E-05
 7.37108E-02  2.40377E-01  4.94413E-01  1.00000E+00  1.00000E+00  6.00551E-05
 7.37108E-02  2.73711E-01  3.76855E-01  1.00000E+00  1.00000E+00  6.00551E-05
 7.37108E-02  3.07044E-01  2.74685E-01  1.00000E+00  1.00000E+00  6.00551E-05
 7.37108E-02  3.40377E-01  1.91419E-01  1.00000E+00  1.00000E+00  6.00551E-05
 7.37108E-02  3.73711E-01  1.27519E-01  1.00000E+00  1.00000E+00  6.00551E-05
 7.37108E-02  4.07044E-01  8.12753E-02  1.00000E+00  1.00000E+00  6.00551E-05
 7.37108E-02  4.40377E-01  4.95498E-02  1.00000E+00  1.00000E+00  6.00551E-05
 7.37108E-02  4.73711E-01  2.85376E-02  1.00000E+00  1.00000E+00  6.00551E-05
 7.37108E-02  5.07044E-01  1.52732E-02  1.00000E+00  1.00000E+00  6.00551E-05
 7.37108E-02  5.40377E-01  8.88906E-03  1.00000E+00  1.00000E+00  6.00551E-05
 7.37108E-02  5.73711E-01  9.69339E-03  1.00000E+00  1.00000E+00  6.00551E-05
 7.37108E-02  6.07044E-01  1.74858E-02  1.00000E+00  1.00000E+00  6.00551E-05
 7.37108E-02  6.40377E-01  3.20776E-02  1.00000E+00  1.00000E+00  6.00551E-05
 7.37108E-02  6.73711E-01  5.49500E-02  1.00000E+00  1.00000E+00  6.00551E-05
 7.37108E-02  7.07044E-01  8.93652E-02  1.00000E+00  1.00000E+00  6.00551E-05
 7.37108E-02  7.40377E-01  1.38998E-01  1.00000E+00  1.00000E+00  6.00551E-05
 7.37108E-02  7.73711E-01  2.06750E-01  1.00000E+00  1.00000E+00  6.00551E-05
 7.37108E-02  8.07044E-01  2.93997E-01  1.00000E+00  1.00000E+00  6.00551E-05
 7.37108E-02  8.40377E-01  3.99721E-01  1.00000E+00  1.00000E+00  6.00551E-05
 7.37108E-02  8.73711E-01  5.19690E-01  1.00000E+00  1.00000E+00  6.00551E-05
 7.37108E-02  9.07044E-01  6.46165E-01  1.00000E+00  1.00000E+00  6.00551E-05
 7.37108E-02  9.40377E-01  7.68399E-01  1.00000E+00  1.00000E+00  6.00551E-05
 7.37108E-02  9.73711E-01  8.73981E-01  1.00000E+00  1.00000E+00  6.00551E-05
 1.07044E-01  7.04416E-03  9.05426E-01  1.00000E+00  1.00000E+00  6.00551E-05
 1.07044E-01  4.03775E-02  9.42252E-01  1.00000E+00  1.00000E+00  6.00551E-05
 1.07044E-01  7.37108E-02  9.37984E-01  1.00000E+00  1.00000E+00  6.00551E-05
 1.07044E-01  1.07044E-01  8.93180E-01  1.00000E+00  1.00000E+00  6.00551E-05
 1.07044E-01  1.40377E-01  8.13564E-01  1.00000E+00  1.00000E+00  6.00551E-05
 1.07044E-01  1.73711E-01  7.08826E-01  1.00000E+00  1.00000E+00  6.00551E-05
 1.07044E-01  2.07044E-01  5.90695E-01  1.00000E+00  1.00000E+00  6.00551E-05
 1.07044E-01  2.40377E-01  4.70797E-01  1.00000E+00  1.00000E+00  6.00551E-05
 1.07044E-01  2.73711E-01  3.58855E-01  1.00000E+00  1.00000E+00  6.00551E-05
 1.07044E-01  3.07044E-01  2.61565E-01  1.00000E+00  1.00000E+00  6.00551E-05
 1.07044E-01  3.40377E-01  1.82276E-01  1.00000E+00  1.00000E+00  6.00551E-05
 1.07044E-01  3.73711E-01  1.21428E-01  1.00000E+00  1.00000E+00  6.00551E-05
 1.07044E-01  4.07044E-01  7.73934E-02  1.00000E+00  1.00000E+00  6.00551E-05
 1.07044E-01  4.40377E-01  4.71838E-02  1.00000E+00  1.00000E+00  6.00551E-05
 1.07044E-01  4.73711E-01  2.71752E-02  1.00000E+00  1.00000E+00  6.00551E-05
 1.07044E-01  5.07044E-01  1.45436E-02  1.00000E+00  1.00000E+00  6.00551E-05
 1.07044E-01  5.40377E-01  8.46425E-03  1.00000E+00  1.00000E+00  6.00551E-05
 1.07044E-01  5.73711E-01  9.23094E-03  1.00000E+00  1.00000E+00  6.00551E-05
 1.07044E-01  6.07044E-01  1.66512E-02  1.00000E+00  1.00000E+00  6.00551E-05
 1.07044E-01  6.40377E-01  3.05457E-02  1.00000E+00  1.00000E+00  6.00551E-05
 1.07044E-01  6.73711E-01  5.23255E-02  1.00000E+00  1.00000E+00  6.00551E-05
 1.07044E-01  7.07044E-01  8.50969E-02  1.00000E+00  1.00000E+00  6.00551E-05
 1.07044E-01  7.40377E-01  1.32359E-01  1.00000E+00  1.00000E+00  6.00551E-05
 1.07044E-01  7.73711E-01  1.96875E-01  1.00000E+00  1.00000E+00  6.00551E-05
 1.07044E-01  8.07044E-01  2.79954E-01  1.00000E+00  1.00000E+00  6.00551E-05
 1.07044E-01  8.40377E-01  3.80628E-01  1.00000E+00  1.00000E+00  6.00551E-05
 1.07044E-01  8.73711E-01  4.94867E-01  1.00000E+00  1.00000E+00  6.00551E-05
 1.07044E-01  9.07044E-01  6.15301E-01  1.00000E+00  1.00000E+00  6.00551E-05
 1.07044E-01  9.40377E-01  7.31696E-01  1.00000E+00  1.00000E+00  6.00551E-05
 1.07044E-01  9.73711E-01  8.32234E-01  1.00000E+00  1.00000E+00  6.00551E-05
 1.40377E-01  7.04416E-03  8.24718E-01  1.00000E+00  1.00000E+00  6.00551E-05
 1.40377E-01  4.03775E-02  8.58261E-01  1.00000E+00  1.00000E+00  6.00551E-05
 1.40377E-01  7.37108E-02  8.54374E-01  1.00000E+00  1.00000E+00  6.00551E-05
 1.40377E-01  1.07044E-01  8.13564E-01  1.00000E+00  1.00000E+00  6.00551E-05
 1.40377E-01  1.40377E-01  7.41044E-01  1.00000E+00  1.00000E+00  6.00551E-05
 1.40377E-01  1.73711E-01  6.45643E-01  1.00000E+00  1.00000E+00  6.00551E-05
 1.40377E-01  2.07044E-01  5.38042E-01  1.00000E+00  1.00000E+00  6.00551E-05
 1.40377E-01  2.40377E-01  4.28831E-01  1.00000E+00  1.00000E+00  6.00551E-05
 1.40377E-01  2.73711E-01  3.26867E-01  1.00000E+00  1.00000E+00  6.00551E-05
 1.40377E-01  3.07044E-01  2.38250E-01  1.00000E+00  1.00000E+00  6.00551E-05
 1.40377E-01  3.40377E-01  1.66029E-01  1.00000E+00  1.00000E+00  6.00551E-05
 1.40377E-01  3.73711E-01  1.10605E-01  1.00000E+00  1.00000E+00  6.00551E-05
 1.40377E-01  4.07044E-01  7.04952E-02  1.00000E+00  1.00000E+00  6.00551E-05
 1.40377E-01  4.40377E-01  4.29791E-02  1.00000E+00  1.00000E+00  6.00551E-05
 1.40377E-01  4.73711E-01  2.47540E-02  1.00000E+00  1.00000E+00  6.00551E-05
 1.40377E-01  5.07044E-01  1.32470E-02  1.00000E+00  1.00000E+00  6.00551E-05
 1.40377E-01  5.40377E-01  7.70938E-03  1.00000E+00  1.00000E+00  6.00551E-05
 1.40377E-01  5.73711E-01  8.40911E-03  1.00000E+00  1.00000E+00  6.00551E-05
 1.40377E-01  6.07044E-01  1.51682E-02  1.00000E+00  1.00000E+00  6.00551E-05
 1.40377E-01  6.40377E-01  2.78234E-02  1.00000E+00  1.00000E+00  6.00551E-05
 1.40377E-01  6.73711E-01  4.76617E-02  1.00000E+00  1.00000E+00  6.00551E-05
 1.40377E-01  7.07044E-01  7.75120E-02  1.00000E+00  1.00000E+00  6.00551E-05
 1.40377E-01  7.40377E-01  1.20561E-01  1.00000E+00  1.00000E+00  6.00551E-05
 1.40377E-01  7.73711E-01  1.79326E-01  1.00000E+00  1.00000E+00  6.00551E-05
 1.40377E-01  8.07044E-01  2.55000E-01  1.00000E+00  1.00000E+00  6.00551E-05
 1.40377E-01  8.40377E-01  3.46700E-01  1.00000E+00  1.00000E+00  6.00551E-05
 1.40377E-01  8.73711E-01  4.50755E-01  1.00000E+00  1.00000E+00  6.00551E-05
 1.40377E-01  9.07044E-01  5.60454E-01  1.00000E+00  1.00000E+00  6.00551E-05
 1.40377E-01  9.40377E-01  6.66474E-01  1.00000E+00  1.00000E+00  6.00551E-05
 1.40377E-01  9.73711E-01  7.58050E-01  1.00000E+00  1.00000E+00  6.00551E-05
 1.73711E-01  7.04416E-03  7.18544E-01  1.00000E+00  1.00000E+00  6.00551E-05
 1.73711E-01  4.03775E-02  7.47769E-01  1.00000E+00  1.00000E+00  6.00551E-05
 1.73711E-01  7.37108E-02  7.44382E-01  1.00000E+00  1.00000E+00  6.00551E-05
 1.73711E-01  1.07044E-01  7.08826E-01  1.00000E+00  1.00000E+00  6.00551E-05
 1.73711E-01  1.40377E-01  6.45643E-01  1.00000E+00  1.00000E+00  6.00551E-05
 1.73711E-01  1.73711E-01  5.62524E-01  1.00000E+00  1.00000E+00  6.00551E-05
 1.73711E-01  2.07044E-01  4.68775E-01  1.00000E+00  1.00000E+00  6.00551E-05
 1.73711E-01  2.40377E-01  3.73624E-01  1.00000E+00  1.00000E+00  6.00551E-05
 1.73711E-01  2.73711E-01  2.84787E-01  1.00000E+00  1.00000E+00  6.00551E-05
 1.73711E-01  3.07044E-01  2.07578E-01  1.00000E+00  1.00000E+00  6.00551E-05
 1.73711E-01  3.40377E-01  1.44655E-01  1.00000E+00  1.00000E+00  6.00551E-05
 1.73711E-01  3.73711E-01  9.63660E-02  1.00000E+00  1.00000E+00  6.00551E-05
 1.73711E-01  4.07044E-01  6.14204E-02  1.00000E+00  1.00000E+00  6.00551E-05
 1.73711E-01  4.40377E-01  3.74477E-02  1.00000E+00  1.00000E+00  6.00551E-05
 1.73711E-01  4.73711E-01  2.15688E-02  1.00000E+00  1.00000E+00  6.00551E-05
 1.73711E-01  5.07044E-01  1.15414E-02  1.00000E+00  1.00000E+00  6.00551E-05
 1.73711E-01  5.40377E-01  6.71636E-03  1.00000E+00  1.00000E+00  6.00551E-05
 1.73711E-01  5.73711E-01  7.32789E-03  1.00000E+00  1.00000E+00  6.00551E-05
 1.73711E-01  6.07044E-01  1.32171E-02  1.00000E+00  1.00000E+00  6.00551E-05
 1.73711E-01  6.40377E-01  2.42422E-02  1.00000E+00  1.00000E+00  6.00551E-05
 1.73711E-01  6.73711E-01  4.15262E-02  1.00000E+00  1.00000E+00  6.00551E-05
 1.73711E-01  7.07044E-01  6.75339E-02  1.00000E+00  1.00000E+00  6.00551E-05
 1.73711E-01  7.40377E-01  1.05041E-01  1.00000E+00  1.00000E+00  6.00551E-05
 1.73711E-01  7.73711E-01  1.56241E-01  1.00000E+00  1.00000E+00  6.00551E-05
 1.73711E-01  8.07044E-01  2.22172E-01  1.00000E+00  1.00000E+00  6.00551E-05
 1.73711E-01  8.40377E-01  3.02066E-01  1.00000E+00  1.00000E+00  6.00551E-05
 1.73711E-01  8.73711E-01  3.92726E-01  1.00000E+00  1.00000E+00  6.00551E-05
 1.73711E-01  9.07044E-01  4.88302E-01  1.00000E+00  1.00000E+00  6.00551E-05
 1.73711E-01  9.40377E-01  5.80673E-01  1.00000E+00  1.00000E+00  6.00551E-05
 1.73711E-01  9.73711E-01  6.60460E-01  1.00000E+00  1.00000E+00  6.00551E-05
 2.07044E-01  7.04416E-03  5.98793E-01  1.00000E+00  1.00000E+00  6.00551E-05
 2.07044E-01  4.03775E-02  6.23147E-01  1.00000E+00  1.00000E+00  6.00551E-05
 2.07044E-01  7.37108E-02  6.20325E-01  1.00000E+00  1.00000E+00  6.00551E-05
 2.07044E-01  1.07044E-01  5.90695E-01  1.00000E+00  1.00000E+00  6.00551E-05
 2.07044E-01  1.40377E-01  5.38042E-01  1.00000E+00  1.00000E+00  6.00551E-05
 2.07044E-01  1.73711E-01  4.68775E-01  1.00000E+00  1.00000E+00  6.00551E-05
 2.07044E-01  2.07044E-01  3.90650E-01  1.00000E+00  1.00000E+00  6.00551E-05
 2.07044E-01  2.40377E-01  3.11357E-01  1.00000E+00  1.00000E+00  6.00551E-05
 2.07044E-01  2.73711E-01  2.37326E-01  1.00000E+00  1.00000E+00  6.00551E-05
 2.07044E-01  3.07044E-01  1.72985E-01  1.00000E+00  1.00000E+00  6.00551E-05
 2.07044E-01  3.40377E-01  1.20548E-01  1.00000E+00  1.00000E+00  6.00551E-05
 2.07044E-01  3.73711E-01  8.03064E-02  1.00000E+00  1.00000E+00  6.00551E-05
 2.07044E-01  4.07044E-01  5.11850E-02  1.00000E+00  1.00000E+00  6.00551E-05
 2.07044E-01  4.40377E-01  3.12088E-02  1.00000E+00  1.00000E+00  6.00551E-05
 2.07044E-01  4.73711E-01  1.79761E-02  1.00000E+00  1.00000E+00  6.00551E-05
 2.07044E-01  5.07044E-01  9.61767E-03  1.00000E+00  1.00000E+00  6.00551E-05
 2.07044E-01  5.40377E-01  5.59644E-03  1.00000E+00  1.00000E+00  6.00551E-05
 2.07044E-01  5.73711E-01  6.10827E-03  1.00000E+00  1.00000E+00  6.00551E-05
 2.07044E-01  6.07044E-01  1.10164E-02  1.00000E+00  1.00000E+00  6.00551E-05
 2.07044E-01  6.40377E-01  2.02029E-02  1.00000E+00  1.00000E+00  6.00551E-05
 2.07044E-01  6.73711E-01  3.46062E-02  1.00000E+00  1.00000E+00  6.00551E-05
 2.07044E-01  7.07044E-01  5.62797E-02  1.00000E+00  1.00000E+00  6.00551E-05
 2.07044E-01  7.40377E-01  8.75359E-02  1.00000E+00  1.00000E+00  6.00551E-05
 2.07044E-01  7.73711E-01  1.30203E-01  1.00000E+00  1.00000E+00  6.00551E-05
 2.07044E-01  8.07044E-01  1.85146E-01  1.00000E+00  1.00000E+00  6.00551E-05
 2.07044E-01  8.40377E-01  2.51725E-01  1.00000E+00  1.00000E+00  6.00551E-05
 2.07044E-01  8.73711E-01  3.27275E-01  1.00000E+00  1.00000E+00  6.00551E-05
 2.07044E-01  9.07044E-01  4.06923E-01  1.00000E+00  1.00000E+00  6.00551E-05
 2.07044E-01  9.40377E-01  4.83899E-01  1.00000E+00  1.00000E+00  6.00551E-05
 2.07044E-01  9.73711E-01  5.50389E-01  1.00000E+00  1.00000E+00  6.00551E-05
 2.40377E-01  7.04416E-03  4.77251E-01  1.00000E+00  1.00000E+00  6.00551E-05
 2.40377E-01  4.03775E-02  4.96662E-01  1.00000E+00  1.00000E+00  6.00551E-05
 2.40377E-01  7.37108E-02  4.94413E-01  1.00000E+00  1.00000E+00  6.00551E-05
 2.40377E-01  1.07044E-01  4.70797E-01  1.00000E+00  1.00000E+00  6.00551E-05
 2.40377E-01  1.40377E-01  4.28831E-01  1.00000E+00  1.00000E+00  6.00551E-05
 2.40377E-01  1.73711E-01  3.73624E-01  1.00000E+00  1.00000E+00  6.00551E-05
 2.40377E-01  2.07044E-01  3.11357E-01  1.00000E+00  1.00000E+00  6.00551E-05
 2.40377E-01  2.40377E-01  2.48159E-01  1.00000E+00  1.00000E+00  6.00551E-05
 2.40377E-01  2.73711E-01  1.89155E-01  1.00000E+00  1.00000E+00  6.00551E-05
 2.40377E-01  3.07044E-01  1.37874E-01  1.00000E+00  1.00000E+00  6.00551E-05
 2.40377E-01  3.40377E-01  9.60805E-02  1.00000E+00  1.00000E+00  6.00551E-05
 2.40377E-01  3.73711E-01  6.40065E-02  1.00000E+00  1.00000E+00  6.00551E-05
 2.40377E-01  4.07044E-01  4.07965E-02  1.00000E+00  1.00000E+00  6.00551E-05
 2.40377E-01  4.40377E-01  2.48763E-02  1.00000E+00  1.00000E+00  6.00551E-05
 2.40377E-01  4.73711E-01  1.43294E-02  1.00000E+00  1.00000E+00  6.00551E-05
 2.40377E-01  5.07044E-01  7.66519E-03  1.00000E+00  1.00000E+00  6.00551E-05
 2.40377E-01  5.40377E-01  4.45984E-03  1.00000E+00  1.00000E+00  6.00551E-05
 2.40377E-01  5.73711E-01  4.87017E-03  1.00000E+00  1.00000E+00  6.00551E-05
 2.40377E-01  6.07044E-01  8.78242E-03  1.00000E+00  1.00000E+00  6.00551E-05
 2.40377E-01  6.40377E-01  1.61031E-02  1.00000E+00  1.00000E+00  6.00551E-05
 2.40377E-01  6.73711E-01  2.75825E-02  1.00000E+00  1.00000E+00  6.00551E-05
 2.40377E-01  7.07044E-01  4.48570E-02  1.00000E+00  1.00000E+00  6.00551E-05
 2.40377E-01  7.40377E-01  6.97689E-02  1.00000E+00  1.00000E+00  6.00551E-05
 2.40377E-01  7.73711E-01  1.03775E-01  1.00000E+00  1.00000E+00  6.00551E-05
 2.40377E-01  8.07044E-01  1.47566E-01  1.00000E+00  1.00000E+00  6.00551E-05
 2.40377E-01  8.40377E-01  2.00631E-01  1.00000E+00  1.00000E+00  6.00551E-05
 2.40377E-01  8.73711E-01  2.60846E-01  1.00000E+00  1.00000E+00  6.00551E-05
 2.40377E-01  9.07044E-01  3.24327E-01  1.00000E+00  1.00000E+00  6.00551E-05
 2.40377E-01  9.40377E-01  3.85678E-01  1.00000E+00  1.00000E+00  6.00551E-05
 2.40377E-01  9.73711E-01  4.38672E-01  1.00000E+00  1.00000E+00  6.00551E-05
 2.73711E-01  7.04416E-03  3.63774E-01  1.00000E+00  1.00000E+00  6.00551E-05
 2.73711E-01  4.03775E-02  3.78570E-01  1.00000E+00  1.00000E+00  6.00551E-05
 2.73711E-01  7.37108E-02  3.76855E-01  1.00000E+00  1.00000E+00  6.00551E-05
 2.73711E-01  1.07044E-01  3.58855E-01  1.00000E+00  1.00000E+00  6.00551E-05
 2.73711E-01  1.40377E-01  3.26867E-01  1.00000E+00  1.00000E+00  6.00551E-05
 2.73711E-01  1.73711E-01  2.84787E-01  1.00000E+00  1.00000E+00  6.00551E-05
 2.73711E-01  2.07044E-01  2.37326E-01  1.00000E+00  1.00000E+00  6.00551E-05
 2.73711E-01  2.40377E-01  1.89155E-01  1.00000E+00  1.00000E+00  6.00551E-05
 2.73711E-01  2.73711E-01  1.44180E-01  1.00000E+00  1.00000E+00  6.00551E-05
 2.73711E-01  3.07044E-01  1.05092E-01  1.00000E+00  1.00000E+00  6.00551E-05
 2.73711E-01  3.40377E-01  7.32363E-02  1.00000E+00  1.00000E+00  6.00551E-05
 2.73711E-01  3.73711E-01  4.87882E-02  1.00000E+00  1.00000E+00  6.00551E-05
 2.73711E-01  4.07044E-01  3.10972E-02  1.00000E+00  1.00000E+00  6.00551E-05
 2.73711E-01  4.40377E-01  1.89638E-02  1.00000E+00  1.00000E+00  6.00551E-05
 2.73711E-01  4.73711E-01  1.09245E-02  1.00000E+00  1.00000E+00  6.00551E-05
 2.73711E-01  5.07044E-01  5.84238E-03  1.00000E+00  1.00000E+00  6.00551E-05
 2.73711E-01  5.40377E-01  3.39883E-03  1.00000E+00  1.00000E+00  6.00551E-05
 2.73711E-01  5.73711E-01  3.71401E-03  1.00000E+00  1.00000E+00  6.00551E-05
 2.73711E-01  6.07044E-01  6.69642E-03  1.00000E+00  1.00000E+00  6.00551E-05
 2.73711E-01  6.40377E-01  1.22753E-02  1.00000E+00  1.00000E+00  6.00551E-05
 2.73711E-01  6.73711E-01  2.10249E-02  1.00000E+00  1.00000E+00  6.00551E-05
 2.73711E-01  7.07044E-01  3.41923E-02  1.00000E+00  1.00000E+00  6.00551E-05
 2.73711E-01  7.40377E-01  5.31810E-02  1.00000E+00  1.00000E+00  6.00551E-05
 2.73711E-01  7.73711E-01  7.91013E-02  1.00000E+00  1.00000E+00  6.00551E-05
 2.73711E-01  8.07044E-01  1.12480E-01  1.00000E+00  1.00000E+00  6.00551E-05
 2.73711E-01  8.40377E-01  1.52927E-01  1.00000E+00  1.00000E+00  6.00551E-05
 2.73711E-01  8.73711E-01  1.98825E-01  1.00000E+00  1.00000E+00  6.00551E-05
 2.73711E-01  9.07044E-01  2.47211E-01  1.00000E+00  1.00000E+00  6.00551E-05
 2.73711E-01  9.40377E-01  2.93975E-01  1.00000E+00  1.00000E+00  6.00551E-05
 2.73711E-01  9.73711E-01  3.34368E-01  1.00000E+00  1.00000E+00  6.00551E-05
 3.07044E-01  7.04416E-03  2.65150E-01  1.00000E+00  1.00000E+00  6.00551E-05
 3.07044E-01  4.03775E-02  2.75935E-01  1.00000E+00  1.00000E+00  6.00551E-05
 3.07044E-01  7.37108E-02  2.74685E-01  1.00000E+00  1.00000E+00  6.00551E-05
 3.07044E-01  1.07044E-01  2.61565E-01  1.00000E+00  1.00000E+00  6.00551E-05
 3.07044E-01  1.40377E-01  2.38250E-01  1.00000E+00  1.00000E+00  6.00551E-05
 3.07044E-01  1.73711E-01  2.07578E-01  1.00000E+00  1.00000E+00  6.00551E-05
 3.07044E-01  2.07044E-01  1.72985E-01  1.00000E+00  1.00000E+00  6.00551E-05
 3.07044E-01  2.40377E-01  1.37874E-01  1.00000E+00  1.00000E+00  6.00551E-05
 3.07044E-01  2.73711E-01  1.05092E-01  1.00000E+00  1.00000E+00  6.00551E-05
 3.07044E-01  3.07044E-01  7.66018E-02  1.00000E+00  1.00000E+00  6.00551E-05
 3.07044E-01  3.40377E-01  5.33824E-02  1.00000E+00  1.00000E+00  6.00551E-05
 3.07044E-01  3.73711E-01  3.55621E-02  1.00000E+00  1.00000E+00  6.00551E-05
 3.07044E-01  4.07044E-01  2.26676E-02  1.00000E+00  1.00000E+00  6.00551E-05
 3.07044E-01  4.40377E-01  1.38250E-02  1.00000E+00  1.00000E+00  6.00551E-05
 3.07044E-01  4.73711E-01  7.96503E-03  1.00000E+00  1.00000E+00  6.00551E-05
 3.07044E-01  5.07044E-01  4.25837E-03  1.00000E+00  1.00000E+00  6.00551E-05
 3.07044E-01  5.40377E-01  2.47698E-03  1.00000E+00  1.00000E+00  6.00551E-05
 3.07044E-01  5.73711E-01  2.70901E-03  1.00000E+00  1.00000E+00  6.00551E-05
 3.07044E-01  6.07044E-01  4.88324E-03  1.00000E+00  1.00000E+00  6.00551E-05
 3.07044E-01  6.40377E-01  8.94853E-03  1.00000E+00  1.00000E+00  6.00551E-05
 3.07044E-01  6.73711E-01  1.53258E-02  1.00000E+00  1.00000E+00  6.00551E-05
 3.07044E-01  7.07044E-01  2.49237E-02  1.00000E+00  1.00000E+00  6.00551E-05
 3.07044E-01  7.40377E-01  3.87643E-02  1.00000E+00  1.00000E+00  6.00551E-05
 3.07044E-01  7.73711E-01  5.76572E-02  1.00000E+00  1.00000E+00  6.00551E-05
 3.07044E-01  8.07044E-01  8.19863E-02  1.00000E+00  1.00000E+00  6.00551E-05
 3.07044E-01  8.40377E-01  1.11468E-01  1.00000E+00  1.00000E+00  6.00551E-05
 3.07044E-01  8.73711E-01  1.44922E-01  1.00000E+00  1.00000E+00  6.00551E-05
 3.07044E-01  9.07044E-01  1.80190E-01  1.00000E+00  1.00000E+00  6.00551E-05
 3.07044E-01  9.40377E-01  2.14275E-01  1.00000E+00  1.00000E+00  6.00551E-05
 3.07044E-01  9.73711E-01  2.43717E-01  1.00000E+00  1.00000E+00  6.00551E-05
 3.40377E-01  7.04416E-03  1.84775E-01  1.00000E+00  1.00000E+00  6.00551E-05
 3.40377E-01  4.03775E-02  1.92290E-01  1.00000E+00  1.00000E+00  6.00551E-05
 3.40377E-01  7.37108E-02  1.91419E-01  1.00000E+00  1.00000E+00  6.00551E-05
 3.40377E-01  1.07044E-01  1.82276E-01  1.00000E+00  1.00000E+00  6.00551E-05
 3.40377E-01  1.40377E-01  1.66029E-01  1.00000E+00  1.00000E+00  6.00551E-05
 3.40377E-01  1.73711E-01  1.44655E-01  1.00000E+00  1.00000E+00  6.00551E-05
 3.40377E-01  2.07044E-01  1.20548E-01  1.00000E+00  1.00000E+00  6.00551E-05
 3.40377E-01  2.40377E-01  9.60805E-02  1.00000E+00  1.00000E+00  6.00551E-05
 3.40377E-01  2.73711E-01  7.32363E-02  1.00000E+00  1.00000E+00  6.00551E-05
 3.40377E-01  3.07044E-01  5.33824E-02  1.00000E+00  1.00000E+00  6.00551E-05
 3.40377E-01  3.40377E-01  3.72015E-02  1.00000E+00  1.00000E+00  6.00551E-05
 3.40377E-01  3.73711E-01  2.47827E-02  1.00000E+00  1.00000E+00  6.00551E-05
 3.40377E-01  4.07044E-01  1.57972E-02  1.00000E+00  1.00000E+00  6.00551E-05
 3.40377E-01  4.40377E-01  9.63624E-03  1.00000E+00  1.00000E+00  6.00551E-05
 3.40377E-01  4.73711E-01  5.55249E-03  1.00000E+00  1.00000E+00  6.00551E-05
 3.40377E-01  5.07044E-01  2.96730E-03  1.00000E+00  1.00000E+00  6.00551E-05
 3.40377E-01  5.40377E-01  1.72568E-03  1.00000E+00  1.00000E+00  6.00551E-05
 3.40377E-01  5.73711E-01  1.88945E-03  1.00000E+00  1.00000E+00  6.00551E-05
 3.40377E-01  6.07044E-01  3.40491E-03  1.00000E+00  1.00000E+00  6.00551E-05
 3.40377E-01  6.40377E-01  6.23686E-03  1.00000E+00  1.00000E+00  6.00551E-05
 3.40377E-01  6.73711E-01  1.06807E-02  1.00000E+00  1.00000E+00  6.00551E-05
 3.40377E-01  7.07044E-01  1.73694E-02  1.00000E+00  1.00000E+00  6.00551E-05
 3.40377E-01  7.40377E-01  2.70146E-02  1.00000E+00  1.00000E+00  6.00551E-05
 3.40377E-01  7.73711E-01  4.01804E-02  1.00000E+00  1.00000E+00  6.00551E-05
 3.40377E-01  8.07044E-01  5.71344E-02  1.00000E+00  1.00000E+00  6.00551E-05
 3.40377E-01  8.40377E-01  7.76791E-02  1.00000E+00  1.00000E+00  6.00551E-05
 3.40377E-01  8.73711E-01  1.00992E-01  1.00000E+00  1.00000E+00  6.00551E-05
 3.40377E-01  9.07044E-01  1.25569E-01  1.00000E+00  1.00000E+00  6.00551E-05
 3.40377E-01  9.40377E-01  1.49322E-01  1.00000E+00  1.00000E+00  6.00551E-05
 3.40377E-01  9.73711E-01  1.69839E-01  1.00000E+00  1.00000E+00  6.00551E-05
 3.73711E-01  7.04416E-03  1.23093E-01  1.00000E+00  1.00000E+00  6.00551E-05
 3.73711E-01  4.03775E-02  1.28099E-01  1.00000E+00  1.00000E+00  6.00551E-05
 3.73711E-01  7.37108E-02  1.27519E-01  1.00000E+00  1.00000E+00  6.00551E-05
 3.73711E-01  1.07044E-01  1.21428E-01  1.00000E+00  1.00000E+00  6.00551E-05
 3.73711E-01  1.40377E-01  1.10605E-01  1.00000E+00  1.00000E+00  6.00551E-05
 3.73711E-01  1.73711E-01  9.63660E-02  1.00000E+00  1.00000E+00  6.00551E-05
 3.73711E-01  2.07044E-01  8.03064E-02  1.00000E+00  1.00000E+00  6.00551E-05
 3.73711E-01  2.40377E-01  6.40065E-02  1.00000E+00  1.00000E+00  6.00551E-05
 3.73711E-01  2.73711E-01  4.87882E-02  1.00000E+00  1.00000E+00  6.00551E-05
 3.73711E-01  3.07044E-01  3.55621E-02  1.00000E+00  1.00000E+00  6.00551E-05
 3.73711E-01  3.40377E-01  2.47827E-02  1.00000E+00  1.00000E+00  6.00551E-05
 3.73711E-01  3.73711E-01  1.65093E-02  1.00000E+00  1.00000E+00  6.00551E-05
 3.73711E-01  4.07044E-01  1.05237E-02  1.00000E+00  1.00000E+00  6.00551E-05
 3.73711E-01  4.40377E-01  6.42059E-03  1.00000E+00  1.00000E+00  6.00551E-05
 3.73711E-01  4.73711E-01  3.70006E-03  1.00000E+00  1.00000E+00  6.00551E-05
 3.73711E-01  5.07044E-01  1.97613E-03  1.00000E+00  1.00000E+00  6.00551E-05
 3.73711E-01  5.40377E-01  1.14890E-03  1.00000E+00  1.00000E+00  6.00551E-05
 3.73711E-01  5.73711E-01  1.25977E-03  1.00000E+00  1.00000E+00  6.00551E-05
 3.73711E-01  6.07044E-01  2.26950E-03  1.00000E+00  1.00000E+00  6.00551E-05
 3.73711E-01  6.40377E-01  4.15508E-03  1.00000E+00  1.00000E+00  6.00551E-05
 3.73711E-01  6.73711E-01  7.11512E-03  1.00000E+00  1.00000E+00  6.00551E-05
 3.73711E-01  7.07044E-01  1.15711E-02  1.00000E+00  1.00000E+00  6.00551E-05
 3.73711E-01  7.40377E-01  1.79965E-02  1.00000E+00  1.00000E+00  6.00551E-05
 3.73711E-01  7.73711E-01  2.67671E-02  1.00000E+00  1.00000E+00  6.00551E-05
 3.73711E-01  8.07044E-01  3.80614E-02  1.00000E+00  1.00000E+00  6.00551E-05
 3.73711E-01  8.40377E-01  5.17478E-02  1.00000E+00  1.00000E+00  6.00551E-05
 3.73711E-01  8.73711E-01  6.72783E-02  1.00000E+00  1.00000E+00  6.00551E-05
 3.73711E-01  9.07044E-01  8.36510E-02  1.00000E+00  1.00000E+00  6.00551E-05
 3.73711E-01  9.40377E-01  9.94746E-02  1.00000E+00  1.00000E+00  6.00551E-05
 3.73711E-01  9.73711E-01  1.13143E-01  1.00000E+00  1.00000E+00  6.00551E-05
 4.07044E-01  7.04416E-03  7.84542E-02  1.00000E+00  1.00000E+00  6.00551E-05
 4.07044E-01  4.03775E-02  8.16450E-02  1.00000E+00  1.00000E+00  6.00551E-05
 4.07044E-01  7.37108E-02  8.12753E-02  1.00000E+00  1.00000E+00  6.00551E-05
 4.07044E-01  1.07044E-01  7.73934E-02  1.00000E+00  1.00000E+00  6.00551E-05
 4.07044E-01  1.40377E-01  7.04952E-02  1.00000E+00  1.00000E+00  6.00551E-05
 4.07044E-01  1.73711E-01  6.14204E-02  1.00000E+00  1.00000E+00  6.00551E-05
 4.07044E-01  2.07044E-01  5.11850E-02  1.00000E+00  1.00000E+00  6.00551E-05
 4.07044E-01  2.40377E-01  4.07965E-02  1.00000E+00  1.00000E+00  6.00551E-05
 4.07044E-01  2.73711E-01  3.10972E-02  1.00000E+00  1.00000E+00  6.00551E-05
 4.07044E-01  3.07044E-01  2.26676E-02  1.00000E+00  1.00000E+00  6.00551E-05
 4.07044E-01  3.40377E-01  1.57972E-02  1.00000E+00  1.00000E+00  6.00551E-05
 4.07044E-01  3.73711E-01  1.05237E-02  1.00000E+00  1.00000E+00  6.00551E-05
 4.07044E-01  4.07044E-01  6.70886E-03  1.00000E+00  1.00000E+00  6.00551E-05
 4.07044E-01  4.40377E-01  4.09444E-03  1.00000E+00  1.00000E+00  6.00551E-05
 4.07044E-01  4.73711E-01  2.36017E-03  1.00000E+00  1.00000E+00  6.00551E-05
 4.07044E-01  5.07044E-01  1.25971E-03  1.00000E+00  1.00000E+00  6.00551E-05
 4.07044E-01  5.40377E-01  7.32283E-04  1.00000E+00  1.00000E+00  6.00551E-05
 4.07044E-01  5.73711E-01  8.04419E-04  1.00000E+00  1.00000E+00  6.00551E-05
 4.07044E-01  6.07044E-01  1.44827E-03  1.00000E+00  1.00000E+00  6.00551E-05
 4.07044E-01  6.40377E-01  2.64950E-03  1.00000E+00  1.00000E+00  6.00551E-05
 4.07044E-01  6.73711E-01  4.53609E-03  1.00000E+00  1.00000E+00  6.00551E-05
 4.07044E-01  7.07044E-01  7.37651E-03  1.00000E+00  1.00000E+00  6.00551E-05
 4.07044E-01  7.40377E-01  1.14719E-02  1.00000E+00  1.00000E+00  6.00551E-05
 4.07044E-01  7.73711E-01  1.70619E-02  1.00000E+00  1.00000E+00  6.00551E-05
 4.07044E-01  8.07044E-01  2.42604E-02  1.00000E+00  1.00000E+00  6.00551E-05
 4.07044E-01  8.40377E-01  3.29834E-02  1.00000E+00  1.00000E+00  6.00551E-05
 4.07044E-01  8.73711E-01  4.28816E-02  1.00000E+00  1.00000E+00  6.00551E-05
 4.07044E-01  9.07044E-01  5.33165E-02  1.00000E+00  1.00000E+00  6.00551E-05
 4.07044E-01  9.40377E-01  6.34015E-02  1.00000E+00  1.00000E+00  6.00551E-05
 4.07044E-01  9.73711E-01  7.21126E-02  1.00000E+00  1.00000E+00  6.00551E-05
 4.40377E-01  7.04416E-03  4.78303E-02  1.00000E+00  1.00000E+00  6.00551E-05
 4.40377E-01  4.03775E-02  4.97752E-02  1.00000E+00  1.00000E+00  6.00551E-05
 4.40377E-01  7.37108E-02  4.95498E-02  1.00000E+00  1.00000E+00  6.00551E-05
 4.40377E-01  1.07044E-01  4.71838E-02  1.00000E+00  1.00000E+00  6.00551E-05
 4.40377E-01  1.40377E-01  4.29791E-02  1.00000E+00  1.00000E+00  6.00551E-05
 4.40377E-01  1.73711E-01  3.74477E-02  1.00000E+00  1.00000E+00  6.00551E-05
 4.40377E-01  2.07044E-01  3.12088E-02  1.00000E+00  1.00000E+00  6.00551E-05
 4.40377E-01  2.40377E-01  2.48763E-02  1.00000E+00  1.00000E+00  6.00551E-05
 4.40377E-01  2.73711E-01  1.89638E-02  1.00000E+00  1.00000E+00  6.00551E-05
 4.40377E-01  3.07044E-01  1.38250E-02  1.00000E+00  1.00000E+00  6.00551E-05
 4.40377E-01  3.40377E-01  9.63624E-03  1.00000E+00  1.00000E+00  6.00551E-05
 4.40377E-01  3.73711E-01  6.42059E-03  1.00000E+00  1.00000E+00  6.00551E-05
 4.40377E-01  4.07044E-01  4.09444E-03  1.00000E+00  1.00000E+00  6.00551E-05
 4.40377E-01  4.40377E-01  2.50062E-03  1.00000E+00  1.00000E+00  6.00551E-05
 4.40377E-01  4.73711E-01  1.44246E-03  1.00000E+00  1.00000E+00  6.00551E-05
 4.40377E-01  5.07044E-01  7.69647E-04  1.00000E+00  1.00000E+00  6.00551E-05
 4.40377E-01  5.40377E-01  4.47646E-04  1.00000E+00  1.00000E+00  6.00551E-05
 4.40377E-01  5.73711E-01  4.92819E-04  1.00000E+00  1.00000E+00  6.00551E-05
 4.40377E-01  6.07044E-01  8.85972E-04  1.00000E+00  1.00000E+00  6.00551E-05
 4.40377E-01  6.40377E-01  1.61843E-03  1.00000E+00  1.00000E+00  6.00551E-05
 4.40377E-01  6.73711E-01  2.76916E-03  1.00000E+00  1.00000E+00  6.00551E-05
 4.40377E-01  7.07044E-01  4.50164E-03  1.00000E+00  1.00000E+00  6.00551E-05
 4.40377E-01  7.40377E-01  6.99899E-03  1.00000E+00  1.00000E+00  6.00551E-05
 4.40377E-01  7.73711E-01  1.04073E-02  1.00000E+00  1.00000E+00  6.00551E-05
 4.40377E-01  8.07044E-01  1.47958E-02  1.00000E+00  1.00000E+00  6.00551E-05
 4.40377E-01  8.40377E-01  2.01135E-02  1.00000E+00  1.00000E+00  6.00551E-05
 4.40377E-01  8.73711E-01  2.61472E-02  1.00000E+00  1.00000E+00  6.00551E-05
 4.40377E-01  9.07044E-01  3.25080E-02  1.00000E+00  1.00000E+00  6.00551E-05
 4.40377E-01  9.40377E-01  3.86552E-02  1.00000E+00  1.00000E+00  6.00551E-05
 4.40377E-01  9.73711E-01  4.39649E-02  1.00000E+00  1.00000E+00  6.00551E-05
 4.73711E-01  7.04416E-03  2.75474E-02  1.00000E+00  1.00000E+00  6.00551E-05
 4.73711E-01  4.03775E-02  2.86674E-02  1.00000E+00  1.00000E+00  6.00551E-05
 4.73711E-01  7.37108E-02  2.85376E-02  1.00000E+00  1.00000E+00  6.00551E-05
 4.73711E-01  1.07044E-01  2.71752E-02  1.00000E+00  1.00000E+00  6.00551E-05
 4.73711E-01  1.40377E-01  2.47540E-02  1.00000E+00  1.00000E+00  6.00551E-05
 4.73711E-01  1.73711E-01  2.15688E-02  1.00000E+00  1.00000E+00  6.00551E-05
 4.73711E-01  2.07044E-01  1.79761E-02  1.00000E+00  1.00000E+00  6.00551E-05
 4.73711E-01  2.40377E-01  1.43294E-02  1.00000E+00  1.00000E+00  6.00551E-05
 4.73711E-01  2.73711E-01  1.09245E-02  1.00000E+00  1.00000E+00  6.00551E-05
 4.73711E-01  3.07044E-01  7.96503E-03  1.00000E+00  1.00000E+00  6.00551E-05
 4.73711E-01  3.40377E-01  5.55249E-03  1.00000E+00  1.00000E+00  6.00551E-05
 4.73711E-01  3.73711E-01  3.70006E-03  1.00000E+00  1.00000E+00  6.00551E-05
 4.73711E-01  4.07044E-01  2.36017E-03  1.00000E+00  1.00000E+00  6.00551E-05
 4.73711E-01  4.40377E-01  1.44246E-03  1.00000E+00  1.00000E+00  6.00551E-05
 4.73711E-01  4.73711E-01  8.32563E-04  1.00000E+00  1.00000E+00  6.00551E-05
 4.73711E-01  5.07044E-01  4.43840E-04  1.00000E+00  1.00000E+00  6.00551E-05
 4.73711E-01  5.40377E-01  2.58198E-04  1.00000E+00  1.00000E+00  6.00551E-05
 4.73711E-01  5.73711E-01  2.85055E-04  1.00000E+00  1.00000E+00  6.00551E-05
 4.73711E-01  6.07044E-01  5.11799E-04  1.00000E+00  1.00000E+00  6.00551E-05
 4.73711E-01  6.40377E-01  9.33565E-04  1.00000E+00  1.00000E+00  6.00551E-05
 4.73711E-01  6.73711E-01  1.59656E-03  1.00000E+00  1.00000E+00  6.00551E-05
 4.73711E-01  7.07044E-01  2.59480E-03  1.00000E+00  1.00000E+00  6.00551E-05
 4.73711E-01  7.40377E-01  4.03343E-03  1.00000E+00  1.00000E+00  6.00551E-05
 4.73711E-01  7.73711E-01  5.99652E-03  1.00000E+00  1.00000E+00  6.00551E-05
 4.73711E-01  8.07044E-01  8.52408E-03  1.00000E+00  1.00000E+00  6.00551E-05
 4.73711E-01  8.40377E-01  1.15865E-02  1.00000E+00  1.00000E+00  6.00551E-05
 4.73711E-01  8.73711E-01  1.50613E-02  1.00000E+00  1.00000E+00  6.00551E-05
 4.73711E-01  9.07044E-01  1.87242E-02  1.00000E+00  1.00000E+00  6.00551E-05
 4.73711E-01  9.40377E-01  2.22641E-02  1.00000E+00  1.00000E+00  6.00551E-05
 4.73711E-01  9.73711E-01  2.53216E-02  1.00000E+00  1.00000E+00  6.00551E-05
 5.07044E-01  7.04416E-03  1.47429E-02  1.00000E+00  1.00000E+00  6.00551E-05
 5.07044E-01  4.03775E-02  1.53427E-02  1.00000E+00  1.00000E+00  6.00551E-05
 5.07044E-01  7.37108E-02  1.52732E-02  1.00000E+00  1.00000E+00  6.00551E-05
 5.07044E-01  1.07044E-01  1.45436E-02  1.00000E+00  1.00000E+00  6.00551E-05
 5.07044E-01  1.40377E-01  1.32470E-02  1.00000E+00  1.00000E+00  6.00551E-05
 5.07044E-01  1.73711E-01  1.15414E-02  1.00000E+00  1.00000E+00  6.00551E-05
 5.07044E-01  2.07044E-01  9.61767E-03  1.00000E+00  1.00000E+00  6.00551E-05
 5.07044E-01  2.40377E-01  7.66519E-03  1.00000E+00  1.00000E+00  6.00551E-05
 5.07044E-01  2.73711E-01  5.84238E-03  1.00000E+00  1.00000E+00  6.00551E-05
 5.07044E-01  3.07044E-01  4.25837E-03  1.00000E+00  1.00000E+00  6.00551E-05
 5.07044E-01  3.40377E-01  2.96730E-03  1.00000E+00  1.00000E+00  6.00551E-05
 5.07044E-01  3.73711E-01  1.97613E-03  1.00000E+00  1.00000E+00  6.00551E-05
 5.07044E-01  4.07044E-01  1.25971E-03  1.00000E+00  1.00000E+00  6.00551E-05
 5.07044E-01  4.40377E-01  7.69647E-04  1.00000E+00  1.00000E+00  6.00551E-05
 5.07044E-01  4.73711E-01  4.43840E-04  1.00000E+00  1.00000E+00  6.00551E-05
 5.07044E-01  5.07044E-01  2.35848E-04  1.00000E+00  1.00000E+00  6.00551E-05
 5.07044E-01  5.40377E-01  1.36948E-04  1.00000E+00  1.00000E+00  6.00551E-05
 5.07044E-01  5.73711E-01  1.51797E-04  1.00000E+00  1.00000E+00  6.00551E-05
 5.07044E-01  6.07044E-01  2.72704E-04  1.00000E+00  1.00000E+00  6.00551E-05
 5.07044E-01  6.40377E-01  4.97477E-04  1.00000E+00  1.00000E+00  6.00551E-05
 5.07044E-01  6.73711E-01  8.51530E-04  1.00000E+00  1.00000E+00  6.00551E-05
 5.07044E-01  7.07044E-01  1.38519E-03  1.00000E+00  1.00000E+00  6.00551E-05
 5.07044E-01  7.40377E-01  2.15459E-03  1.00000E+00  1.00000E+00  6.00551E-05
 5.07044E-01  7.73711E-01  3.20484E-03  1.00000E+00  1.00000E+00  6.00551E-05
 5.07044E-01  8.07044E-01  4.55748E-03  1.00000E+00  1.00000E+00  6.00551E-05
 5.07044E-01  8.40377E-01  6.19672E-03  1.00000E+00  1.00000E+00  6.00551E-05
 5.07044E-01  8.73711E-01  8.05694E-03  1.00000E+00  1.00000E+00  6.00551E-05
 5.07044E-01  9.07044E-01  1.00181E-02  1.00000E+00  1.00000E+00  6.00551E-05
 5.07044E-01  9.40377E-01  1.19136E-02  1.00000E+00  1.00000E+00  6.00551E-05
 5.07044E-01  9.73711E-01  1.35509E-02  1.00000E+00  1.00000E+00  6.00551E-05
 5.40377E-01  7.04416E-03  8.58030E-03  1.00000E+00  1.00000E+00  6.00551E-05
 5.40377E-01  4.03775E-02  8.92950E-03  1.00000E+00  1.00000E+00  6.00551E-05
 5.40377E-01  7.37108E-02  8.88906E-03  1.00000E+00  1.00000E+00  6.00551E-05
 5.40377E-01  1.07044E-01  8.46425E-03  1.00000E+00  1.00000E+00  6.00551E-05
 5.40377E-01  1.40377E-01  7.70938E-03  1.00000E+00  1.00000E+00  6.00551E-05
 5.40377E-01  1.73711E-01  6.71636E-03  1.00000E+00  1.00000E+00  6.00551E-05
 5.40377E-01  2.07044E-01  5.59644E-03  1.00000E+00  1.00000E+00  6.00551E-05
 5.40377E-01  2.40377E-01  4.45984E-03  1.00000E+00  1.00000E+00  6.00551E-05
 5.40377E-01  2.73711E-01  3.39883E-03  1.00000E+00  1.00000E+00  6.00551E-05
 5.40377E-01  3.07044E-01  2.47698E-03  1.00000E+00  1.00000E+00  6.00551E-05
 5.40377E-01  3.40377E-01  1.72568E-03  1.00000E+00  1.00000E+00  6.00551E-05
 5.40377E-01  3.73711E-01  1.14890E-03  1.00000E+00  1.00000E+00  6.00551E-05
 5.40377E-01  4.07044E-01  7.32283E-04  1.00000E+00  1.00000E+00  6.00551E-05
 5.40377E-01  4.40377E-01  4.47646E-04  1.00000E+00  1.00000E+00  6.00551E-05
 5.40377E-01  4.73711E-01  2.58198E-04  1.00000E+00  1.00000E+00  6.00551E-05
 5.40377E-01  5.07044E-01  1.36948E-04  1.00000E+00  1.00000E+00  6.00551E-05
 5.40377E-01  5.40377E-01  7.95632E-05  1.00000E+00  1.00000E+00  6.00551E-05
 5.40377E-01  5.73711E-01  8.85362E-05  1.00000E+00  1.00000E+00  6.00551E-05
 5.40377E-01  6.07044E-01  1.58779E-04  1.00000E+00  1.00000E+00  6.00551E-05
 5.40377E-01  6.40377E-01  2.89183E-04  1.00000E+00  1.00000E+00  6.00551E-05
 5.40377E-01  6.73711E-01  4.94920E-04  1.00000E+00  1.00000E+00  6.00551E-05
 5.40377E-01  7.07044E-01  8.05273E-04  1.00000E+00  1.00000E+00  6.00551E-05
 5.40377E-01  7.40377E-01  1.25282E-03  1.00000E+00  1.00000E+00  6.00551E-05
 5.40377E-01  7.73711E-01  1.86386E-03  1.00000E+00  1.00000E+00  6.00551E-05
 5.40377E-01  8.07044E-01  2.65099E-03  1.00000E+00  1.00000E+00  6.00551E-05
 5.40377E-01  8.40377E-01  3.60505E-03  1.00000E+00  1.00000E+00  6.00551E-05
 5.40377E-01  8.73711E-01  4.68786E-03  1.00000E+00  1.00000E+00  6.00551E-05
 5.40377E-01  9.07044E-01  5.82954E-03  1.00000E+00  1.00000E+00  6.00551E-05
 5.40377E-01  9.40377E-01  6.93305E-03  1.00000E+00  1.00000E+00  6.00551E-05
 5.40377E-01  9.73711E-01  7.88629E-03  1.00000E+00  1.00000E+00  6.00551E-05
 5.73711E-01  7.04416E-03  9.35727E-03  1.00000E+00  1.00000E+00  6.00551E-05
 5.73711E-01  4.03775E-02  9.73742E-03  1.00000E+00  1.00000E+00  6.00551E-05
 5.73711E-01  7.37108E-02  9.69339E-03  1.00000E+00  1.00000E+00  6.00551E-05
 5.73711E-01  1.07044E-01  9.23094E-03  1.00000E+00  1.00000E+00  6.00551E-05
 5.73711E-01  1.40377E-01  8.40911E-03  1.00000E+00  1.00000E+00  6.00551E-05
 5.73711E-01  1.73711E-01  7.32789E-03  1.00000E+00  1.00000E+00  6.00551E-05
 5.73711E-01  2.07044E-01  6.10827E-03  1.00000E+00  1.00000E+00  6.00551E-05
 5.73711E-01  2.40377E-01  4.87017E-03  1.00000E+00  1.00000E+00  6.00551E-05
 5.73711E-01  2.73711E-01  3.71401E-03  1.00000E+00  1.00000E+00  6.00551E-05
 5.73711E-01  3.07044E-01  2.70901E-03  1.00000E+00  1.00000E+00  6.00551E-05
 5.73711E-01  3.40377E-01  1.88945E-03  1.00000E+00  1.00000E+00  6.00551E-05
 5.73711E-01  3.73711E-01  1.25977E-03  1.00000E+00  1.00000E+00  6.00551E-05
 5.73711E-01  4.07044E-01  8.04419E-04  1.00000E+00  1.00000E+00  6.00551E-05
 5.73711E-01  4.40377E-01  4.92819E-04  1.00000E+00  1.00000E+00  6.00551E-05
 5.73711E-01  4.73711E-01  2.85055E-04  1.00000E+00  1.00000E+00  6.00551E-05
 5.73711E-01  5.07044E-01  1.51797E-04  1.00000E+00  1.00000E+00  6.00551E-05
 5.73711E-01  5.40377E-01  8.85362E-05  1.00000E+00  1.00000E+00  6.00551E-05
 5.73711E-01  5.73711E-01  9.83685E-05  1.00000E+00  1.00000E+00  6.00551E-05
 5.73711E-01  6.07044E-01  1.75757E-04  1.00000E+00  1.00000E+00  6.00551E-05
 5.73711E-01  6.40377E-01  3.19107E-04  1.00000E+00  1.00000E+00  6.00551E-05
 5.73711E-01  6.73711E-01  5.44658E-04  1.00000E+00  1.00000E+00  6.00551E-05
 5.73711E-01  7.07044E-01  8.84233E-04  1.00000E+00  1.00000E+00  6.00551E-05
 5.73711E-01  7.40377E-01  1.37326E-03  1.00000E+00  1.00000E+00  6.00551E-05
 5.73711E-01  7.73711E-01  2.04024E-03  1.00000E+00  1.00000E+00  6.00551E-05
 5.73711E-01  8.07044E-01  2.89877E-03  1.00000E+00  1.00000E+00  6.00551E-05
 5.73711E-01  8.40377E-01  3.93876E-03  1.00000E+00  1.00000E+00  6.00551E-05
 5.73711E-01  8.73711E-01  5.11858E-03  1.00000E+00  1.00000E+00  6.00551E-05
 5.73711E-01  9.07044E-01  6.36214E-03  1.00000E+00  1.00000E+00  6.00551E-05
 5.73711E-01  9.40377E-01  7.56384E-03  1.00000E+00  1.00000E+00  6.00551E-05
 5.73711E-01  9.73711E-01  8.60173E-03  1.00000E+00  1.00000E+00  6.00551E-05
 6.07044E-01  7.04416E-03  1.68792E-02  1.00000E+00  1.00000E+00  6.00551E-05
 6.07044E-01  4.03775E-02  1.75652E-02  1.00000E+00  1.00000E+00  6.00551E-05
 6.07044E-01  7.37108E-02  1.74858E-02  1.00000E+00  1.00000E+00  6.00551E-05
 6.07044E-01  1.07044E-01  1.66512E-02  1.00000E+00  1.00000E+00  6.00551E-05
 6.07044E-01  1.40377E-01  1.51682E-02  1.00000E+00  1.00000E+00  6.00551E-05
 6.07044E-01  1.73711E-01  1.32171E-02  1.00000E+00  1.00000E+00  6.00551E-05
 6.07044E-01  2.07044E-01  1.10164E-02  1.00000E+00  1.00000E+00  6.00551E-05
 6.07044E-01  2.40377E-01  8.78242E-03  1.00000E+00  1.00000E+00  6.00551E-05
 6.07044E-01  2.73711E-01  6.69642E-03  1.00000E+00  1.00000E+00  6.00551E-05
 6.07044E-01  3.07044E-01  4.88324E-03  1.00000E+00  1.00000E+00  6.00551E-05
 6.07044E-01  3.40377E-01  3.40491E-03  1.00000E+00  1.00000E+00  6.00551E-05
 6.07044E-01  3.73711E-01  2.26950E-03  1.00000E+00  1.00000E+00  6.00551E-05
 6.07044E-01  4.07044E-01  1.44827E-03  1.00000E+00  1.00000E+00  6.00551E-05
 6.07044E-01  4.40377E-01  8.85972E-04  1.00000E+00  1.00000E+00  6.00551E-05
 6.07044E-01  4.73711E-01  5.11799E-04  1.00000E+00  1.00000E+00  6.00551E-05
 6.07044E-01  5.07044E-01  2.72704E-04  1.00000E+00  1.00000E+00  6.00551E-05
 6.07044E-01  5.40377E-01  1.58779E-04  1.00000E+00  1.00000E+00  6.00551E-05
 6.07044E-01  5.73711E-01  1.75757E-04  1.00000E+00  1.00000E+00  6.00551E-05
 6.07044E-01  6.07044E-01  3.14980E-04  1.00000E+00  1.00000E+00  6.00551E-05
 6.07044E-01  6.40377E-01  5.73510E-04  1.00000E+00  1.00000E+00  6.00551E-05
 6.07044E-01  6.73711E-01  9.80057E-04  1.00000E+00  1.00000E+00  6.00551E-05
 6.07044E-01  7.07044E-01  1.59214E-03  1.00000E+00  1.00000E+00  6.00551E-05
 6.07044E-01  7.40377E-01  2.47395E-03  1.00000E+00  1.00000E+00  6.00551E-05
 6.07044E-01  7.73711E-01  3.67697E-03  1.00000E+00  1.00000E+00  6.00551E-05
 6.07044E-01  8.07044E-01  5.22570E-03  1.00000E+00  1.00000E+00  6.00551E-05
 6.07044E-01  8.40377E-01  7.10198E-03  1.00000E+00  1.00000E+00  6.00551E-05
 6.07044E-01  8.73711E-01  9.23070E-03  1.00000E+00  1.00000E+00  6.00551E-05
 6.07044E-01  9.07044E-01  1.14746E-02  1.00000E+00  1.00000E+00  6.00551E-05
 6.07044E-01  9.40377E-01  1.36430E-02  1.00000E+00  1.00000E+00  6.00551E-05
 6.07044E-01  9.73711E-01  1.55158E-02  1.00000E+00  1.00000E+00  6.00551E-05
 6.40377E-01  7.04416E-03  3.09643E-02  1.00000E+00  1.00000E+00  6.00551E-05
 6.40377E-01  4.03775E-02  3.22235E-02  1.00000E+00  1.00000E+00  6.00551E-05
 6.40377E-01  7.37108E-02  3.20776E-02  1.00000E+00  1.00000E+00  6.00551E-05
 6.40377E-01  1.07044E-01  3.05457E-02  1.00000E+00  1.00000E+00  6.00551E-05
 6.40377E-01  1.40377E-01  2.78234E-02  1.00000E+00  1.00000E+00  6.00551E-05
 6.40377E-01  1.73711E-01  2.42422E-02  1.00000E+00  1.00000E+00  6.00551E-05
 6.40377E-01  2.07044E-01  2.02029E-02  1.00000E+00  1.00000E+00  6.00551E-05
 6.40377E-01  2.40377E-01  1.61031E-02  1.00000E+00  1.00000E+00  6.00551E-05
 6.40377E-01  2.73711E-01  1.22753E-02  1.00000E+00  1.00000E+00  6.00551E-05
 6.40377E-01  3.07044E-01  8.94853E-03  1.00000E+00  1.00000E+00  6.00551E-05
 6.40377E-01  3.40377E-01  6.23686E-03  1.00000E+00  1.00000E+00  6.00551E-05
 6.40377E-01  3.73711E-01  4.15508E-03  1.00000E+00  1.00000E+00  6.00551E-05
 6.40377E-01  4.07044E-01  2.64950E-03  1.00000E+00  1.00000E+00  6.00551E-05
 6.40377E-01  4.40377E-01  1.61843E-03  1.00000E+00  1.00000E+00  6.00551E-05
 6.40377E-01  4.73711E-01  9.33565E-04  1.00000E+00  1.00000E+00  6.00551E-05
 6.40377E-01  5.07044E-01  4.97477E-04  1.00000E+00  1.00000E+00  6.00551E-05
 6.40377E-01  5.40377E-01  2.89183E-04  1.00000E+00  1.00000E+00  6.00551E-05
 6.40377E-01  5.73711E-01  3.19107E-04  1.00000E+00  1.00000E+00  6.00551E-05
 6.40377E-01  6.07044E-01  5.73510E-04  1.00000E+00  1.00000E+00  6.00551E-05
 6.40377E-01  6.40377E-01  1.04707E-03  1.00000E+00  1.00000E+00  6.00551E-05
 6.40377E-01  6.73711E-01  1.79168E-03  1.00000E+00  1.00000E+00  6.00551E-05
 6.40377E-01  7.07044E-01  2.91310E-03  1.00000E+00  1.00000E+00  6.00551E-05
 6.40377E-01  7.40377E-01  4.52965E-03  1.00000E+00  1.00000E+00  6.00551E-05
 6.40377E-01  7.73711E-01  6.73594E-03  1.00000E+00  1.00000E+00  6.00551E-05
 6.40377E-01  8.07044E-01  9.57697E-03  1.00000E+00  1.00000E+00  6.00551E-05
 6.40377E-01  8.40377E-01  1.30196E-02  1.00000E+00  1.00000E+00  6.00551E-05
 6.40377E-01  8.73711E-01  1.69259E-02  1.00000E+00  1.00000E+00  6.00551E-05
 6.40377E-01  9.07044E-01  2.10440E-02  1.00000E+00  1.00000E+00  6.00551E-05
 6.40377E-01  9.40377E-01  2.50239E-02  1.00000E+00  1.00000E+00  6.00551E-05
 6.40377E-01  9.73711E-01  2.84616E-02  1.00000E+00  1.00000E+00  6.00551E-05
 6.73711E-01  7.04416E-03  5.30427E-02  1.00000E+00  1.00000E+00  6.00551E-05
 6.73711E-01  4.03775E-02  5.52000E-02  1.00000E+00  1.00000E+00  6.00551E-05
 6.73711E-01  7.37108E-02  5.49500E-02  1.00000E+00  1.00000E+00  6.00551E-05
 6.73711E-01  1.07044E-01  5.23255E-02  1.00000E+00  1.00000E+00  6.00551E-05
 6.73711E-01  1.40377E-01  4.76617E-02  1.00000E+00  1.00000E+00  6.00551E-05
 6.73711E-01  1.73711E-01  4.15262E-02  1.00000E+00  1.00000E+00  6.00551E-05
 6.73711E-01  2.07044E-01  3.46062E-02  1.00000E+00  1.00000E+00  6.00551E-05
 6.73711E-01  2.40377E-01  2.75825E-02  1.00000E+00  1.00000E+00  6.00551E-05
 6.73711E-01  2.73711E-01  2.10249E-02  1.00000E+00  1.00000E+00  6.00551E-05
 6.73711E-01  3.07044E-01  1.53258E-02  1.00000E+00  1.00000E+00  6.00551E-05
 6.73711E-01  3.40377E-01  1.06807E-02  1.00000E+00  1.00000E+00  6.00551E-05
 6.73711E-01  3.73711E-01  7.11512E-03  1.00000E+00  1.00000E+00  6.00551E-05
 6.73711E-01  4.07044E-01  4.53609E-03  1.00000E+00  1.00000E+00  6.00551E-05
 6.73711E-01  4.40377E-01  2.76916E-03  1.00000E+00  1.00000E+00  6.00551E-05
 6.73711E-01  4.73711E-01  1.59656E-03  1.00000E+00  1.00000E+00  6.00551E-05
 6.73711E-01  5.07044E-01  8.51530E-04  1.00000E+00  1.00000E+00  6.00551E-05
 6.73711E-01  5.40377E-01  4.94920E-04  1.00000E+00  1.00000E+00  6.00551E-05
 6.73711E-01  5.73711E-01  5.44658E-04  1.00000E+00  1.00000E+00  6.00551E-05
 6.73711E-01  6.07044E-01  9.80057E-04  1.00000E+00  1.00000E+00  6.00551E-05
 6.73711E-01  6.40377E-01  1.79168E-03  1.00000E+00  1.00000E+00  6.00551E-05
 6.73711E-01  6.73711E-01  3.06703E-03  1.00000E+00  1.00000E+00  6.00551E-05
 6.73711E-01  7.07044E-01  4.98751E-03  1.00000E+00  1.00000E+00  6.00551E-05
 6.73711E-01  7.40377E-01  7.75638E-03  1.00000E+00  1.00000E+00  6.00551E-05
 6.73711E-01  7.73711E-01  1.15357E-02  1.00000E+00  1.00000E+00  6.00551E-05
 6.73711E-01  8.07044E-01  1.64025E-02  1.00000E+00  1.00000E+00  6.00551E-05
 6.73711E-01  8.40377E-01  2.23000E-02  1.00000E+00  1.00000E+00  6.00551E-05
 6.73711E-01  8.73711E-01  2.89921E-02  1.00000E+00  1.00000E+00  6.00551E-05
 6.73711E-01  9.07044E-01  3.60472E-02  1.00000E+00  1.00000E+00  6.00551E-05
 6.73711E-01  9.40377E-01  4.28656E-02  1.00000E+00  1.00000E+00  6.00551E-05
 6.73711E-01  9.73711E-01  4.87551E-02  1.00000E+00  1.00000E+00  6.00551E-05
 7.07044E-01  7.04416E-03  8.62633E-02  1.00000E+00  1.00000E+00  6.00551E-05
 7.07044E-01  4.03775E-02  8.97717E-02  1.00000E+00  1.00000E+00  6.00551E-05
 7.07044E-01  7.37108E-02  8.93652E-02  1.00000E+00  1.00000E+00  6.00551E-05
 7.07044E-01  1.07044E-01  8.50969E-02  1.00000E+00  1.00000E+00  6.00551E-05
 7.07044E-01  1.40377E-01  7.75120E-02  1.00000E+00  1.00000E+00  6.00551E-05
 7.07044E-01  1.73711E-01  6.75339E-02  1.00000E+00  1.00000E+00  6.00551E-05
 7.07044E-01  2.07044E-01  5.62797E-02  1.00000E+00  1.00000E+00  6.00551E-05
 7.07044E-01  2.40377E-01  4.48570E-02  1.00000E+00  1.00000E+00  6.00551E-05
 7.07044E-01  2.73711E-01  3.41923E-02  1.00000E+00  1.00000E+00  6.00551E-05
 7.07044E-01  3.07044E-01  2.49237E-02  1.00000E+00  1.00000E+00  6.00551E-05
 7.07044E-01  3.40377E-01  1.73694E-02  1.00000E+00  1.00000E+00  6.00551E-05
 7.07044E-01  3.73711E-01  1.15711E-02  1.00000E+00  1.00000E+00  6.00551E-05
 7.07044E-01  4.07044E-01  7.37651E-03  1.00000E+00  1.00000E+00  6.00551E-05
 7.07044E-01  4.40377E-01  4.50164E-03  1.00000E+00  1.00000E+00  6.00551E-05
 7.07044E-01  4.73711E-01  2.59480E-03  1.00000E+00  1.00000E+00  6.00551E-05
 7.07044E-01  5.07044E-01  1.38519E-03  1.00000E+00  1.00000E+00  6.00551E-05
 7.07044E-01  5.40377E-01  8.05273E-04  1.00000E+00  1.00000E+00  6.00551E-05
 7.07044E-01  5.73711E-01  8.84233E-04  1.00000E+00  1.00000E+00  6.00551E-05
 7.07044E-01  6.07044E-01  1.59214E-03  1.00000E+00  1.00000E+00  6.00551E-05
 7.07044E-01  6.40377E-01  2.91310E-03  1.00000E+00  1.00000E+00  6.00551E-05
 7.07044E-01  6.73711E-01  4.98751E-03  1.00000E+00  1.00000E+00  6.00551E-05
 7.07044E-01  7.07044E-01  8.11059E-03  1.00000E+00  1.00000E+00  6.00551E-05
 7.07044E-01  7.40377E-01  1.26136E-02  1.00000E+00  1.00000E+00  6.00551E-05
 7.07044E-01  7.73711E-01  1.87601E-02  1.00000E+00  1.00000E+00  6.00551E-05
 7.07044E-01  8.07044E-01  2.66751E-02  1.00000E+00  1.00000E+00  6.00551E-05
 7.07044E-01  8.40377E-01  3.62663E-02  1.00000E+00  1.00000E+00  6.00551E-05
 7.07044E-01  8.73711E-01  4.71498E-02  1.00000E+00  1.00000E+00  6.00551E-05
 7.07044E-01  9.07044E-01  5.86234E-02  1.00000E+00  1.00000E+00  6.00551E-05
 7.07044E-01  9.40377E-01  6.97122E-02  1.00000E+00  1.00000E+00  6.00551E-05
 7.07044E-01  9.73711E-01  7.92904E-02  1.00000E+00  1.00000E+00  6.00551E-05
 7.40377E-01  7.04416E-03  1.34173E-01  1.00000E+00  1.00000E+00  6.00551E-05
 7.40377E-01  4.03775E-02  1.39630E-01  1.00000E+00  1.00000E+00  6.00551E-05
 7.40377E-01  7.37108E-02  1.38998E-01  1.00000E+00  1.00000E+00  6.00551E-05
 7.40377E-01  1.07044E-01  1.32359E-01  1.00000E+00  1.00000E+00  6.00551E-05
 7.40377E-01  1.40377E-01  1.20561E-01  1.00000E+00  1.00000E+00  6.00551E-05
 7.40377E-01  1.73711E-01  1.05041E-01  1.00000E+00  1.00000E+00  6.00551E-05
 7.40377E-01  2.07044E-01  8.75359E-02  1.00000E+00  1.00000E+00  6.00551E-05
 7.40377E-01  2.40377E-01  6.97689E-02  1.00000E+00  1.00000E+00  6.00551E-05
 7.40377E-01  2.73711E-01  5.31810E-02  1.00000E+00  1.00000E+00  6.00551E-05
 7.40377E-01  3.07044E-01  3.87643E-02  1.00000E+00  1.00000E+00  6.00551E-05
 7.40377E-01  3.40377E-01  2.70146E-02  1.00000E+00  1.00000E+00  6.00551E-05
 7.40377E-01  3.73711E-01  1.79965E-02  1.00000E+00  1.00000E+00  6.00551E-05
 7.40377E-01  4.07044E-01  1.14719E-02  1.00000E+00  1.00000E+00  6.00551E-05
 7.40377E-01  4.40377E-01  6.99899E-03  1.00000E+00  1.00000E+00  6.00551E-05
 7.40377E-01  4.73711E-01  4.03343E-03  1.00000E+00  1.00000E+00  6.00551E-05
 7.40377E-01  5.07044E-01  2.15459E-03  1.00000E+00  1.00000E+00  6.00551E-05
 7.40377E-01  5.40377E-01  1.25282E-03  1.00000E+00  1.00000E+00  6.00551E-05
 7.40377E-01  5.73711E-01  1.37326E-03  1.00000E+00  1.00000E+00  6.00551E-05
 7.40377E-01  6.07044E-01  2.47395E-03  1.00000E+00  1.00000E+00  6.00551E-05
 7.40377E-01  6.40377E-01  4.52965E-03  1.00000E+00  1.00000E+00  6.00551E-05
 7.40377E-01  6.73711E-01  7.75638E-03  1.00000E+00  1.00000E+00  6.00551E-05
 7.40377E-01  7.07044E-01  1.26136E-02  1.00000E+00  1.00000E+00  6.00551E-05
 7.40377E-01  7.40377E-01  1.96174E-02  1.00000E+00  1.00000E+00  6.00551E-05
 7.40377E-01  7.73711E-01  2.91776E-02  1.00000E+00  1.00000E+00  6.00551E-05
 7.40377E-01  8.07044E-01  4.14887E-02  1.00000E+00  1.00000E+00  6.00551E-05
 7.40377E-01  8.40377E-01  5.64069E-02  1.00000E+00  1.00000E+00  6.00551E-05
 7.40377E-01  8.73711E-01  7.33353E-02  1.00000E+00  1.00000E+00  6.00551E-05
 7.40377E-01  9.07044E-01  9.11815E-02  1.00000E+00  1.00000E+00  6.00551E-05
 7.40377E-01  9.40377E-01  1.08429E-01  1.00000E+00  1.00000E+00  6.00551E-05
 7.40377E-01  9.73711E-01  1.23327E-01  1.00000E+00  1.00000E+00  6.00551E-05
 7.73711E-01  7.04416E-03  1.99574E-01  1.00000E+00  1.00000E+00  6.00551E-05
 7.73711E-01  4.03775E-02  2.07691E-01  1.00000E+00  1.00000E+00  6.00551E-05
 7.73711E-01  7.37108E-02  2.06750E-01  1.00000E+00  1.00000E+00  6.00551E-05
 7.73711E-01  1.07044E-01  1.96875E-01  1.00000E+00  1.00000E+00  6.00551E-05
 7.73711E-01  1.40377E-01  1.79326E-01  1.00000E+00  1.00000E+00  6.00551E-05
 7.73711E-01  1.73711E-01  1.56241E-01  1.00000E+00  1.00000E+00  6.00551E-05
 7.73711E-01  2.07044E-01  1.30203E-01  1.00000E+00  1.00000E+00  6.00551E-05
 7.73711E-01  2.40377E-01  1.03775E-01  1.00000E+00  1.00000E+00  6.00551E-05
 7.73711E-01  2.73711E-01  7.91013E-02  1.00000E+00  1.00000E+00  6.00551E-05
 7.73711E-01  3.07044E-01  5.76572E-02  1.00000E+00  1.00000E+00  6.00551E-05
 7.73711E-01  3.40377E-01  4.01804E-02  1.00000E+00  1.00000E+00  6.00551E-05
 7.73711E-01  3.73711E-01  2.67671E-02  1.00000E+00  1.00000E+00  6.00551E-05
 7.73711E-01  4.07044E-01  1.70619E-02  1.00000E+00  1.00000E+00  6.00551E-05
 7.73711E-01  4.40377E-01  1.04073E-02  1.00000E+00  1.00000E+00  6.00551E-05
 7.73711E-01  4.73711E-01  5.99652E-03  1.00000E+00  1.00000E+00  6.00551E-05
 7.73711E-01  5.07044E-01  3.20484E-03  1.00000E+00  1.00000E+00  6.00551E-05
 7.73711E-01  5.40377E-01  1.86386E-03  1.00000E+00  1.00000E+00  6.00551E-05
 7.73711E-01  5.73711E-01  2.04024E-03  1.00000E+00  1.00000E+00  6.00551E-05
 7.73711E-01  6.07044E-01  3.67697E-03  1.00000E+00  1.00000E+00  6.00551E-05
 7.73711E-01  6.40377E-01  6.73594E-03  1.00000E+00  1.00000E+00  6.00551E-05
 7.73711E-01  6.73711E-01  1.15357E-02  1.00000E+00  1.00000E+00  6.00551E-05
 7.73711E-01  7.07044E-01  1.87601E-02  1.00000E+00  1.00000E+00  6.00551E-05
 7.73711E-01  7.40377E-01  2.91776E-02  1.00000E+00  1.00000E+00  6.00551E-05
 7.73711E-01  7.73711E-01  4.33979E-02  1.00000E+00  1.00000E+00  6.00551E-05
 7.73711E-01  8.07044E-01  6.17098E-02  1.00000E+00  1.00000E+00  6.00551E-05
 7.73711E-01  8.40377E-01  8.38999E-02  1.00000E+00  1.00000E+00  6.00551E-05
 7.73711E-01  8.73711E-01  1.09080E-01  1.00000E+00  1.00000E+00  6.00551E-05
 7.73711E-01  9.07044E-01  1.35626E-01  1.00000E+00  1.00000E+00  6.00551E-05
 7.73711E-01  9.40377E-01  1.61281E-01  1.00000E+00  1.00000E+00  6.00551E-05
 7.73711E-01  9.73711E-01  1.83441E-01  1.00000E+00  1.00000E+00  6.00551E-05
 8.07044E-01  7.04416E-03  2.83792E-01  1.00000E+00  1.00000E+00  6.00551E-05
 8.07044E-01  4.03775E-02  2.95334E-01  1.00000E+00  1.00000E+00  6.00551E-05
 8.07044E-01  7.37108E-02  2.93997E-01  1.00000E+00  1.00000E+00  6.00551E-05
 8.07044E-01  1.07044E-01  2.79954E-01  1.00000E+00  1.00000E+00  6.00551E-05
 8.07044E-01  1.40377E-01  2.55000E-01  1.00000E+00  1.00000E+00  6.00551E-05
 8.07044E-01  1.73711E-01  2.22172E-01  1.00000E+00  1.00000E+00  6.00551E-05
 8.07044E-01  2.07044E-01  1.85146E-01  1.00000E+00  1.00000E+00  6.00551E-05
 8.07044E-01  2.40377E-01  1.47566E-01  1.00000E+00  1.00000E+00  6.00551E-05
 8.07044E-01  2.73711E-01  1.12480E-01  1.00000E+00  1.00000E+00  6.00551E-05
 8.07044E-01  3.07044E-01  8.19863E-02  1.00000E+00  1.00000E+00  6.00551E-05
 8.07044E-01  3.40377E-01  5.71344E-02  1.00000E+00  1.00000E+00  6.00551E-05
 8.07044E-01  3.73711E-01  3.80614E-02  1.00000E+00  1.00000E+00  6.00551E-05
 8.07044E-01  4.07044E-01  2.42604E-02  1.00000E+00  1.00000E+00  6.00551E-05
 8.07044E-01  4.40377E-01  1.47958E-02  1.00000E+00  1.00000E+00  6.00551E-05
 8.07044E-01  4.73711E-01  8.52408E-03  1.00000E+00  1.00000E+00  6.00551E-05
 8.07044E-01  5.07044E-01  4.55748E-03  1.00000E+00  1.00000E+00  6.00551E-05
 8.07044E-01  5.40377E-01  2.65099E-03  1.00000E+00  1.00000E+00  6.00551E-05
 8.07044E-01  5.73711E-01  2.89877E-03  1.00000E+00  1.00000E+00  6.00551E-05
 8.07044E-01  6.07044E-01  5.22570E-03  1.00000E+00  1.00000E+00  6.00551E-05
 8.07044E-01  6.40377E-01  9.57697E-03  1.00000E+00  1.00000E+00  6.00551E-05
 8.07044E-01  6.73711E-01  1.64025E-02  1.00000E+00  1.00000E+00  6.00551E-05
 8.07044E-01  7.07044E-01  2.66751E-02  1.00000E+00  1.00000E+00  6.00551E-05
 8.07044E-01  7.40377E-01  4.14887E-02  1.00000E+00  1.00000E+00  6.00551E-05
 8.07044E-01  7.73711E-01  6.17098E-02  1.00000E+00  1.00000E+00  6.00551E-05
 8.07044E-01  8.07044E-01  8.77493E-02  1.00000E+00  1.00000E+00  6.00551E-05
 8.07044E-01  8.40377E-01  1.19304E-01  1.00000E+00  1.00000E+00  6.00551E-05
 8.07044E-01  8.73711E-01  1.55110E-01  1.00000E+00  1.00000E+00  6.00551E-05
 8.07044E-01  9.07044E-01  1.92857E-01  1.00000E+00  1.00000E+00  6.00551E-05
 8.07044E-01  9.40377E-01  2.29339E-01  1.00000E+00  1.00000E+00  6.00551E-05
 8.07044E-01  9.73711E-01  2.60851E-01  1.00000E+00  1.00000E+00  6.00551E-05
 8.40377E-01  7.04416E-03  3.85846E-01  1.00000E+00  1.00000E+00  6.00551E-05
 8.40377E-01  4.03775E-02  4.01539E-01  1.00000E+00  1.00000E+00  6.00551E-05
 8.40377E-01  7.37108E-02  3.99721E-01  1.00000E+00  1.00000E+00  6.00551E-05
 8.40377E-01  1.07044E-01  3.80628E-01  1.00000E+00  1.00000E+00  6.00551E-05
 8.40377E-01  1.40377E-01  3.46700E-01  1.00000E+00  1.00000E+00  6.00551E-05
 8.40377E-01  1.73711E-01  3.02066E-01  1.00000E+00  1.00000E+00  6.00551E-05
 8.40377E-01  2.07044E-01  2.51725E-01  1.00000E+00  1.00000E+00  6.00551E-05
 8.40377E-01  2.40377E-01  2.00631E-01  1.00000E+00  1.00000E+00  6.00551E-05
 8.40377E-01  2.73711E-01  1.52927E-01  1.00000E+00  1.00000E+00  6.00551E-05
 8.40377E-01  3.07044E-01  1.11468E-01  1.00000E+00  1.00000E+00  6.00551E-05
 8.40377E-01  3.40377E-01  7.76791E-02  1.00000E+00  1.00000E+00  6.00551E-05
 8.40377E-01  3.73711E-01  5.17478E-02  1.00000E+00  1.00000E+00  6.00551E-05
 8.40377E-01  4.07044E-01  3.29834E-02  1.00000E+00  1.00000E+00  6.00551E-05
 8.40377E-01  4.40377E-01  2.01135E-02  1.00000E+00  1.00000E+00  6.00551E-05
 8.40377E-01  4.73711E-01  1.15865E-02  1.00000E+00  1.00000E+00  6.00551E-05
 8.40377E-01  5.07044E-01  6.19672E-03  1.00000E+00  1.00000E+00  6.00551E-05
 8.40377E-01  5.40377E-01  3.60505E-03  1.00000E+00  1.00000E+00  6.00551E-05
 8.40377E-01  5.73711E-01  3.93876E-03  1.00000E+00  1.00000E+00  6.00551E-05
 8.40377E-01  6.07044E-01  7.10198E-03  1.00000E+00  1.00000E+00  6.00551E-05
 8.40377E-01  6.40377E-01  1.30196E-02  1.00000E+00  1.00000E+00  6.00551E-05
 8.40377E-01  6.73711E-01  2.23000E-02  1.00000E+00  1.00000E+00  6.00551E-05
 8.40377E-01  7.07044E-01  3.62663E-02  1.00000E+00  1.00000E+00  6.00551E-05
 8.40377E-01  7.40377E-01  5.64069E-02  1.00000E+00  1.00000E+00  6.00551E-05
 8.40377E-01  7.73711E-01  8.38999E-02  1.00000E+00  1.00000E+00  6.00551E-05
 8.40377E-01  8.07044E-01  1.19304E-01  1.00000E+00  1.00000E+00  6.00551E-05
 8.40377E-01  8.40377E-01  1.62205E-01  1.00000E+00  1.00000E+00  6.00551E-05
 8.40377E-01  8.73711E-01  2.10888E-01  1.00000E+00  1.00000E+00  6.00551E-05
 8.40377E-01  9.07044E-01  2.62210E-01  1.00000E+00  1.00000E+00  6.00551E-05
 8.40377E-01  9.40377E-01  3.11812E-01  1.00000E+00  1.00000E+00  6.00551E-05
 8.40377E-01  9.73711E-01  3.54655E-01  1.00000E+00  1.00000E+00  6.00551E-05
 8.73711E-01  7.04416E-03  5.01651E-01  1.00000E+00  1.00000E+00  6.00551E-05
 8.73711E-01  4.03775E-02  5.22055E-01  1.00000E+00  1.00000E+00  6.00551E-05
 8.73711E-01  7.37108E-02  5.19690E-01  1.00000E+00  1.00000E+00  6.00551E-05
 8.73711E-01  1.07044E-01  4.94867E-01  1.00000E+00  1.00000E+00  6.00551E-05
 8.73711E-01  1.40377E-01  4.50755E-01  1.00000E+00  1.00000E+00  6.00551E-05
 8.73711E-01  1.73711E-01  3.92726E-01  1.00000E+00  1.00000E+00  6.00551E-05
 8.73711E-01  2.07044E-01  3.27275E-01  1.00000E+00  1.00000E+00  6.00551E-05
 8.73711E-01  2.40377E-01  2.60846E-01  1.00000E+00  1.00000E+00  6.00551E-05
 8.73711E-01  2.73711E-01  1.98825E-01  1.00000E+00  1.00000E+00  6.00551E-05
 8.73711E-01  3.07044E-01  1.44922E-01  1.00000E+00  1.00000E+00  6.00551E-05
 8.73711E-01  3.40377E-01  1.00992E-01  1.00000E+00  1.00000E+00  6.00551E-05
 8.73711E-01  3.73711E-01  6.72783E-02  1.00000E+00  1.00000E+00  6.00551E-05
 8.73711E-01  4.07044E-01  4.28816E-02  1.00000E+00  1.00000E+00  6.00551E-05
 8.73711E-01  4.40377E-01  2.61472E-02  1.00000E+00  1.00000E+00  6.00551E-05
 8.73711E-01  4.73711E-01  1.50613E-02  1.00000E+00  1.00000E+00  6.00551E-05
 8.73711E-01  5.07044E-01  8.05694E-03  1.00000E+00  1.00000E+00  6.00551E-05
 8.73711E-01  5.40377E-01  4.68786E-03  1.00000E+00  1.00000E+00  6.00551E-05
 8.73711E-01  5.73711E-01  5.11858E-03  1.00000E+00  1.00000E+00  6.00551E-05
 8.73711E-01  6.07044E-01  9.23070E-03  1.00000E+00  1.00000E+00  6.00551E-05
 8.73711E-01  6.40377E-01  1.69259E-02  1.00000E+00  1.00000E+00  6.00551E-05
 8.73711E-01  6.73711E-01  2.89921E-02  1.00000E+00  1.00000E+00  6.00551E-05
 8.73711E-01  7.07044E-01  4.71498E-02  1.00000E+00  1.00000E+00  6.00551E-05
 8.73711E-01  7.40377E-01  7.33353E-02  1.00000E+00  1.00000E+00  6.00551E-05
 8.73711E-01  7.73711E-01  1.09080E-01  1.00000E+00  1.00000E+00  6.00551E-05
 8.73711E-01  8.07044E-01  1.55110E-01  1.00000E+00  1.00000E+00  6.00551E-05
 8.73711E-01  8.40377E-01  2.10888E-01  1.00000E+00  1.00000E+00  6.00551E-05
 8.73711E-01  8.73711E-01  2.74182E-01  1.00000E+00  1.00000E+00  6.00551E-05
 8.73711E-01  9.07044E-01  3.40908E-01  1.00000E+00  1.00000E+00  6.00551E-05
 8.73711E-01  9.40377E-01  4.05397E-01  1.00000E+00  1.00000E+00  6.00551E-05
 8.73711E-01  9.73711E-01  4.61099E-01  1.00000E+00  1.00000E+00  6.00551E-05
 9.07044E-01  7.04416E-03  6.23736E-01  1.00000E+00  1.00000E+00  6.00551E-05
 9.07044E-01  4.03775E-02  6.49105E-01  1.00000E+00  1.00000E+00  6.00551E-05
 9.07044E-01  7.37108E-02  6.46165E-01  1.00000E+00  1.00000E+00  6.00551E-05
 9.07044E-01  1.07044E-01  6.15301E-01  1.00000E+00  1.00000E+00  6.00551E-05
 9.07044E-01  1.40377E-01  5.60454E-01  1.00000E+00  1.00000E+00  6.00551E-05
 9.07044E-01  1.73711E-01  4.88302E-01  1.00000E+00  1.00000E+00  6.00551E-05
 9.07044E-01  2.07044E-01  4.06923E-01  1.00000E+00  1.00000E+00  6.00551E-05
 9.07044E-01  2.40377E-01  3.24327E-01  1.00000E+00  1.00000E+00  6.00551E-05
 9.07044E-01  2.73711E-01  2.47211E-01  1.00000E+00  1.00000E+00  6.00551E-05
 9.07044E-01  3.07044E-01  1.80190E-01  1.00000E+00  1.00000E+00  6.00551E-05
 9.07044E-01  3.40377E-01  1.25569E-01  1.00000E+00  1.00000E+00  6.00551E-05
 9.07044E-01  3.73711E-01  8.36510E-02  1.00000E+00  1.00000E+00  6.00551E-05
 9.07044E-01  4.07044E-01  5.33165E-02  1.00000E+00  1.00000E+00  6.00551E-05
 9.07044E-01  4.40377E-01  3.25080E-02  1.00000E+00  1.00000E+00  6.00551E-05
 9.07044E-01  4.73711E-01  1.87242E-02  1.00000E+00  1.00000E+00  6.00551E-05
 9.07044E-01  5.07044E-01  1.00181E-02  1.00000E+00  1.00000E+00  6.00551E-05
 9.07044E-01  5.40377E-01  5.82954E-03  1.00000E+00  1.00000E+00  6.00551E-05
 9.07044E-01  5.73711E-01  6.36214E-03  1.00000E+00  1.00000E+00  6.00551E-05
 9.07044E-01  6.07044E-01  1.14746E-02  1.00000E+00  1.00000E+00  6.00551E-05
 9.07044E-01  6.40377E-01  2.10440E-02  1.00000E+00  1.00000E+00  6.00551E-05
 9.07044E-01  6.73711E-01  3.60472E-02  1.00000E+00  1.00000E+00  6.00551E-05
 9.07044E-01  7.07044E-01  5.86234E-02  1.00000E+00  1.00000E+00  6.00551E-05
 9.07044E-01  7.40377E-01  9.11815E-02  1.00000E+00  1.00000E+00  6.00551E-05
 9.07044E-01  7.73711E-01  1.35626E-01  1.00000E+00  1.00000E+00  6.00551E-05
 9.07044E-01  8.07044E-01  1.92857E-01  1.00000E+00  1.00000E+00  6.00551E-05
 9.07044E-01  8.40377E-01  2.62210E-01  1.00000E+00  1.00000E+00  6.00551E-05
 9.07044E-01  8.73711E-01  3.40908E-01  1.00000E+00  1.00000E+00  6.00551E-05
 9.07044E-01  9.07044E-01  4.23873E-01  1.00000E+00  1.00000E+00  6.00551E-05
 9.07044E-01  9.40377E-01  5.04056E-01  1.00000E+00  1.00000E+00  6.00551E-05
 9.07044E-01  9.73711E-01  5.73316E-01  1.00000E+00  1.00000E+00  6.00551E-05
 9.40377E-01  7.04416E-03  7.41727E-01  1.00000E+00  1.00000E+00  6.00551E-05
 9.40377E-01  4.03775E-02  7.71895E-01  1.00000E+00  1.00000E+00  6.00551E-05
 9.40377E-01  7.37108E-02  7.68399E-01  1.00000E+00  1.00000E+00  6.00551E-05
 9.40377E-01  1.07044E-01  7.31696E-01  1.00000E+00  1.00000E+00  6.00551E-05
 9.40377E-01  1.40377E-01  6.66474E-01  1.00000E+00  1.00000E+00  6.00551E-05
 9.40377E-01  1.73711E-01  5.80673E-01  1.00000E+00  1.00000E+00  6.00551E-05
 9.40377E-01  2.07044E-01  4.83899E-01  1.00000E+00  1.00000E+00  6.00551E-05
 9.40377E-01  2.40377E-01  3.85678E-01  1.00000E+00  1.00000E+00  6.00551E-05
 9.40377E-01  2.73711E-01  2.93975E-01  1.00000E+00  1.00000E+00  6.00551E-05
 9.40377E-01  3.07044E-01  2.14275E-01  1.00000E+00  1.00000E+00  6.00551E-05
 9.40377E-01  3.40377E-01  1.49322E-01  1.00000E+00  1.00000E+00  6.00551E-05
 9.40377E-01  3.73711E-01  9.94746E-02  1.00000E+00  1.00000E+00  6.00551E-05
 9.40377E-01  4.07044E-01  6.34015E-02  1.00000E+00  1.00000E+00  6.00551E-05
 9.40377E-01  4.40377E-01  3.86552E-02  1.00000E+00  1.00000E+00  6.00551E-05
 9.40377E-01  4.73711E-01  2.22641E-02  1.00000E+00  1.00000E+00  6.00551E-05
 9.40377E-01  5.07044E-01  1.19136E-02  1.00000E+00  1.00000E+00  6.00551E-05
 9.40377E-01  5.40377E-01  6.93305E-03  1.00000E+00  1.00000E+00  6.00551E-05
 9.40377E-01  5.73711E-01  7.56384E-03  1.00000E+00  1.00000E+00  6.00551E-05
 9.40377E-01  6.07044E-01  1.36430E-02  1.00000E+00  1.00000E+00  6.00551E-05
 9.40377E-01  6.40377E-01  2.50239E-02  1.00000E+00  1.00000E+00  6.00551E-05
 9.40377E-01  6.73711E-01  4.28656E-02  1.00000E+00  1.00000E+00  6.00551E-05
 9.40377E-01  7.07044E-01  6.97122E-02  1.00000E+00  1.00000E+00  6.00551E-05
 9.40377E-01  7.40377E-01  1.08429E-01  1.00000E+00  1.00000E+00  6.00551E-05
 9.40377E-01  7.73711E-01  1.61281E-01  1.00000E+00  1.00000E+00  6.00551E-05
 9.40377E-01  8.07044E-01  2.29339E-01  1.00000E+00  1.00000E+00  6.00551E-05
 9.40377E-01  8.40377E-01  3.11812E-01  1.00000E+00  1.00000E+00  6.00551E-05
 9.40377E-01  8.73711E-01  4.05397E-01  1.00000E+00  1.00000E+00  6.00551E-05
 9.40377E-01  9.07044E-01  5.04056E-01  1.00000E+00  1.00000E+00  6.00551E-05
 9.40377E-01  9.40377E-01  5.99408E-01  1.00000E+00  1.00000E+00  6.00551E-05
 9.40377E-01  9.73711E-01  6.81769E-01  1.00000E+00  1.00000E+00  6.00551E-05
 9.73711E-01  7.04416E-03  8.43644E-01  1.00000E+00  1.00000E+00  6.00551E-05
 9.73711E-01  4.03775E-02  8.77957E-01  1.00000E+00  1.00000E+00  6.00551E-05
 9.73711E-01  7.37108E-02  8.73981E-01  1.00000E+00  1.00000E+00  6.00551E-05
 9.73711E-01  1.07044E-01  8.32234E-01  1.00000E+00  1.00000E+00  6.00551E-05
 9.73711E-01  1.40377E-01  7.58050E-01  1.00000E+00  1.00000E+00  6.00551E-05
 9.73711E-01  1.73711E-01  6.60460E-01  1.00000E+00  1.00000E+00  6.00551E-05
 9.73711E-01  2.07044E-01  5.50389E-01  1.00000E+00  1.00000E+00  6.00551E-05
 9.73711E-01  2.40377E-01  4.38672E-01  1.00000E+00  1.00000E+00  6.00551E-05
 9.73711E-01  2.73711E-01  3.34368E-01  1.00000E+00  1.00000E+00  6.00551E-05
 9.73711E-01  3.07044E-01  2.43717E-01  1.00000E+00  1.00000E+00  6.00551E-05
 9.73711E-01  3.40377E-01  1.69839E-01  1.00000E+00  1.00000E+00  6.00551E-05
 9.73711E-01  3.73711E-01  1.13143E-01  1.00000E+00  1.00000E+00  6.00551E-05
 9.73711E-01  4.07044E-01  7.21126E-02  1.00000E+00  1.00000E+00  6.00551E-05
 9.73711E-01  4.40377E-01  4.39649E-02  1.00000E+00  1.00000E+00  6.00551E-05
 9.73711E-01  4.73711E-01  2.53216E-02  1.00000E+00  1.00000E+00  6.00551E-05
 9.73711E-01  5.07044E-01  1.35509E-02  1.00000E+00  1.00000E+00  6.00551E-05
 9.73711E-01  5.40377E-01  7.88629E-03  1.00000E+00  1.00000E+00  6.00551E-05
 9.73711E-01  5.73711E-01  8.60173E-03  1.00000E+00  1.00000E+00  6.00551E-05
 9.73711E-01  6.07044E-01  1.55158E-02  1.00000E+00  1.00000E+00  6.00551E-05
 9.73711E-01  6.40377E-01  2.84616E-02  1.00000E+00  1.00000E+00  6.00551E-05
 9.73711E-01  6.73711E-01  4.87551E-02  1.00000E+00  1.00000E+00  6.00551E-05
 9.73711E-01  7.07044E-01  7.92904E-02  1.00000E+00  1.00000E+00  6.00551E-05
 9.73711E-01  7.40377E-01  1.23327E-01  1.00000E+00  1.00000E+00  6.00551E-05
 9.73711E-01  7.73711E-01  1.83441E-01  1.00000E+00  1.00000E+00  6.00551E-05
 9.73711E-01  8.07044E-01  2.60851E-01  1.00000E+00  1.00000E+00  6.00551E-05
 9.73711E-01  8.40377E-01  3.54655E-01  1.00000E+00  1.00000E+00  6.00551E-05
 9.73711E-01  8.73711E-01  4.61099E-01  1.00000E+00  1.00000E+00  6.00551E-05
 9.73711E-01  9.07044E-01  5.73316E-01  1.00000E+00  1.00000E+00  6.00551E-05
 9.73711E-01  9.40377E-01  6.81769E-01  1.00000E+00  1.00000E+00  6.00551E-05
 9.73711E-01  9.73711E-01  7.75447E-01  1.00000E+00  1.00000E+00  6.00551E-05
