 7.04416E-03  7.04416E-03  8.29006E-04  1.00000E+00  1.00000E+00  6.00566E-05
 7.04416E-03  4.03775E-02  4.51153E-04  1.00000E+00  1.00000E+00  6.00566E-05
 7.04416E-03  7.37108E-02  2.43958E-04  1.00000E+00  1.00000E+00  6.00566E-05
 7.04416E-03  1.07044E-01  2.82849E-04  1.00000E+00  1.00000E+00  6.00566E-05
 7.04416E-03  1.40377E-01  5.34543E-04  1.00000E+00  1.00000E+00  6.00566E-05
 7.04416E-03  1.73711E-01  9.54991E-04  1.00000E+00  1.00000E+00  6.00566E-05
 7.04416E-03  2.07044E-01  1.61670E-03  1.00000E+00  1.00000E+00  6.00566E-05
 7.04416E-03  2.40377E-01  2.62275E-03  1.00000E+00  1.00000E+00  6.00566E-05
 7.04416E-03  2.73711E-01  4.06965E-03  1.00000E+00  1.00000E+00  6.00566E-05
 7.04416E-03  3.07044E-01  6.04029E-03  1.00000E+00  1.00000E+00  6.00566E-05
 7.04416E-03  3.40377E-01  8.57515E-03  1.00000E+00  1.00000E+00  6.00566E-05
 7.04416E-03  3.73711E-01  1.16438E-02  1.00000E+00  1.00000E+00  6.00566E-05
 7.04416E-03  4.07044E-01  1.51220E-02  1.00000E+00  1.00000E+00  6.00566E-05
 7.04416E-03  4.40377E-01  1.87837E-02  1.00000E+00  1.00000E+00  6.00566E-05
 7.04416E-03  4.73711E-01  2.23158E-02  1.00000E+00  1.00000E+00  6.00566E-05
 7.04416E-03  5.07044E-01  2.53573E-02  1.00000E+00  1.00000E+00  6.00566E-05
 7.04416E-03  5.40377E-01  2.75582E-02  1.00000E+00  1.00000E+00  6.00566E-05
 7.04416E-03  5.73711E-01  2.86457E-02  1.00000E+00  1.00000E+00  6.00566E-05
 7.04416E-03  6.07044E-01  2.84792E-02  1.00000E+00  1.00000E+00  6.00566E-05
 7.04416E-03  6.40377E-01  2.70804E-02  1.00000E+00  1.00000E+00  6.00566E-05
 7.04416E-03  6.73711E-01  2.46289E-02  1.00000E+00  1.00000E+00  6.00566E-05
 7.04416E-03  7.07044E-01  2.14236E-02  1.00000E+00  1.00000E+00  6.00566E-05
 7.04416E-03  7.40377E-01  1.78238E-02  1.00000E+00  1.00000E+00  6.00566E-05
 7.04416E-03  7.73711E-01  1.41830E-02  1.00000E+00  1.00000E+00  6.00566E-05
 7.04416E-03  8.07044E-01  1.07943E-02  1.00000E+00  1.00000E+00  6.00566E-05
 7.04416E-03  8.40377E-01  7.85744E-03  1.00000E+00  1.00000E+00  6.00566E-05
 7.04416E-03  8.73711E-01  5.47050E-03  1.00000E+00  1.00000E+00  6.00566E-05
 7.04416E-03  9.07044E-01  3.64311E-03  1.00000E+00  1.00000E+00  6.00566E-05
 7.04416E-03  9.40377E-01  2.32019E-03  1.00000E+00  1.00000E+00  6.00566E-05
 7.04416E-03  9.73711E-01  1.41282E-03  1.00000E+00  1.00000E+00  6.00566E-05
 4.03775E-02  7.04416E-03  4.51153E-04  1.00000E+00  1.00000E+00  6.00566E-05
 4.03775E-02  4.03775E-02  2.45122E-04  1.00000E+00  1.00000E+00  6.00566E-05
 4.03775E-02  7.37108E-02  1.32441E-04  1.00000E+00  1.00000E+00  6.00566E-05
 4.03775E-02  1.07044E-01  1.53969E-04  1.00000E+00  1.00000E+00  6.00566E-05
 4.03775E-02  1.40377E-01  2.90575E-04  1.00000E+00  1.00000E+00  6.00566E-05
 4.03775E-02  1.73711E-01  5.19469E-04  1.00000E+00  1.00000E+00  6.00566E-05
 4.03775E-02  2.07044E-01  8.79776E-04  1.00000E+00  1.00000E+00  6.00566E-05
 4.03775E-02  2.40377E-01  1.42762E-03  1.00000E+00  1.00000E+00  6.00566E-05
 4.03775E-02  2.73711E-01  2.21566E-03  1.00000E+00  1.00000E+00  6.00566E-05
 4.03775E-02  3.07044E-01  3.28908E-03  1.00000E+00  1.00000E+00  6.00566E-05
 4.03775E-02  3.40377E-01  4.66993E-03  1.00000E+00  1.00000E+00  6.00566E-05
 4.03775E-02  3.73711E-01  6.34167E-03  1.00000E+00  1.00000E+00  6.00566E-05
 4.03775E-02  4.07044E-01  8.23663E-03  1.00000E+00  1.00000E+00  6.00566E-05
 4.03775E-02  4.40377E-01  1.02317E-02  1.00000E+00  1.00000E+00  6.00566E-05
 4.03775E-02  4.73711E-01  1.21562E-02  1.00000E+00  1.00000E+00  6.00566E-05
 4.03775E-02  5.07044E-01  1.38133E-02  1.00000E+00  1.00000E+00  6.00566E-05
 4.03775E-02  5.40377E-01  1.50126E-02  1.00000E+00  1.00000E+00  6.00566E-05
 4.03775E-02  5.73711E-01  1.56051E-02  1.00000E+00  1.00000E+00  6.00566E-05
 4.03775E-02  6.07044E-01  1.55144E-02  1.00000E+00  1.00000E+00  6.00566E-05
 4.03775E-02  6.40377E-01  1.47523E-02  1.00000E+00  1.00000E+00  6.00566E-05
 4.03775E-02  6.73711E-01  1.34166E-02  1.00000E+00  1.00000E+00  6.00566E-05
 4.03775E-02  7.07044E-01  1.16702E-02  1.00000E+00  1.00000E+00  6.00566E-05
 4.03775E-02  7.40377E-01  9.70884E-03  1.00000E+00  1.00000E+00  6.00566E-05
 4.03775E-02  7.73711E-01  7.72519E-03  1.00000E+00  1.00000E+00  6.00566E-05
 4.03775E-02  8.07044E-01  5.87897E-03  1.00000E+00  1.00000E+00  6.00566E-05
 4.03775E-02  8.40377E-01  4.27902E-03  1.00000E+00  1.00000E+00  6.00566E-05
 4.03775E-02  8.73711E-01  2.97870E-03  1.00000E+00  1.00000E+00  6.00566E-05
 4.03775E-02  9.07044E-01  1.98334E-03  1.00000E+00  1.00000E+00  6.00566E-05
 4.03775E-02  9.40377E-01  1.26277E-03  1.00000E+00  1.00000E+00  6.00566E-05
 4.03775E-02  9.73711E-01  7.68531E-04  1.00000E+00  1.00000E+00  6.00566E-05
 7.37108E-02  7.04416E-03  2.43958E-04  1.00000E+00  1.00000E+00  6.00566E-05
 7.37108E-02  4.03775E-02  1.32441E-04  1.00000E+00  1.00000E+00  6.00566E-05
 7.37108E-02  7.37108E-02  7.16130E-05  1.00000E+00  1.00000E+00  6.00566E-05
 7.37108E-02  1.07044E-01  8.34872E-05  1.00000E+00  1.00000E+00  6.00566E-05
 7.37108E-02  1.40377E-01  1.57054E-04  1.00000E+00  1.00000E+00  6.00566E-05
 7.37108E-02  1.73711E-01  2.80645E-04  1.00000E+00  1.00000E+00  6.00566E-05
 7.37108E-02  2.07044E-01  4.75129E-04  1.00000E+00  1.00000E+00  6.00566E-05
 7.37108E-02  2.40377E-01  7.70734E-04  1.00000E+00  1.00000E+00  6.00566E-05
 7.37108E-02  2.73711E-01  1.19592E-03  1.00000E+00  1.00000E+00  6.00566E-05
 7.37108E-02  3.07044E-01  1.77501E-03  1.00000E+00  1.00000E+00  6.00566E-05
 7.37108E-02  3.40377E-01  2.51993E-03  1.00000E+00  1.00000E+00  6.00566E-05
 7.37108E-02  3.73711E-01  3.42175E-03  1.00000E+00  1.00000E+00  6.00566E-05
 7.37108E-02  4.07044E-01  4.44396E-03  1.00000E+00  1.00000E+00  6.00566E-05
 7.37108E-02  4.40377E-01  5.52014E-03  1.00000E+00  1.00000E+00  6.00566E-05
 7.37108E-02  4.73711E-01  6.55826E-03  1.00000E+00  1.00000E+00  6.00566E-05
 7.37108E-02  5.07044E-01  7.45218E-03  1.00000E+00  1.00000E+00  6.00566E-05
 7.37108E-02  5.40377E-01  8.09909E-03  1.00000E+00  1.00000E+00  6.00566E-05
 7.37108E-02  5.73711E-01  8.41874E-03  1.00000E+00  1.00000E+00  6.00566E-05
 7.37108E-02  6.07044E-01  8.36984E-03  1.00000E+00  1.00000E+00  6.00566E-05
 7.37108E-02  6.40377E-01  7.95877E-03  1.00000E+00  1.00000E+00  6.00566E-05
 7.37108E-02  6.73711E-01  7.23825E-03  1.00000E+00  1.00000E+00  6.00566E-05
 7.37108E-02  7.07044E-01  6.29621E-03  1.00000E+00  1.00000E+00  6.00566E-05
 7.37108E-02  7.40377E-01  5.23821E-03  1.00000E+00  1.00000E+00  6.00566E-05
 7.37108E-02  7.73711E-01  4.16816E-03  1.00000E+00  1.00000E+00  6.00566E-05
 7.37108E-02  8.07044E-01  3.17221E-03  1.00000E+00  1.00000E+00  6.00566E-05
 7.37108E-02  8.40377E-01  2.30909E-03  1.00000E+00  1.00000E+00  6.00566E-05
 7.37108E-02  8.73711E-01  1.60756E-03  1.00000E+00  1.00000E+00  6.00566E-05
 7.37108E-02  9.07044E-01  1.07058E-03  1.00000E+00  1.00000E+00  6.00566E-05
 7.37108E-02  9.40377E-01  6.81736E-04  1.00000E+00  1.00000E+00  6.00566E-05
 7.37108E-02  9.73711E-01  4.14929E-04  1.00000E+00  1.00000E+00  6.00566E-05
 1.07044E-01  7.04416E-03  2.82849E-04  1.00000E+00  1.00000E+00  6.00566E-05
 1.07044E-01  4.03775E-02  1.53969E-04  1.00000E+00  1.00000E+00  6.00566E-05
 1.07044E-01  7.37108E-02  8.34872E-05  1.00000E+00  1.00000E+00  6.00566E-05
 1.07044E-01  1.07044E-01  9.71769E-05  1.00000E+00  1.00000E+00  6.00566E-05
 1.07044E-01  1.40377E-01  1.82432E-04  1.00000E+00  1.00000E+00  6.00566E-05
 1.07044E-01  1.73711E-01  3.25280E-04  1.00000E+00  1.00000E+00  6.00566E-05
 1.07044E-01  2.07044E-01  5.49732E-04  1.00000E+00  1.00000E+00  6.00566E-05
 1.07044E-01  2.40377E-01  8.90540E-04  1.00000E+00  1.00000E+00  6.00566E-05
 1.07044E-01  2.73711E-01  1.38034E-03  1.00000E+00  1.00000E+00  6.00566E-05
 1.07044E-01  3.07044E-01  2.04705E-03  1.00000E+00  1.00000E+00  6.00566E-05
 1.07044E-01  3.40377E-01  2.90430E-03  1.00000E+00  1.00000E+00  6.00566E-05
 1.07044E-01  3.73711E-01  3.94175E-03  1.00000E+00  1.00000E+00  6.00566E-05
 1.07044E-01  4.07044E-01  5.11740E-03  1.00000E+00  1.00000E+00  6.00566E-05
 1.07044E-01  4.40377E-01  6.35490E-03  1.00000E+00  1.00000E+00  6.00566E-05
 1.07044E-01  4.73711E-01  7.54846E-03  1.00000E+00  1.00000E+00  6.00566E-05
 1.07044E-01  5.07044E-01  8.57614E-03  1.00000E+00  1.00000E+00  6.00566E-05
 1.07044E-01  5.40377E-01  9.31979E-03  1.00000E+00  1.00000E+00  6.00566E-05
 1.07044E-01  5.73711E-01  9.68722E-03  1.00000E+00  1.00000E+00  6.00566E-05
 1.07044E-01  6.07044E-01  9.63100E-03  1.00000E+00  1.00000E+00  6.00566E-05
 1.07044E-01  6.40377E-01  9.15846E-03  1.00000E+00  1.00000E+00  6.00566E-05
 1.07044E-01  6.73711E-01  8.33017E-03  1.00000E+00  1.00000E+00  6.00566E-05
 1.07044E-01  7.07044E-01  7.24716E-03  1.00000E+00  1.00000E+00  6.00566E-05
 1.07044E-01  7.40377E-01  6.03070E-03  1.00000E+00  1.00000E+00  6.00566E-05
 1.07044E-01  7.73711E-01  4.80020E-03  1.00000E+00  1.00000E+00  6.00566E-05
 1.07044E-01  8.07044E-01  3.65469E-03  1.00000E+00  1.00000E+00  6.00566E-05
 1.07044E-01  8.40377E-01  2.66169E-03  1.00000E+00  1.00000E+00  6.00566E-05
 1.07044E-01  8.73711E-01  1.85431E-03  1.00000E+00  1.00000E+00  6.00566E-05
 1.07044E-01  9.07044E-01  1.23599E-03  1.00000E+00  1.00000E+00  6.00566E-05
 1.07044E-01  9.40377E-01  7.87981E-04  1.00000E+00  1.00000E+00  6.00566E-05
 1.07044E-01  9.73711E-01  4.80331E-04  1.00000E+00  1.00000E+00  6.00566E-05
 1.40377E-01  7.04416E-03  5.34543E-04  1.00000E+00  1.00000E+00  6.00566E-05
 1.40377E-01  4.03775E-02  2.90575E-04  1.00000E+00  1.00000E+00  6.00566E-05
 1.40377E-01  7.37108E-02  1.57054E-04  1.00000E+00  1.00000E+00  6.00566E-05
 1.40377E-01  1.07044E-01  1.82432E-04  1.00000E+00  1.00000E+00  6.00566E-05
 1.40377E-01  1.40377E-01  3.44402E-04  1.00000E+00  1.00000E+00  6.00566E-05
 1.40377E-01  1.73711E-01  6.15572E-04  1.00000E+00  1.00000E+00  6.00566E-05
 1.40377E-01  2.07044E-01  1.04243E-03  1.00000E+00  1.00000E+00  6.00566E-05
 1.40377E-01  2.40377E-01  1.69149E-03  1.00000E+00  1.00000E+00  6.00566E-05
 1.40377E-01  2.73711E-01  2.62513E-03  1.00000E+00  1.00000E+00  6.00566E-05
 1.40377E-01  3.07044E-01  3.89688E-03  1.00000E+00  1.00000E+00  6.00566E-05
 1.40377E-01  3.40377E-01  5.53290E-03  1.00000E+00  1.00000E+00  6.00566E-05
 1.40377E-01  3.73711E-01  7.51357E-03  1.00000E+00  1.00000E+00  6.00566E-05
 1.40377E-01  4.07044E-01  9.75871E-03  1.00000E+00  1.00000E+00  6.00566E-05
 1.40377E-01  4.40377E-01  1.21225E-02  1.00000E+00  1.00000E+00  6.00566E-05
 1.40377E-01  4.73711E-01  1.44026E-02  1.00000E+00  1.00000E+00  6.00566E-05
 1.40377E-01  5.07044E-01  1.63660E-02  1.00000E+00  1.00000E+00  6.00566E-05
 1.40377E-01  5.40377E-01  1.77869E-02  1.00000E+00  1.00000E+00  6.00566E-05
 1.40377E-01  5.73711E-01  1.84889E-02  1.00000E+00  1.00000E+00  6.00566E-05
 1.40377E-01  6.07044E-01  1.83815E-02  1.00000E+00  1.00000E+00  6.00566E-05
 1.40377E-01  6.40377E-01  1.74785E-02  1.00000E+00  1.00000E+00  6.00566E-05
 1.40377E-01  6.73711E-01  1.58959E-02  1.00000E+00  1.00000E+00  6.00566E-05
 1.40377E-01  7.07044E-01  1.38267E-02  1.00000E+00  1.00000E+00  6.00566E-05
 1.40377E-01  7.40377E-01  1.15029E-02  1.00000E+00  1.00000E+00  6.00566E-05
 1.40377E-01  7.73711E-01  9.15271E-03  1.00000E+00  1.00000E+00  6.00566E-05
 1.40377E-01  8.07044E-01  6.96532E-03  1.00000E+00  1.00000E+00  6.00566E-05
 1.40377E-01  8.40377E-01  5.06973E-03  1.00000E+00  1.00000E+00  6.00566E-05
 1.40377E-01  8.73711E-01  3.52915E-03  1.00000E+00  1.00000E+00  6.00566E-05
 1.40377E-01  9.07044E-01  2.34989E-03  1.00000E+00  1.00000E+00  6.00566E-05
 1.40377E-01  9.40377E-01  1.49621E-03  1.00000E+00  1.00000E+00  6.00566E-05
 1.40377E-01  9.73711E-01  9.10717E-04  1.00000E+00  1.00000E+00  6.00566E-05
 1.73711E-01  7.04416E-03  9.54991E-04  1.00000E+00  1.00000E+00  6.00566E-05
 1.73711E-01  4.03775E-02  5.19469E-04  1.00000E+00  1.00000E+00  6.00566E-05
 1.73711E-01  7.37108E-02  2.80645E-04  1.00000E+00  1.00000E+00  6.00566E-05
 1.73711E-01  1.07044E-01  3.25280E-04  1.00000E+00  1.00000E+00  6.00566E-05
 1.73711E-01  1.40377E-01  6.15572E-04  1.00000E+00  1.00000E+00  6.00566E-05
 1.73711E-01  1.73711E-01  1.10044E-03  1.00000E+00  1.00000E+00  6.00566E-05
 1.73711E-01  2.07044E-01  1.86386E-03  1.00000E+00  1.00000E+00  6.00566E-05
 1.73711E-01  2.40377E-01  3.02487E-03  1.00000E+00  1.00000E+00  6.00566E-05
 1.73711E-01  2.73711E-01  4.69495E-03  1.00000E+00  1.00000E+00  6.00566E-05
 1.73711E-01  3.07044E-01  6.96990E-03  1.00000E+00  1.00000E+00  6.00566E-05
 1.73711E-01  3.40377E-01  9.89648E-03  1.00000E+00  1.00000E+00  6.00566E-05
 1.73711E-01  3.73711E-01  1.34396E-02  1.00000E+00  1.00000E+00  6.00566E-05
 1.73711E-01  4.07044E-01  1.74558E-02  1.00000E+00  1.00000E+00  6.00566E-05
 1.73711E-01  4.40377E-01  2.16842E-02  1.00000E+00  1.00000E+00  6.00566E-05
 1.73711E-01  4.73711E-01  2.57630E-02  1.00000E+00  1.00000E+00  6.00566E-05
 1.73711E-01  5.07044E-01  2.92752E-02  1.00000E+00  1.00000E+00  6.00566E-05
 1.73711E-01  5.40377E-01  3.18169E-02  1.00000E+00  1.00000E+00  6.00566E-05
 1.73711E-01  5.73711E-01  3.30727E-02  1.00000E+00  1.00000E+00  6.00566E-05
 1.73711E-01  6.07044E-01  3.28804E-02  1.00000E+00  1.00000E+00  6.00566E-05
 1.73711E-01  6.40377E-01  3.12651E-02  1.00000E+00  1.00000E+00  6.00566E-05
 1.73711E-01  6.73711E-01  2.84340E-02  1.00000E+00  1.00000E+00  6.00566E-05
 1.73711E-01  7.07044E-01  2.47326E-02  1.00000E+00  1.00000E+00  6.00566E-05
 1.73711E-01  7.40377E-01  2.05757E-02  1.00000E+00  1.00000E+00  6.00566E-05
 1.73711E-01  7.73711E-01  1.63715E-02  1.00000E+00  1.00000E+00  6.00566E-05
 1.73711E-01  8.07044E-01  1.24587E-02  1.00000E+00  1.00000E+00  6.00566E-05
 1.73711E-01  8.40377E-01  9.06781E-03  1.00000E+00  1.00000E+00  6.00566E-05
 1.73711E-01  8.73711E-01  6.31209E-03  1.00000E+00  1.00000E+00  6.00566E-05
 1.73711E-01  9.07044E-01  4.20260E-03  1.00000E+00  1.00000E+00  6.00566E-05
 1.73711E-01  9.40377E-01  2.67571E-03  1.00000E+00  1.00000E+00  6.00566E-05
 1.73711E-01  9.73711E-01  1.62871E-03  1.00000E+00  1.00000E+00  6.00566E-05
 2.07044E-01  7.04416E-03  1.61670E-03  1.00000E+00  1.00000E+00  6.00566E-05
 2.07044E-01  4.03775E-02  8.79776E-04  1.00000E+00  1.00000E+00  6.00566E-05
 2.07044E-01  7.37108E-02  4.75129E-04  1.00000E+00  1.00000E+00  6.00566E-05
 2.07044E-01  1.07044E-01  5.49732E-04  1.00000E+00  1.00000E+00  6.00566E-05
 2.07044E-01  1.40377E-01  1.04243E-03  1.00000E+00  1.00000E+00  6.00566E-05
 2.07044E-01  1.73711E-01  1.86386E-03  1.00000E+00  1.00000E+00  6.00566E-05
 2.07044E-01  2.07044E-01  3.15754E-03  1.00000E+00  1.00000E+00  6.00566E-05
 2.07044E-01  2.40377E-01  5.12531E-03  1.00000E+00  1.00000E+00  6.00566E-05
 2.07044E-01  2.73711E-01  7.95602E-03  1.00000E+00  1.00000E+00  6.00566E-05
 2.07044E-01  3.07044E-01  1.18122E-02  1.00000E+00  1.00000E+00  6.00566E-05
 2.07044E-01  3.40377E-01  1.67730E-02  1.00000E+00  1.00000E+00  6.00566E-05
 2.07044E-01  3.73711E-01  2.27790E-02  1.00000E+00  1.00000E+00  6.00566E-05
 2.07044E-01  4.07044E-01  2.95872E-02  1.00000E+00  1.00000E+00  6.00566E-05
 2.07044E-01  4.40377E-01  3.67550E-02  1.00000E+00  1.00000E+00  6.00566E-05
 2.07044E-01  4.73711E-01  4.36692E-02  1.00000E+00  1.00000E+00  6.00566E-05
 2.07044E-01  5.07044E-01  4.96231E-02  1.00000E+00  1.00000E+00  6.00566E-05
 2.07044E-01  5.40377E-01  5.39317E-02  1.00000E+00  1.00000E+00  6.00566E-05
 2.07044E-01  5.73711E-01  5.60605E-02  1.00000E+00  1.00000E+00  6.00566E-05
 2.07044E-01  6.07044E-01  5.57344E-02  1.00000E+00  1.00000E+00  6.00566E-05
 2.07044E-01  6.40377E-01  5.29961E-02  1.00000E+00  1.00000E+00  6.00566E-05
 2.07044E-01  6.73711E-01  4.81968E-02  1.00000E+00  1.00000E+00  6.00566E-05
 2.07044E-01  7.07044E-01  4.19222E-02  1.00000E+00  1.00000E+00  6.00566E-05
 2.07044E-01  7.40377E-01  3.48755E-02  1.00000E+00  1.00000E+00  6.00566E-05
 2.07044E-01  7.73711E-01  2.77488E-02  1.00000E+00  1.00000E+00  6.00566E-05
 2.07044E-01  8.07044E-01  2.11160E-02  1.00000E+00  1.00000E+00  6.00566E-05
 2.07044E-01  8.40377E-01  1.53681E-02  1.00000E+00  1.00000E+00  6.00566E-05
 2.07044E-01  8.73711E-01  1.06971E-02  1.00000E+00  1.00000E+00  6.00566E-05
 2.07044E-01  9.07044E-01  7.12149E-03  1.00000E+00  1.00000E+00  6.00566E-05
 2.07044E-01  9.40377E-01  4.53369E-03  1.00000E+00  1.00000E+00  6.00566E-05
 2.07044E-01  9.73711E-01  2.75956E-03  1.00000E+00  1.00000E+00  6.00566E-05
 2.40377E-01  7.04416E-03  2.62275E-03  1.00000E+00  1.00000E+00  6.00566E-05
 2.40377E-01  4.03775E-02  1.42762E-03  1.00000E+00  1.00000E+00  6.00566E-05
 2.40377E-01  7.37108E-02  7.70734E-04  1.00000E+00  1.00000E+00  6.00566E-05
 2.40377E-01  1.07044E-01  8.90540E-04  1.00000E+00  1.00000E+00  6.00566E-05
 2.40377E-01  1.40377E-01  1.69149E-03  1.00000E+00  1.00000E+00  6.00566E-05
 2.40377E-01  1.73711E-01  3.02487E-03  1.00000E+00  1.00000E+00  6.00566E-05
 2.40377E-01  2.07044E-01  5.12531E-03  1.00000E+00  1.00000E+00  6.00566E-05
 2.40377E-01  2.40377E-01  8.32059E-03  1.00000E+00  1.00000E+00  6.00566E-05
 2.40377E-01  2.73711E-01  1.29173E-02  1.00000E+00  1.00000E+00  6.00566E-05
 2.40377E-01  3.07044E-01  1.91794E-02  1.00000E+00  1.00000E+00  6.00566E-05
 2.40377E-01  3.40377E-01  2.72355E-02  1.00000E+00  1.00000E+00  6.00566E-05
 2.40377E-01  3.73711E-01  3.69892E-02  1.00000E+00  1.00000E+00  6.00566E-05
 2.40377E-01  4.07044E-01  4.80456E-02  1.00000E+00  1.00000E+00  6.00566E-05
 2.40377E-01  4.40377E-01  5.96862E-02  1.00000E+00  1.00000E+00  6.00566E-05
 2.40377E-01  4.73711E-01  7.09151E-02  1.00000E+00  1.00000E+00  6.00566E-05
 2.40377E-01  5.07044E-01  8.05843E-02  1.00000E+00  1.00000E+00  6.00566E-05
 2.40377E-01  5.40377E-01  8.75815E-02  1.00000E+00  1.00000E+00  6.00566E-05
 2.40377E-01  5.73711E-01  9.10386E-02  1.00000E+00  1.00000E+00  6.00566E-05
 2.40377E-01  6.07044E-01  9.05090E-02  1.00000E+00  1.00000E+00  6.00566E-05
 2.40377E-01  6.40377E-01  8.60618E-02  1.00000E+00  1.00000E+00  6.00566E-05
 2.40377E-01  6.73711E-01  7.82675E-02  1.00000E+00  1.00000E+00  6.00566E-05
 2.40377E-01  7.07044E-01  6.80774E-02  1.00000E+00  1.00000E+00  6.00566E-05
 2.40377E-01  7.40377E-01  5.66335E-02  1.00000E+00  1.00000E+00  6.00566E-05
 2.40377E-01  7.73711E-01  4.50597E-02  1.00000E+00  1.00000E+00  6.00566E-05
 2.40377E-01  8.07044E-01  3.42882E-02  1.00000E+00  1.00000E+00  6.00566E-05
 2.40377E-01  8.40377E-01  2.49539E-02  1.00000E+00  1.00000E+00  6.00566E-05
 2.40377E-01  8.73711E-01  1.73686E-02  1.00000E+00  1.00000E+00  6.00566E-05
 2.40377E-01  9.07044E-01  1.15621E-02  1.00000E+00  1.00000E+00  6.00566E-05
 2.40377E-01  9.40377E-01  7.36012E-03  1.00000E+00  1.00000E+00  6.00566E-05
 2.40377E-01  9.73711E-01  4.47973E-03  1.00000E+00  1.00000E+00  6.00566E-05
 2.73711E-01  7.04416E-03  4.06965E-03  1.00000E+00  1.00000E+00  6.00566E-05
 2.73711E-01  4.03775E-02  2.21566E-03  1.00000E+00  1.00000E+00  6.00566E-05
 2.73711E-01  7.37108E-02  1.19592E-03  1.00000E+00  1.00000E+00  6.00566E-05
 2.73711E-01  1.07044E-01  1.38034E-03  1.00000E+00  1.00000E+00  6.00566E-05
 2.73711E-01  1.40377E-01  2.62513E-03  1.00000E+00  1.00000E+00  6.00566E-05
 2.73711E-01  1.73711E-01  4.69495E-03  1.00000E+00  1.00000E+00  6.00566E-05
 2.73711E-01  2.07044E-01  7.95602E-03  1.00000E+00  1.00000E+00  6.00566E-05
 2.73711E-01  2.40377E-01  1.29173E-02  1.00000E+00  1.00000E+00  6.00566E-05
 2.73711E-01  2.73711E-01  2.00546E-02  1.00000E+00  1.00000E+00  6.00566E-05
 2.73711E-01  3.07044E-01  2.97780E-02  1.00000E+00  1.00000E+00  6.00566E-05
 2.73711E-01  3.40377E-01  4.22873E-02  1.00000E+00  1.00000E+00  6.00566E-05
 2.73711E-01  3.73711E-01  5.74325E-02  1.00000E+00  1.00000E+00  6.00566E-05
 2.73711E-01  4.07044E-01  7.46006E-02  1.00000E+00  1.00000E+00  6.00566E-05
 2.73711E-01  4.40377E-01  9.26758E-02  1.00000E+00  1.00000E+00  6.00566E-05
 2.73711E-01  4.73711E-01  1.10112E-01  1.00000E+00  1.00000E+00  6.00566E-05
 2.73711E-01  5.07044E-01  1.25126E-01  1.00000E+00  1.00000E+00  6.00566E-05
 2.73711E-01  5.40377E-01  1.35991E-01  1.00000E+00  1.00000E+00  6.00566E-05
 2.73711E-01  5.73711E-01  1.41359E-01  1.00000E+00  1.00000E+00  6.00566E-05
 2.73711E-01  6.07044E-01  1.40537E-01  1.00000E+00  1.00000E+00  6.00566E-05
 2.73711E-01  6.40377E-01  1.33631E-01  1.00000E+00  1.00000E+00  6.00566E-05
 2.73711E-01  6.73711E-01  1.21528E-01  1.00000E+00  1.00000E+00  6.00566E-05
 2.73711E-01  7.07044E-01  1.05705E-01  1.00000E+00  1.00000E+00  6.00566E-05
 2.73711E-01  7.40377E-01  8.79351E-02  1.00000E+00  1.00000E+00  6.00566E-05
 2.73711E-01  7.73711E-01  6.99636E-02  1.00000E+00  1.00000E+00  6.00566E-05
 2.73711E-01  8.07044E-01  5.32381E-02  1.00000E+00  1.00000E+00  6.00566E-05
 2.73711E-01  8.40377E-01  3.87443E-02  1.00000E+00  1.00000E+00  6.00566E-05
 2.73711E-01  8.73711E-01  2.69663E-02  1.00000E+00  1.00000E+00  6.00566E-05
 2.73711E-01  9.07044E-01  1.79504E-02  1.00000E+00  1.00000E+00  6.00566E-05
 2.73711E-01  9.40377E-01  1.14262E-02  1.00000E+00  1.00000E+00  6.00566E-05
 2.73711E-01  9.73711E-01  6.95438E-03  1.00000E+00  1.00000E+00  6.00566E-05
 3.07044E-01  7.04416E-03  6.04029E-03  1.00000E+00  1.00000E+00  6.00566E-05
 3.07044E-01  4.03775E-02  3.28908E-03  1.00000E+00  1.00000E+00  6.00566E-05
 3.07044E-01  7.37108E-02  1.77501E-03  1.00000E+00  1.00000E+00  6.00566E-05
 3.07044E-01  1.07044E-01  2.04705E-03  1.00000E+00  1.00000E+00  6.00566E-05
 3.07044E-01  1.40377E-01  3.89688E-03  1.00000E+00  1.00000E+00  6.00566E-05
 3.07044E-01  1.73711E-01  6.96990E-03  1.00000E+00  1.00000E+00  6.00566E-05
 3.07044E-01  2.07044E-01  1.18122E-02  1.00000E+00  1.00000E+00  6.00566E-05
 3.07044E-01  2.40377E-01  1.91794E-02  1.00000E+00  1.00000E+00  6.00566E-05
 3.07044E-01  2.73711E-01  2.97780E-02  1.00000E+00  1.00000E+00  6.00566E-05
 3.07044E-01  3.07044E-01  4.42170E-02  1.00000E+00  1.00000E+00  6.00566E-05
 3.07044E-01  3.40377E-01  6.27931E-02  1.00000E+00  1.00000E+00  6.00566E-05
 3.07044E-01  3.73711E-01  8.52837E-02  1.00000E+00  1.00000E+00  6.00566E-05
 3.07044E-01  4.07044E-01  1.10778E-01  1.00000E+00  1.00000E+00  6.00566E-05
 3.07044E-01  4.40377E-01  1.37620E-01  1.00000E+00  1.00000E+00  6.00566E-05
 3.07044E-01  4.73711E-01  1.63513E-01  1.00000E+00  1.00000E+00  6.00566E-05
 3.07044E-01  5.07044E-01  1.85809E-01  1.00000E+00  1.00000E+00  6.00566E-05
 3.07044E-01  5.40377E-01  2.01943E-01  1.00000E+00  1.00000E+00  6.00566E-05
 3.07044E-01  5.73711E-01  2.09915E-01  1.00000E+00  1.00000E+00  6.00566E-05
 3.07044E-01  6.07044E-01  2.08694E-01  1.00000E+00  1.00000E+00  6.00566E-05
 3.07044E-01  6.40377E-01  1.98439E-01  1.00000E+00  1.00000E+00  6.00566E-05
 3.07044E-01  6.73711E-01  1.80466E-01  1.00000E+00  1.00000E+00  6.00566E-05
 3.07044E-01  7.07044E-01  1.56968E-01  1.00000E+00  1.00000E+00  6.00566E-05
 3.07044E-01  7.40377E-01  1.30580E-01  1.00000E+00  1.00000E+00  6.00566E-05
 3.07044E-01  7.73711E-01  1.03892E-01  1.00000E+00  1.00000E+00  6.00566E-05
 3.07044E-01  8.07044E-01  7.90547E-02  1.00000E+00  1.00000E+00  6.00566E-05
 3.07044E-01  8.40377E-01  5.75316E-02  1.00000E+00  1.00000E+00  6.00566E-05
 3.07044E-01  8.73711E-01  4.00416E-02  1.00000E+00  1.00000E+00  6.00566E-05
 3.07044E-01  9.07044E-01  2.66533E-02  1.00000E+00  1.00000E+00  6.00566E-05
 3.07044E-01  9.40377E-01  1.69654E-02  1.00000E+00  1.00000E+00  6.00566E-05
 3.07044E-01  9.73711E-01  1.03256E-02  1.00000E+00  1.00000E+00  6.00566E-05
 3.40377E-01  7.04416E-03  8.57515E-03  1.00000E+00  1.00000E+00  6.00566E-05
 3.40377E-01  4.03775E-02  4.66993E-03  1.00000E+00  1.00000E+00  6.00566E-05
 3.40377E-01  7.37108E-02  2.51993E-03  1.00000E+00  1.00000E+00  6.00566E-05
 3.40377E-01  1.07044E-01  2.90430E-03  1.00000E+00  1.00000E+00  6.00566E-05
 3.40377E-01  1.40377E-01  5.53290E-03  1.00000E+00  1.00000E+00  6.00566E-05
 3.40377E-01  1.73711E-01  9.89648E-03  1.00000E+00  1.00000E+00  6.00566E-05
 3.40377E-01  2.07044E-01  1.67730E-02  1.00000E+00  1.00000E+00  6.00566E-05
 3.40377E-01  2.40377E-01  2.72355E-02  1.00000E+00  1.00000E+00  6.00566E-05
 3.40377E-01  2.73711E-01  4.22873E-02  1.00000E+00  1.00000E+00  6.00566E-05
 3.40377E-01  3.07044E-01  6.27931E-02  1.00000E+00  1.00000E+00  6.00566E-05
 3.40377E-01  3.40377E-01  8.91746E-02  1.00000E+00  1.00000E+00  6.00566E-05
 3.40377E-01  3.73711E-01  1.21115E-01  1.00000E+00  1.00000E+00  6.00566E-05
 3.40377E-01  4.07044E-01  1.57322E-01  1.00000E+00  1.00000E+00  6.00566E-05
 3.40377E-01  4.40377E-01  1.95443E-01  1.00000E+00  1.00000E+00  6.00566E-05
 3.40377E-01  4.73711E-01  2.32215E-01  1.00000E+00  1.00000E+00  6.00566E-05
 3.40377E-01  5.07044E-01  2.63880E-01  1.00000E+00  1.00000E+00  6.00566E-05
 3.40377E-01  5.40377E-01  2.86794E-01  1.00000E+00  1.00000E+00  6.00566E-05
 3.40377E-01  5.73711E-01  2.98115E-01  1.00000E+00  1.00000E+00  6.00566E-05
 3.40377E-01  6.07044E-01  2.96380E-01  1.00000E+00  1.00000E+00  6.00566E-05
 3.40377E-01  6.40377E-01  2.81816E-01  1.00000E+00  1.00000E+00  6.00566E-05
 3.40377E-01  6.73711E-01  2.56291E-01  1.00000E+00  1.00000E+00  6.00566E-05
 3.40377E-01  7.07044E-01  2.22920E-01  1.00000E+00  1.00000E+00  6.00566E-05
 3.40377E-01  7.40377E-01  1.85443E-01  1.00000E+00  1.00000E+00  6.00566E-05
 3.40377E-01  7.73711E-01  1.47542E-01  1.00000E+00  1.00000E+00  6.00566E-05
 3.40377E-01  8.07044E-01  1.12269E-01  1.00000E+00  1.00000E+00  6.00566E-05
 3.40377E-01  8.40377E-01  8.17020E-02  1.00000E+00  1.00000E+00  6.00566E-05
 3.40377E-01  8.73711E-01  5.68633E-02  1.00000E+00  1.00000E+00  6.00566E-05
 3.40377E-01  9.07044E-01  3.78498E-02  1.00000E+00  1.00000E+00  6.00566E-05
 3.40377E-01  9.40377E-01  2.40917E-02  1.00000E+00  1.00000E+00  6.00566E-05
 3.40377E-01  9.73711E-01  1.46626E-02  1.00000E+00  1.00000E+00  6.00566E-05
 3.73711E-01  7.04416E-03  1.16438E-02  1.00000E+00  1.00000E+00  6.00566E-05
 3.73711E-01  4.03775E-02  6.34167E-03  1.00000E+00  1.00000E+00  6.00566E-05
 3.73711E-01  7.37108E-02  3.42175E-03  1.00000E+00  1.00000E+00  6.00566E-05
 3.73711E-01  1.07044E-01  3.94175E-03  1.00000E+00  1.00000E+00  6.00566E-05
 3.73711E-01  1.40377E-01  7.51357E-03  1.00000E+00  1.00000E+00  6.00566E-05
 3.73711E-01  1.73711E-01  1.34396E-02  1.00000E+00  1.00000E+00  6.00566E-05
 3.73711E-01  2.07044E-01  2.27790E-02  1.00000E+00  1.00000E+00  6.00566E-05
 3.73711E-01  2.40377E-01  3.69892E-02  1.00000E+00  1.00000E+00  6.00566E-05
 3.73711E-01  2.73711E-01  5.74325E-02  1.00000E+00  1.00000E+00  6.00566E-05
 3.73711E-01  3.07044E-01  8.52837E-02  1.00000E+00  1.00000E+00  6.00566E-05
 3.73711E-01  3.40377E-01  1.21115E-01  1.00000E+00  1.00000E+00  6.00566E-05
 3.73711E-01  3.73711E-01  1.64498E-01  1.00000E+00  1.00000E+00  6.00566E-05
 3.73711E-01  4.07044E-01  2.13675E-01  1.00000E+00  1.00000E+00  6.00566E-05
 3.73711E-01  4.40377E-01  2.65450E-01  1.00000E+00  1.00000E+00  6.00566E-05
 3.73711E-01  4.73711E-01  3.15395E-01  1.00000E+00  1.00000E+00  6.00566E-05
 3.73711E-01  5.07044E-01  3.58402E-01  1.00000E+00  1.00000E+00  6.00566E-05
 3.73711E-01  5.40377E-01  3.89525E-01  1.00000E+00  1.00000E+00  6.00566E-05
 3.73711E-01  5.73711E-01  4.04901E-01  1.00000E+00  1.00000E+00  6.00566E-05
 3.73711E-01  6.07044E-01  4.02545E-01  1.00000E+00  1.00000E+00  6.00566E-05
 3.73711E-01  6.40377E-01  3.82763E-01  1.00000E+00  1.00000E+00  6.00566E-05
 3.73711E-01  6.73711E-01  3.48095E-01  1.00000E+00  1.00000E+00  6.00566E-05
 3.73711E-01  7.07044E-01  3.02770E-01  1.00000E+00  1.00000E+00  6.00566E-05
 3.73711E-01  7.40377E-01  2.51868E-01  1.00000E+00  1.00000E+00  6.00566E-05
 3.73711E-01  7.73711E-01  2.00390E-01  1.00000E+00  1.00000E+00  6.00566E-05
 3.73711E-01  8.07044E-01  1.52481E-01  1.00000E+00  1.00000E+00  6.00566E-05
 3.73711E-01  8.40377E-01  1.10966E-01  1.00000E+00  1.00000E+00  6.00566E-05
 3.73711E-01  8.73711E-01  7.72297E-02  1.00000E+00  1.00000E+00  6.00566E-05
 3.73711E-01  9.07044E-01  5.14056E-02  1.00000E+00  1.00000E+00  6.00566E-05
 3.73711E-01  9.40377E-01  3.27196E-02  1.00000E+00  1.00000E+00  6.00566E-05
 3.73711E-01  9.73711E-01  1.99136E-02  1.00000E+00  1.00000E+00  6.00566E-05
 4.07044E-01  7.04416E-03  1.51220E-02  1.00000E+00  1.00000E+00  6.00566E-05
 4.07044E-01  4.03775E-02  8.23663E-03  1.00000E+00  1.00000E+00  6.00566E-05
 4.07044E-01  7.37108E-02  4.44396E-03  1.00000E+00  1.00000E+00  6.00566E-05
 4.07044E-01  1.07044E-01  5.11740E-03  1.00000E+00  1.00000E+00  6.00566E-05
 4.07044E-01  1.40377E-01  9.75871E-03  1.00000E+00  1.00000E+00  6.00566E-05
 4.07044E-01  1.73711E-01  1.74558E-02  1.00000E+00  1.00000E+00  6.00566E-05
 4.07044E-01  2.07044E-01  2.95872E-02  1.00000E+00  1.00000E+00  6.00566E-05
 4.07044E-01  2.40377E-01  4.80456E-02  1.00000E+00  1.00000E+00  6.00566E-05
 4.07044E-01  2.73711E-01  7.46006E-02  1.00000E+00  1.00000E+00  6.00566E-05
 4.07044E-01  3.07044E-01  1.10778E-01  1.00000E+00  1.00000E+00  6.00566E-05
 4.07044E-01  3.40377E-01  1.57322E-01  1.00000E+00  1.00000E+00  6.00566E-05
 4.07044E-01  3.73711E-01  2.13675E-01  1.00000E+00  1.00000E+00  6.00566E-05
 4.07044E-01  4.07044E-01  2.77554E-01  1.00000E+00  1.00000E+00  6.00566E-05
 4.07044E-01  4.40377E-01  3.44809E-01  1.00000E+00  1.00000E+00  6.00566E-05
 4.07044E-01  4.73711E-01  4.09685E-01  1.00000E+00  1.00000E+00  6.00566E-05
 4.07044E-01  5.07044E-01  4.65550E-01  1.00000E+00  1.00000E+00  6.00566E-05
 4.07044E-01  5.40377E-01  5.05977E-01  1.00000E+00  1.00000E+00  6.00566E-05
 4.07044E-01  5.73711E-01  5.25951E-01  1.00000E+00  1.00000E+00  6.00566E-05
 4.07044E-01  6.07044E-01  5.22890E-01  1.00000E+00  1.00000E+00  6.00566E-05
 4.07044E-01  6.40377E-01  4.97194E-01  1.00000E+00  1.00000E+00  6.00566E-05
 4.07044E-01  6.73711E-01  4.52160E-01  1.00000E+00  1.00000E+00  6.00566E-05
 4.07044E-01  7.07044E-01  3.93285E-01  1.00000E+00  1.00000E+00  6.00566E-05
 4.07044E-01  7.40377E-01  3.27166E-01  1.00000E+00  1.00000E+00  6.00566E-05
 4.07044E-01  7.73711E-01  2.60298E-01  1.00000E+00  1.00000E+00  6.00566E-05
 4.07044E-01  8.07044E-01  1.98066E-01  1.00000E+00  1.00000E+00  6.00566E-05
 4.07044E-01  8.40377E-01  1.44138E-01  1.00000E+00  1.00000E+00  6.00566E-05
 4.07044E-01  8.73711E-01  1.00316E-01  1.00000E+00  1.00000E+00  6.00566E-05
 4.07044E-01  9.07044E-01  6.67718E-02  1.00000E+00  1.00000E+00  6.00566E-05
 4.07044E-01  9.40377E-01  4.24998E-02  1.00000E+00  1.00000E+00  6.00566E-05
 4.07044E-01  9.73711E-01  2.58659E-02  1.00000E+00  1.00000E+00  6.00566E-05
 4.40377E-01  7.04416E-03  1.87837E-02  1.00000E+00  1.00000E+00  6.00566E-05
 4.40377E-01  4.03775E-02  1.02317E-02  1.00000E+00  1.00000E+00  6.00566E-05
 4.40377E-01  7.37108E-02  5.52014E-03  1.00000E+00  1.00000E+00  6.00566E-05
 4.40377E-01  1.07044E-01  6.35490E-03  1.00000E+00  1.00000E+00  6.00566E-05
 4.40377E-01  1.40377E-01  1.21225E-02  1.00000E+00  1.00000E+00  6.00566E-05
 4.40377E-01  1.73711E-01  2.16842E-02  1.00000E+00  1.00000E+00  6.00566E-05
 4.40377E-01  2.07044E-01  3.67550E-02  1.00000E+00  1.00000E+00  6.00566E-05
 4.40377E-01  2.40377E-01  5.96862E-02  1.00000E+00  1.00000E+00  6.00566E-05
 4.40377E-01  2.73711E-01  9.26758E-02  1.00000E+00  1.00000E+00  6.00566E-05
 4.40377E-01  3.07044E-01  1.37620E-01  1.00000E+00  1.00000E+00  6.00566E-05
 4.40377E-01  3.40377E-01  1.95443E-01  1.00000E+00  1.00000E+00  6.00566E-05
 4.40377E-01  3.73711E-01  2.65450E-01  1.00000E+00  1.00000E+00  6.00566E-05
 4.40377E-01  4.07044E-01  3.44809E-01  1.00000E+00  1.00000E+00  6.00566E-05
 4.40377E-01  4.40377E-01  4.28361E-01  1.00000E+00  1.00000E+00  6.00566E-05
 4.40377E-01  4.73711E-01  5.08958E-01  1.00000E+00  1.00000E+00  6.00566E-05
 4.40377E-01  5.07044E-01  5.78360E-01  1.00000E+00  1.00000E+00  6.00566E-05
 4.40377E-01  5.40377E-01  6.28583E-01  1.00000E+00  1.00000E+00  6.00566E-05
 4.40377E-01  5.73711E-01  6.53397E-01  1.00000E+00  1.00000E+00  6.00566E-05
 4.40377E-01  6.07044E-01  6.49594E-01  1.00000E+00  1.00000E+00  6.00566E-05
 4.40377E-01  6.40377E-01  6.17672E-01  1.00000E+00  1.00000E+00  6.00566E-05
 4.40377E-01  6.73711E-01  5.61726E-01  1.00000E+00  1.00000E+00  6.00566E-05
 4.40377E-01  7.07044E-01  4.88583E-01  1.00000E+00  1.00000E+00  6.00566E-05
 4.40377E-01  7.40377E-01  4.06442E-01  1.00000E+00  1.00000E+00  6.00566E-05
 4.40377E-01  7.73711E-01  3.23370E-01  1.00000E+00  1.00000E+00  6.00566E-05
 4.40377E-01  8.07044E-01  2.46058E-01  1.00000E+00  1.00000E+00  6.00566E-05
 4.40377E-01  8.40377E-01  1.79063E-01  1.00000E+00  1.00000E+00  6.00566E-05
 4.40377E-01  8.73711E-01  1.24623E-01  1.00000E+00  1.00000E+00  6.00566E-05
 4.40377E-01  9.07044E-01  8.29501E-02  1.00000E+00  1.00000E+00  6.00566E-05
 4.40377E-01  9.40377E-01  5.27968E-02  1.00000E+00  1.00000E+00  6.00566E-05
 4.40377E-01  9.73711E-01  3.21327E-02  1.00000E+00  1.00000E+00  6.00566E-05
 4.73711E-01  7.04416E-03  2.23158E-02  1.00000E+00  1.00000E+00  6.00566E-05
 4.73711E-01  4.03775E-02  1.21562E-02  1.00000E+00  1.00000E+00  6.00566E-05
 4.73711E-01  7.37108E-02  6.55826E-03  1.00000E+00  1.00000E+00  6.00566E-05
 4.73711E-01  1.07044E-01  7.54846E-03  1.00000E+00  1.00000E+00  6.00566E-05
 4.73711E-01  1.40377E-01  1.44026E-02  1.00000E+00  1.00000E+00  6.00566E-05
 4.73711E-01  1.73711E-01  2.57630E-02  1.00000E+00  1.00000E+00  6.00566E-05
 4.73711E-01  2.07044E-01  4.36692E-02  1.00000E+00  1.00000E+00  6.00566E-05
 4.73711E-01  2.40377E-01  7.09151E-02  1.00000E+00  1.00000E+00  6.00566E-05
 4.73711E-01  2.73711E-01  1.10112E-01  1.00000E+00  1.00000E+00  6.00566E-05
 4.73711E-01  3.07044E-01  1.63513E-01  1.00000E+00  1.00000E+00  6.00566E-05
 4.73711E-01  3.40377E-01  2.32215E-01  1.00000E+00  1.00000E+00  6.00566E-05
 4.73711E-01  3.73711E-01  3.15395E-01  1.00000E+00  1.00000E+00  6.00566E-05
 4.73711E-01  4.07044E-01  4.09685E-01  1.00000E+00  1.00000E+00  6.00566E-05
 4.73711E-01  4.40377E-01  5.08958E-01  1.00000E+00  1.00000E+00  6.00566E-05
 4.73711E-01  4.73711E-01  6.04720E-01  1.00000E+00  1.00000E+00  6.00566E-05
 4.73711E-01  5.07044E-01  6.87181E-01  1.00000E+00  1.00000E+00  6.00566E-05
 4.73711E-01  5.40377E-01  7.46854E-01  1.00000E+00  1.00000E+00  6.00566E-05
 4.73711E-01  5.73711E-01  7.76336E-01  1.00000E+00  1.00000E+00  6.00566E-05
 4.73711E-01  6.07044E-01  7.71817E-01  1.00000E+00  1.00000E+00  6.00566E-05
 4.73711E-01  6.40377E-01  7.33889E-01  1.00000E+00  1.00000E+00  6.00566E-05
 4.73711E-01  6.73711E-01  6.67416E-01  1.00000E+00  1.00000E+00  6.00566E-05
 4.73711E-01  7.07044E-01  5.80511E-01  1.00000E+00  1.00000E+00  6.00566E-05
 4.73711E-01  7.40377E-01  4.82915E-01  1.00000E+00  1.00000E+00  6.00566E-05
 4.73711E-01  7.73711E-01  3.84212E-01  1.00000E+00  1.00000E+00  6.00566E-05
 4.73711E-01  8.07044E-01  2.92354E-01  1.00000E+00  1.00000E+00  6.00566E-05
 4.73711E-01  8.40377E-01  2.12754E-01  1.00000E+00  1.00000E+00  6.00566E-05
 4.73711E-01  8.73711E-01  1.48070E-01  1.00000E+00  1.00000E+00  6.00566E-05
 4.73711E-01  9.07044E-01  9.85561E-02  1.00000E+00  1.00000E+00  6.00566E-05
 4.73711E-01  9.40377E-01  6.27296E-02  1.00000E+00  1.00000E+00  6.00566E-05
 4.73711E-01  9.73711E-01  3.81779E-02  1.00000E+00  1.00000E+00  6.00566E-05
 5.07044E-01  7.04416E-03  2.53573E-02  1.00000E+00  1.00000E+00  6.00566E-05
 5.07044E-01  4.03775E-02  1.38133E-02  1.00000E+00  1.00000E+00  6.00566E-05
 5.07044E-01  7.37108E-02  7.45218E-03  1.00000E+00  1.00000E+00  6.00566E-05
 5.07044E-01  1.07044E-01  8.57614E-03  1.00000E+00  1.00000E+00  6.00566E-05
 5.07044E-01  1.40377E-01  1.63660E-02  1.00000E+00  1.00000E+00  6.00566E-05
 5.07044E-01  1.73711E-01  2.92752E-02  1.00000E+00  1.00000E+00  6.00566E-05
 5.07044E-01  2.07044E-01  4.96231E-02  1.00000E+00  1.00000E+00  6.00566E-05
 5.07044E-01  2.40377E-01  8.05843E-02  1.00000E+00  1.00000E+00  6.00566E-05
 5.07044E-01  2.73711E-01  1.25126E-01  1.00000E+00  1.00000E+00  6.00566E-05
 5.07044E-01  3.07044E-01  1.85809E-01  1.00000E+00  1.00000E+00  6.00566E-05
 5.07044E-01  3.40377E-01  2.63880E-01  1.00000E+00  1.00000E+00  6.00566E-05
 5.07044E-01  3.73711E-01  3.58402E-01  1.00000E+00  1.00000E+00  6.00566E-05
 5.07044E-01  4.07044E-01  4.65550E-01  1.00000E+00  1.00000E+00  6.00566E-05
 5.07044E-01  4.40377E-01  5.78360E-01  1.00000E+00  1.00000E+00  6.00566E-05
 5.07044E-01  4.73711E-01  6.87181E-01  1.00000E+00  1.00000E+00  6.00566E-05
 5.07044E-01  5.07044E-01  7.80887E-01  1.00000E+00  1.00000E+00  6.00566E-05
 5.07044E-01  5.40377E-01  8.48696E-01  1.00000E+00  1.00000E+00  6.00566E-05
 5.07044E-01  5.73711E-01  8.82199E-01  1.00000E+00  1.00000E+00  6.00566E-05
 5.07044E-01  6.07044E-01  8.77064E-01  1.00000E+00  1.00000E+00  6.00566E-05
 5.07044E-01  6.40377E-01  8.33964E-01  1.00000E+00  1.00000E+00  6.00566E-05
 5.07044E-01  6.73711E-01  7.58426E-01  1.00000E+00  1.00000E+00  6.00566E-05
 5.07044E-01  7.07044E-01  6.59671E-01  1.00000E+00  1.00000E+00  6.00566E-05
 5.07044E-01  7.40377E-01  5.48766E-01  1.00000E+00  1.00000E+00  6.00566E-05
 5.07044E-01  7.73711E-01  4.36604E-01  1.00000E+00  1.00000E+00  6.00566E-05
 5.07044E-01  8.07044E-01  3.32219E-01  1.00000E+00  1.00000E+00  6.00566E-05
 5.07044E-01  8.40377E-01  2.41764E-01  1.00000E+00  1.00000E+00  6.00566E-05
 5.07044E-01  8.73711E-01  1.68260E-01  1.00000E+00  1.00000E+00  6.00566E-05
 5.07044E-01  9.07044E-01  1.11995E-01  1.00000E+00  1.00000E+00  6.00566E-05
 5.07044E-01  9.40377E-01  7.12828E-02  1.00000E+00  1.00000E+00  6.00566E-05
 5.07044E-01  9.73711E-01  4.33834E-02  1.00000E+00  1.00000E+00  6.00566E-05
 5.40377E-01  7.04416E-03  2.75582E-02  1.00000E+00  1.00000E+00  6.00566E-05
 5.40377E-01  4.03775E-02  1.50126E-02  1.00000E+00  1.00000E+00  6.00566E-05
 5.40377E-01  7.37108E-02  8.09909E-03  1.00000E+00  1.00000E+00  6.00566E-05
 5.40377E-01  1.07044E-01  9.31979E-03  1.00000E+00  1.00000E+00  6.00566E-05
 5.40377E-01  1.40377E-01  1.77869E-02  1.00000E+00  1.00000E+00  6.00566E-05
 5.40377E-01  1.73711E-01  3.18169E-02  1.00000E+00  1.00000E+00  6.00566E-05
 5.40377E-01  2.07044E-01  5.39317E-02  1.00000E+00  1.00000E+00  6.00566E-05
 5.40377E-01  2.40377E-01  8.75815E-02  1.00000E+00  1.00000E+00  6.00566E-05
 5.40377E-01  2.73711E-01  1.35991E-01  1.00000E+00  1.00000E+00  6.00566E-05
 5.40377E-01  3.07044E-01  2.01943E-01  1.00000E+00  1.00000E+00  6.00566E-05
 5.40377E-01  3.40377E-01  2.86794E-01  1.00000E+00  1.00000E+00  6.00566E-05
 5.40377E-01  3.73711E-01  3.89525E-01  1.00000E+00  1.00000E+00  6.00566E-05
 5.40377E-01  4.07044E-01  5.05977E-01  1.00000E+00  1.00000E+00  6.00566E-05
 5.40377E-01  4.40377E-01  6.28583E-01  1.00000E+00  1.00000E+00  6.00566E-05
 5.40377E-01  4.73711E-01  7.46854E-01  1.00000E+00  1.00000E+00  6.00566E-05
 5.40377E-01  5.07044E-01  8.48696E-01  1.00000E+00  1.00000E+00  6.00566E-05
 5.40377E-01  5.40377E-01  9.22395E-01  1.00000E+00  1.00000E+00  6.00566E-05
 5.40377E-01  5.73711E-01  9.58806E-01  1.00000E+00  1.00000E+00  6.00566E-05
 5.40377E-01  6.07044E-01  9.53226E-01  1.00000E+00  1.00000E+00  6.00566E-05
 5.40377E-01  6.40377E-01  9.06383E-01  1.00000E+00  1.00000E+00  6.00566E-05
 5.40377E-01  6.73711E-01  8.24285E-01  1.00000E+00  1.00000E+00  6.00566E-05
 5.40377E-01  7.07044E-01  7.16955E-01  1.00000E+00  1.00000E+00  6.00566E-05
 5.40377E-01  7.40377E-01  5.96418E-01  1.00000E+00  1.00000E+00  6.00566E-05
 5.40377E-01  7.73711E-01  4.74517E-01  1.00000E+00  1.00000E+00  6.00566E-05
 5.40377E-01  8.07044E-01  3.61068E-01  1.00000E+00  1.00000E+00  6.00566E-05
 5.40377E-01  8.40377E-01  2.62758E-01  1.00000E+00  1.00000E+00  6.00566E-05
 5.40377E-01  8.73711E-01  1.82871E-01  1.00000E+00  1.00000E+00  6.00566E-05
 5.40377E-01  9.07044E-01  1.21719E-01  1.00000E+00  1.00000E+00  6.00566E-05
 5.40377E-01  9.40377E-01  7.74724E-02  1.00000E+00  1.00000E+00  6.00566E-05
 5.40377E-01  9.73711E-01  4.71505E-02  1.00000E+00  1.00000E+00  6.00566E-05
 5.73711E-01  7.04416E-03  2.86457E-02  1.00000E+00  1.00000E+00  6.00566E-05
 5.73711E-01  4.03775E-02  1.56051E-02  1.00000E+00  1.00000E+00  6.00566E-05
 5.73711E-01  7.37108E-02  8.41874E-03  1.00000E+00  1.00000E+00  6.00566E-05
 5.73711E-01  1.07044E-01  9.68722E-03  1.00000E+00  1.00000E+00  6.00566E-05
 5.73711E-01  1.40377E-01  1.84889E-02  1.00000E+00  1.00000E+00  6.00566E-05
 5.73711E-01  1.73711E-01  3.30727E-02  1.00000E+00  1.00000E+00  6.00566E-05
 5.73711E-01  2.07044E-01  5.60605E-02  1.00000E+00  1.00000E+00  6.00566E-05
 5.73711E-01  2.40377E-01  9.10386E-02  1.00000E+00  1.00000E+00  6.00566E-05
 5.73711E-01  2.73711E-01  1.41359E-01  1.00000E+00  1.00000E+00  6.00566E-05
 5.73711E-01  3.07044E-01  2.09915E-01  1.00000E+00  1.00000E+00  6.00566E-05
 5.73711E-01  3.40377E-01  2.98115E-01  1.00000E+00  1.00000E+00  6.00566E-05
 5.73711E-01  3.73711E-01  4.04901E-01  1.00000E+00  1.00000E+00  6.00566E-05
 5.73711E-01  4.07044E-01  5.25951E-01  1.00000E+00  1.00000E+00  6.00566E-05
 5.73711E-01  4.40377E-01  6.53397E-01  1.00000E+00  1.00000E+00  6.00566E-05
 5.73711E-01  4.73711E-01  7.76336E-01  1.00000E+00  1.00000E+00  6.00566E-05
 5.73711E-01  5.07044E-01  8.82199E-01  1.00000E+00  1.00000E+00  6.00566E-05
 5.73711E-01  5.40377E-01  9.58806E-01  1.00000E+00  1.00000E+00  6.00566E-05
 5.73711E-01  5.73711E-01  9.96655E-01  1.00000E+00  1.00000E+00  6.00566E-05
 5.73711E-01  6.07044E-01  9.90854E-01  1.00000E+00  1.00000E+00  6.00566E-05
 5.73711E-01  6.40377E-01  9.42162E-01  1.00000E+00  1.00000E+00  6.00566E-05
 5.73711E-01  6.73711E-01  8.56824E-01  1.00000E+00  1.00000E+00  6.00566E-05
 5.73711E-01  7.07044E-01  7.45256E-01  1.00000E+00  1.00000E+00  6.00566E-05
 5.73711E-01  7.40377E-01  6.19962E-01  1.00000E+00  1.00000E+00  6.00566E-05
 5.73711E-01  7.73711E-01  4.93248E-01  1.00000E+00  1.00000E+00  6.00566E-05
 5.73711E-01  8.07044E-01  3.75321E-01  1.00000E+00  1.00000E+00  6.00566E-05
 5.73711E-01  8.40377E-01  2.73130E-01  1.00000E+00  1.00000E+00  6.00566E-05
 5.73711E-01  8.73711E-01  1.90090E-01  1.00000E+00  1.00000E+00  6.00566E-05
 5.73711E-01  9.07044E-01  1.26524E-01  1.00000E+00  1.00000E+00  6.00566E-05
 5.73711E-01  9.40377E-01  8.05306E-02  1.00000E+00  1.00000E+00  6.00566E-05
 5.73711E-01  9.73711E-01  4.90118E-02  1.00000E+00  1.00000E+00  6.00566E-05
 6.07044E-01  7.04416E-03  2.84792E-02  1.00000E+00  1.00000E+00  6.00566E-05
 6.07044E-01  4.03775E-02  1.55144E-02  1.00000E+00  1.00000E+00  6.00566E-05
 6.07044E-01  7.37108E-02  8.36984E-03  1.00000E+00  1.00000E+00  6.00566E-05
 6.07044E-01  1.07044E-01  9.63100E-03  1.00000E+00  1.00000E+00  6.00566E-05
 6.07044E-01  1.40377E-01  1.83815E-02  1.00000E+00  1.00000E+00  6.00566E-05
 6.07044E-01  1.73711E-01  3.28804E-02  1.00000E+00  1.00000E+00  6.00566E-05
 6.07044E-01  2.07044E-01  5.57344E-02  1.00000E+00  1.00000E+00  6.00566E-05
 6.07044E-01  2.40377E-01  9.05090E-02  1.00000E+00  1.00000E+00  6.00566E-05
 6.07044E-01  2.73711E-01  1.40537E-01  1.00000E+00  1.00000E+00  6.00566E-05
 6.07044E-01  3.07044E-01  2.08694E-01  1.00000E+00  1.00000E+00  6.00566E-05
 6.07044E-01  3.40377E-01  2.96380E-01  1.00000E+00  1.00000E+00  6.00566E-05
 6.07044E-01  3.73711E-01  4.02545E-01  1.00000E+00  1.00000E+00  6.00566E-05
 6.07044E-01  4.07044E-01  5.22890E-01  1.00000E+00  1.00000E+00  6.00566E-05
 6.07044E-01  4.40377E-01  6.49594E-01  1.00000E+00  1.00000E+00  6.00566E-05
 6.07044E-01  4.73711E-01  7.71817E-01  1.00000E+00  1.00000E+00  6.00566E-05
 6.07044E-01  5.07044E-01  8.77064E-01  1.00000E+00  1.00000E+00  6.00566E-05
 6.07044E-01  5.40377E-01  9.53226E-01  1.00000E+00  1.00000E+00  6.00566E-05
 6.07044E-01  5.73711E-01  9.90854E-01  1.00000E+00  1.00000E+00  6.00566E-05
 6.07044E-01  6.07044E-01  9.85087E-01  1.00000E+00  1.00000E+00  6.00566E-05
 6.07044E-01  6.40377E-01  9.36678E-01  1.00000E+00  1.00000E+00  6.00566E-05
 6.07044E-01  6.73711E-01  8.51837E-01  1.00000E+00  1.00000E+00  6.00566E-05
 6.07044E-01  7.07044E-01  7.40919E-01  1.00000E+00  1.00000E+00  6.00566E-05
 6.07044E-01  7.40377E-01  6.16354E-01  1.00000E+00  1.00000E+00  6.00566E-05
 6.07044E-01  7.73711E-01  4.90378E-01  1.00000E+00  1.00000E+00  6.00566E-05
 6.07044E-01  8.07044E-01  3.73136E-01  1.00000E+00  1.00000E+00  6.00566E-05
 6.07044E-01  8.40377E-01  2.71541E-01  1.00000E+00  1.00000E+00  6.00566E-05
 6.07044E-01  8.73711E-01  1.88984E-01  1.00000E+00  1.00000E+00  6.00566E-05
 6.07044E-01  9.07044E-01  1.25788E-01  1.00000E+00  1.00000E+00  6.00566E-05
 6.07044E-01  9.40377E-01  8.00621E-02  1.00000E+00  1.00000E+00  6.00566E-05
 6.07044E-01  9.73711E-01  4.87267E-02  1.00000E+00  1.00000E+00  6.00566E-05
 6.40377E-01  7.04416E-03  2.70804E-02  1.00000E+00  1.00000E+00  6.00566E-05
 6.40377E-01  4.03775E-02  1.47523E-02  1.00000E+00  1.00000E+00  6.00566E-05
 6.40377E-01  7.37108E-02  7.95877E-03  1.00000E+00  1.00000E+00  6.00566E-05
 6.40377E-01  1.07044E-01  9.15846E-03  1.00000E+00  1.00000E+00  6.00566E-05
 6.40377E-01  1.40377E-01  1.74785E-02  1.00000E+00  1.00000E+00  6.00566E-05
 6.40377E-01  1.73711E-01  3.12651E-02  1.00000E+00  1.00000E+00  6.00566E-05
 6.40377E-01  2.07044E-01  5.29961E-02  1.00000E+00  1.00000E+00  6.00566E-05
 6.40377E-01  2.40377E-01  8.60618E-02  1.00000E+00  1.00000E+00  6.00566E-05
 6.40377E-01  2.73711E-01  1.33631E-01  1.00000E+00  1.00000E+00  6.00566E-05
 6.40377E-01  3.07044E-01  1.98439E-01  1.00000E+00  1.00000E+00  6.00566E-05
 6.40377E-01  3.40377E-01  2.81816E-01  1.00000E+00  1.00000E+00  6.00566E-05
 6.40377E-01  3.73711E-01  3.82763E-01  1.00000E+00  1.00000E+00  6.00566E-05
 6.40377E-01  4.07044E-01  4.97194E-01  1.00000E+00  1.00000E+00  6.00566E-05
 6.40377E-01  4.40377E-01  6.17672E-01  1.00000E+00  1.00000E+00  6.00566E-05
 6.40377E-01  4.73711E-01  7.33889E-01  1.00000E+00  1.00000E+00  6.00566E-05
 6.40377E-01  5.07044E-01  8.33964E-01  1.00000E+00  1.00000E+00  6.00566E-05
 6.40377E-01  5.40377E-01  9.06383E-01  1.00000E+00  1.00000E+00  6.00566E-05
 6.40377E-01  5.73711E-01  9.42162E-01  1.00000E+00  1.00000E+00  6.00566E-05
 6.40377E-01  6.07044E-01  9.36678E-01  1.00000E+00  1.00000E+00  6.00566E-05
 6.40377E-01  6.40377E-01  8.90648E-01  1.00000E+00  1.00000E+00  6.00566E-05
 6.40377E-01  6.73711E-01  8.09976E-01  1.00000E+00  1.00000E+00  6.00566E-05
 6.40377E-01  7.07044E-01  7.04509E-01  1.00000E+00  1.00000E+00  6.00566E-05
 6.40377E-01  7.40377E-01  5.86066E-01  1.00000E+00  1.00000E+00  6.00566E-05
 6.40377E-01  7.73711E-01  4.66280E-01  1.00000E+00  1.00000E+00  6.00566E-05
 6.40377E-01  8.07044E-01  3.54800E-01  1.00000E+00  1.00000E+00  6.00566E-05
 6.40377E-01  8.40377E-01  2.58197E-01  1.00000E+00  1.00000E+00  6.00566E-05
 6.40377E-01  8.73711E-01  1.79697E-01  1.00000E+00  1.00000E+00  6.00566E-05
 6.40377E-01  9.07044E-01  1.19607E-01  1.00000E+00  1.00000E+00  6.00566E-05
 6.40377E-01  9.40377E-01  7.61282E-02  1.00000E+00  1.00000E+00  6.00566E-05
 6.40377E-01  9.73711E-01  4.63325E-02  1.00000E+00  1.00000E+00  6.00566E-05
 6.73711E-01  7.04416E-03  2.46289E-02  1.00000E+00  1.00000E+00  6.00566E-05
 6.73711E-01  4.03775E-02  1.34166E-02  1.00000E+00  1.00000E+00  6.00566E-05
 6.73711E-01  7.37108E-02  7.23825E-03  1.00000E+00  1.00000E+00  6.00566E-05
 6.73711E-01  1.07044E-01  8.33017E-03  1.00000E+00  1.00000E+00  6.00566E-05
 6.73711E-01  1.40377E-01  1.58959E-02  1.00000E+00  1.00000E+00  6.00566E-05
 6.73711E-01  1.73711E-01  2.84340E-02  1.00000E+00  1.00000E+00  6.00566E-05
 6.73711E-01  2.07044E-01  4.81968E-02  1.00000E+00  1.00000E+00  6.00566E-05
 6.73711E-01  2.40377E-01  7.82675E-02  1.00000E+00  1.00000E+00  6.00566E-05
 6.73711E-01  2.73711E-01  1.21528E-01  1.00000E+00  1.00000E+00  6.00566E-05
 6.73711E-01  3.07044E-01  1.80466E-01  1.00000E+00  1.00000E+00  6.00566E-05
 6.73711E-01  3.40377E-01  2.56291E-01  1.00000E+00  1.00000E+00  6.00566E-05
 6.73711E-01  3.73711E-01  3.48095E-01  1.00000E+00  1.00000E+00  6.00566E-05
 6.73711E-01  4.07044E-01  4.52160E-01  1.00000E+00  1.00000E+00  6.00566E-05
 6.73711E-01  4.40377E-01  5.61726E-01  1.00000E+00  1.00000E+00  6.00566E-05
 6.73711E-01  4.73711E-01  6.67416E-01  1.00000E+00  1.00000E+00  6.00566E-05
 6.73711E-01  5.07044E-01  7.58426E-01  1.00000E+00  1.00000E+00  6.00566E-05
 6.73711E-01  5.40377E-01  8.24285E-01  1.00000E+00  1.00000E+00  6.00566E-05
 6.73711E-01  5.73711E-01  8.56824E-01  1.00000E+00  1.00000E+00  6.00566E-05
 6.73711E-01  6.07044E-01  8.51837E-01  1.00000E+00  1.00000E+00  6.00566E-05
 6.73711E-01  6.40377E-01  8.09976E-01  1.00000E+00  1.00000E+00  6.00566E-05
 6.73711E-01  6.73711E-01  7.36611E-01  1.00000E+00  1.00000E+00  6.00566E-05
 6.73711E-01  7.07044E-01  6.40697E-01  1.00000E+00  1.00000E+00  6.00566E-05
 6.73711E-01  7.40377E-01  5.32982E-01  1.00000E+00  1.00000E+00  6.00566E-05
 6.73711E-01  7.73711E-01  4.24047E-01  1.00000E+00  1.00000E+00  6.00566E-05
 6.73711E-01  8.07044E-01  3.22665E-01  1.00000E+00  1.00000E+00  6.00566E-05
 6.73711E-01  8.40377E-01  2.34812E-01  1.00000E+00  1.00000E+00  6.00566E-05
 6.73711E-01  8.73711E-01  1.63422E-01  1.00000E+00  1.00000E+00  6.00566E-05
 6.73711E-01  9.07044E-01  1.08774E-01  1.00000E+00  1.00000E+00  6.00566E-05
 6.73711E-01  9.40377E-01  6.92335E-02  1.00000E+00  1.00000E+00  6.00566E-05
 6.73711E-01  9.73711E-01  4.21364E-02  1.00000E+00  1.00000E+00  6.00566E-05
 7.07044E-01  7.04416E-03  2.14236E-02  1.00000E+00  1.00000E+00  6.00566E-05
 7.07044E-01  4.03775E-02  1.16702E-02  1.00000E+00  1.00000E+00  6.00566E-05
 7.07044E-01  7.37108E-02  6.29621E-03  1.00000E+00  1.00000E+00  6.00566E-05
 7.07044E-01  1.07044E-01  7.24716E-03  1.00000E+00  1.00000E+00  6.00566E-05
 7.07044E-01  1.40377E-01  1.38267E-02  1.00000E+00  1.00000E+00  6.00566E-05
 7.07044E-01  1.73711E-01  2.47326E-02  1.00000E+00  1.00000E+00  6.00566E-05
 7.07044E-01  2.07044E-01  4.19222E-02  1.00000E+00  1.00000E+00  6.00566E-05
 7.07044E-01  2.40377E-01  6.80774E-02  1.00000E+00  1.00000E+00  6.00566E-05
 7.07044E-01  2.73711E-01  1.05705E-01  1.00000E+00  1.00000E+00  6.00566E-05
 7.07044E-01  3.07044E-01  1.56968E-01  1.00000E+00  1.00000E+00  6.00566E-05
 7.07044E-01  3.40377E-01  2.22920E-01  1.00000E+00  1.00000E+00  6.00566E-05
 7.07044E-01  3.73711E-01  3.02770E-01  1.00000E+00  1.00000E+00  6.00566E-05
 7.07044E-01  4.07044E-01  3.93285E-01  1.00000E+00  1.00000E+00  6.00566E-05
 7.07044E-01  4.40377E-01  4.88583E-01  1.00000E+00  1.00000E+00  6.00566E-05
 7.07044E-01  4.73711E-01  5.80511E-01  1.00000E+00  1.00000E+00  6.00566E-05
 7.07044E-01  5.07044E-01  6.59671E-01  1.00000E+00  1.00000E+00  6.00566E-05
 7.07044E-01  5.40377E-01  7.16955E-01  1.00000E+00  1.00000E+00  6.00566E-05
 7.07044E-01  5.73711E-01  7.45256E-01  1.00000E+00  1.00000E+00  6.00566E-05
 7.07044E-01  6.07044E-01  7.40919E-01  1.00000E+00  1.00000E+00  6.00566E-05
 7.07044E-01  6.40377E-01  7.04509E-01  1.00000E+00  1.00000E+00  6.00566E-05
 7.07044E-01  6.73711E-01  6.40697E-01  1.00000E+00  1.00000E+00  6.00566E-05
 7.07044E-01  7.07044E-01  5.57272E-01  1.00000E+00  1.00000E+00  6.00566E-05
 7.07044E-01  7.40377E-01  4.63583E-01  1.00000E+00  1.00000E+00  6.00566E-05
 7.07044E-01  7.73711E-01  3.68833E-01  1.00000E+00  1.00000E+00  6.00566E-05
 7.07044E-01  8.07044E-01  2.80651E-01  1.00000E+00  1.00000E+00  6.00566E-05
 7.07044E-01  8.40377E-01  2.04238E-01  1.00000E+00  1.00000E+00  6.00566E-05
 7.07044E-01  8.73711E-01  1.42144E-01  1.00000E+00  1.00000E+00  6.00566E-05
 7.07044E-01  9.07044E-01  9.46120E-02  1.00000E+00  1.00000E+00  6.00566E-05
 7.07044E-01  9.40377E-01  6.02196E-02  1.00000E+00  1.00000E+00  6.00566E-05
 7.07044E-01  9.73711E-01  3.66505E-02  1.00000E+00  1.00000E+00  6.00566E-05
 7.40377E-01  7.04416E-03  1.78238E-02  1.00000E+00  1.00000E+00  6.00566E-05
 7.40377E-01  4.03775E-02  9.70884E-03  1.00000E+00  1.00000E+00  6.00566E-05
 7.40377E-01  7.37108E-02  5.23821E-03  1.00000E+00  1.00000E+00  6.00566E-05
 7.40377E-01  1.07044E-01  6.03070E-03  1.00000E+00  1.00000E+00  6.00566E-05
 7.40377E-01  1.40377E-01  1.15029E-02  1.00000E+00  1.00000E+00  6.00566E-05
 7.40377E-01  1.73711E-01  2.05757E-02  1.00000E+00  1.00000E+00  6.00566E-05
 7.40377E-01  2.07044E-01  3.48755E-02  1.00000E+00  1.00000E+00  6.00566E-05
 7.40377E-01  2.40377E-01  5.66335E-02  1.00000E+00  1.00000E+00  6.00566E-05
 7.40377E-01  2.73711E-01  8.79351E-02  1.00000E+00  1.00000E+00  6.00566E-05
 7.40377E-01  3.07044E-01  1.30580E-01  1.00000E+00  1.00000E+00  6.00566E-05
 7.40377E-01  3.40377E-01  1.85443E-01  1.00000E+00  1.00000E+00  6.00566E-05
 7.40377E-01  3.73711E-01  2.51868E-01  1.00000E+00  1.00000E+00  6.00566E-05
 7.40377E-01  4.07044E-01  3.27166E-01  1.00000E+00  1.00000E+00  6.00566E-05
 7.40377E-01  4.40377E-01  4.06442E-01  1.00000E+00  1.00000E+00  6.00566E-05
 7.40377E-01  4.73711E-01  4.82915E-01  1.00000E+00  1.00000E+00  6.00566E-05
 7.40377E-01  5.07044E-01  5.48766E-01  1.00000E+00  1.00000E+00  6.00566E-05
 7.40377E-01  5.40377E-01  5.96418E-01  1.00000E+00  1.00000E+00  6.00566E-05
 7.40377E-01  5.73711E-01  6.19962E-01  1.00000E+00  1.00000E+00  6.00566E-05
 7.40377E-01  6.07044E-01  6.16354E-01  1.00000E+00  1.00000E+00  6.00566E-05
 7.40377E-01  6.40377E-01  5.86066E-01  1.00000E+00  1.00000E+00  6.00566E-05
 7.40377E-01  6.73711E-01  5.32982E-01  1.00000E+00  1.00000E+00  6.00566E-05
 7.40377E-01  7.07044E-01  4.63583E-01  1.00000E+00  1.00000E+00  6.00566E-05
 7.40377E-01  7.40377E-01  3.85645E-01  1.00000E+00  1.00000E+00  6.00566E-05
 7.40377E-01  7.73711E-01  3.06825E-01  1.00000E+00  1.00000E+00  6.00566E-05
 7.40377E-01  8.07044E-01  2.33469E-01  1.00000E+00  1.00000E+00  6.00566E-05
 7.40377E-01  8.40377E-01  1.69902E-01  1.00000E+00  1.00000E+00  6.00566E-05
 7.40377E-01  8.73711E-01  1.18248E-01  1.00000E+00  1.00000E+00  6.00566E-05
 7.40377E-01  9.07044E-01  7.87070E-02  1.00000E+00  1.00000E+00  6.00566E-05
 7.40377E-01  9.40377E-01  5.00965E-02  1.00000E+00  1.00000E+00  6.00566E-05
 7.40377E-01  9.73711E-01  3.04895E-02  1.00000E+00  1.00000E+00  6.00566E-05
 7.73711E-01  7.04416E-03  1.41830E-02  1.00000E+00  1.00000E+00  6.00566E-05
 7.73711E-01  4.03775E-02  7.72519E-03  1.00000E+00  1.00000E+00  6.00566E-05
 7.73711E-01  7.37108E-02  4.16816E-03  1.00000E+00  1.00000E+00  6.00566E-05
 7.73711E-01  1.07044E-01  4.80020E-03  1.00000E+00  1.00000E+00  6.00566E-05
 7.73711E-01  1.40377E-01  9.15271E-03  1.00000E+00  1.00000E+00  6.00566E-05
 7.73711E-01  1.73711E-01  1.63715E-02  1.00000E+00  1.00000E+00  6.00566E-05
 7.73711E-01  2.07044E-01  2.77488E-02  1.00000E+00  1.00000E+00  6.00566E-05
 7.73711E-01  2.40377E-01  4.50597E-02  1.00000E+00  1.00000E+00  6.00566E-05
 7.73711E-01  2.73711E-01  6.99636E-02  1.00000E+00  1.00000E+00  6.00566E-05
 7.73711E-01  3.07044E-01  1.03892E-01  1.00000E+00  1.00000E+00  6.00566E-05
 7.73711E-01  3.40377E-01  1.47542E-01  1.00000E+00  1.00000E+00  6.00566E-05
 7.73711E-01  3.73711E-01  2.00390E-01  1.00000E+00  1.00000E+00  6.00566E-05
 7.73711E-01  4.07044E-01  2.60298E-01  1.00000E+00  1.00000E+00  6.00566E-05
 7.73711E-01  4.40377E-01  3.23370E-01  1.00000E+00  1.00000E+00  6.00566E-05
 7.73711E-01  4.73711E-01  3.84212E-01  1.00000E+00  1.00000E+00  6.00566E-05
 7.73711E-01  5.07044E-01  4.36604E-01  1.00000E+00  1.00000E+00  6.00566E-05
 7.73711E-01  5.40377E-01  4.74517E-01  1.00000E+00  1.00000E+00  6.00566E-05
 7.73711E-01  5.73711E-01  4.93248E-01  1.00000E+00  1.00000E+00  6.00566E-05
 7.73711E-01  6.07044E-01  4.90378E-01  1.00000E+00  1.00000E+00  6.00566E-05
 7.73711E-01  6.40377E-01  4.66280E-01  1.00000E+00  1.00000E+00  6.00566E-05
 7.73711E-01  6.73711E-01  4.24047E-01  1.00000E+00  1.00000E+00  6.00566E-05
 7.73711E-01  7.07044E-01  3.68833E-01  1.00000E+00  1.00000E+00  6.00566E-05
 7.73711E-01  7.40377E-01  3.06825E-01  1.00000E+00  1.00000E+00  6.00566E-05
 7.73711E-01  7.73711E-01  2.44114E-01  1.00000E+00  1.00000E+00  6.00566E-05
 7.73711E-01  8.07044E-01  1.85752E-01  1.00000E+00  1.00000E+00  6.00566E-05
 7.73711E-01  8.40377E-01  1.35178E-01  1.00000E+00  1.00000E+00  6.00566E-05
 7.73711E-01  8.73711E-01  9.40806E-02  1.00000E+00  1.00000E+00  6.00566E-05
 7.73711E-01  9.07044E-01  6.26217E-02  1.00000E+00  1.00000E+00  6.00566E-05
 7.73711E-01  9.40377E-01  3.98586E-02  1.00000E+00  1.00000E+00  6.00566E-05
 7.73711E-01  9.73711E-01  2.42586E-02  1.00000E+00  1.00000E+00  6.00566E-05
 8.07044E-01  7.04416E-03  1.07943E-02  1.00000E+00  1.00000E+00  6.00566E-05
 8.07044E-01  4.03775E-02  5.87897E-03  1.00000E+00  1.00000E+00  6.00566E-05
 8.07044E-01  7.37108E-02  3.17221E-03  1.00000E+00  1.00000E+00  6.00566E-05
 8.07044E-01  1.07044E-01  3.65469E-03  1.00000E+00  1.00000E+00  6.00566E-05
 8.07044E-01  1.40377E-01  6.96532E-03  1.00000E+00  1.00000E+00  6.00566E-05
 8.07044E-01  1.73711E-01  1.24587E-02  1.00000E+00  1.00000E+00  6.00566E-05
 8.07044E-01  2.07044E-01  2.11160E-02  1.00000E+00  1.00000E+00  6.00566E-05
 8.07044E-01  2.40377E-01  3.42882E-02  1.00000E+00  1.00000E+00  6.00566E-05
 8.07044E-01  2.73711E-01  5.32381E-02  1.00000E+00  1.00000E+00  6.00566E-05
 8.07044E-01  3.07044E-01  7.90547E-02  1.00000E+00  1.00000E+00  6.00566E-05
 8.07044E-01  3.40377E-01  1.12269E-01  1.00000E+00  1.00000E+00  6.00566E-05
 8.07044E-01  3.73711E-01  1.52481E-01  1.00000E+00  1.00000E+00  6.00566E-05
 8.07044E-01  4.07044E-01  1.98066E-01  1.00000E+00  1.00000E+00  6.00566E-05
 8.07044E-01  4.40377E-01  2.46058E-01  1.00000E+00  1.00000E+00  6.00566E-05
 8.07044E-01  4.73711E-01  2.92354E-01  1.00000E+00  1.00000E+00  6.00566E-05
 8.07044E-01  5.07044E-01  3.32219E-01  1.00000E+00  1.00000E+00  6.00566E-05
 8.07044E-01  5.40377E-01  3.61068E-01  1.00000E+00  1.00000E+00  6.00566E-05
 8.07044E-01  5.73711E-01  3.75321E-01  1.00000E+00  1.00000E+00  6.00566E-05
 8.07044E-01  6.07044E-01  3.73136E-01  1.00000E+00  1.00000E+00  6.00566E-05
 8.07044E-01  6.40377E-01  3.54800E-01  1.00000E+00  1.00000E+00  6.00566E-05
 8.07044E-01  6.73711E-01  3.22665E-01  1.00000E+00  1.00000E+00  6.00566E-05
 8.07044E-01  7.07044E-01  2.80651E-01  1.00000E+00  1.00000E+00  6.00566E-05
 8.07044E-01  7.40377E-01  2.33469E-01  1.00000E+00  1.00000E+00  6.00566E-05
 8.07044E-01  7.73711E-01  1.85752E-01  1.00000E+00  1.00000E+00  6.00566E-05
 8.07044E-01  8.07044E-01  1.41343E-01  1.00000E+00  1.00000E+00  6.00566E-05
 8.07044E-01  8.40377E-01  1.02861E-01  1.00000E+00  1.00000E+00  6.00566E-05
 8.07044E-01  8.73711E-01  7.15891E-02  1.00000E+00  1.00000E+00  6.00566E-05
 8.07044E-01  9.07044E-01  4.76514E-02  1.00000E+00  1.00000E+00  6.00566E-05
 8.07044E-01  9.40377E-01  3.03304E-02  1.00000E+00  1.00000E+00  6.00566E-05
 8.07044E-01  9.73711E-01  1.84597E-02  1.00000E+00  1.00000E+00  6.00566E-05
 8.40377E-01  7.04416E-03  7.85744E-03  1.00000E+00  1.00000E+00  6.00566E-05
 8.40377E-01  4.03775E-02  4.27902E-03  1.00000E+00  1.00000E+00  6.00566E-05
 8.40377E-01  7.37108E-02  2.30909E-03  1.00000E+00  1.00000E+00  6.00566E-05
 8.40377E-01  1.07044E-01  2.66169E-03  1.00000E+00  1.00000E+00  6.00566E-05
 8.40377E-01  1.40377E-01  5.06973E-03  1.00000E+00  1.00000E+00  6.00566E-05
 8.40377E-01  1.73711E-01  9.06781E-03  1.00000E+00  1.00000E+00  6.00566E-05
 8.40377E-01  2.07044E-01  1.53681E-02  1.00000E+00  1.00000E+00  6.00566E-05
 8.40377E-01  2.40377E-01  2.49539E-02  1.00000E+00  1.00000E+00  6.00566E-05
 8.40377E-01  2.73711E-01  3.87443E-02  1.00000E+00  1.00000E+00  6.00566E-05
 8.40377E-01  3.07044E-01  5.75316E-02  1.00000E+00  1.00000E+00  6.00566E-05
 8.40377E-01  3.40377E-01  8.17020E-02  1.00000E+00  1.00000E+00  6.00566E-05
 8.40377E-01  3.73711E-01  1.10966E-01  1.00000E+00  1.00000E+00  6.00566E-05
 8.40377E-01  4.07044E-01  1.44138E-01  1.00000E+00  1.00000E+00  6.00566E-05
 8.40377E-01  4.40377E-01  1.79063E-01  1.00000E+00  1.00000E+00  6.00566E-05
 8.40377E-01  4.73711E-01  2.12754E-01  1.00000E+00  1.00000E+00  6.00566E-05
 8.40377E-01  5.07044E-01  2.41764E-01  1.00000E+00  1.00000E+00  6.00566E-05
 8.40377E-01  5.40377E-01  2.62758E-01  1.00000E+00  1.00000E+00  6.00566E-05
 8.40377E-01  5.73711E-01  2.73130E-01  1.00000E+00  1.00000E+00  6.00566E-05
 8.40377E-01  6.07044E-01  2.71541E-01  1.00000E+00  1.00000E+00  6.00566E-05
 8.40377E-01  6.40377E-01  2.58197E-01  1.00000E+00  1.00000E+00  6.00566E-05
 8.40377E-01  6.73711E-01  2.34812E-01  1.00000E+00  1.00000E+00  6.00566E-05
 8.40377E-01  7.07044E-01  2.04238E-01  1.00000E+00  1.00000E+00  6.00566E-05
 8.40377E-01  7.40377E-01  1.69902E-01  1.00000E+00  1.00000E+00  6.00566E-05
 8.40377E-01  7.73711E-01  1.35178E-01  1.00000E+00  1.00000E+00  6.00566E-05
 8.40377E-01  8.07044E-01  1.02861E-01  1.00000E+00  1.00000E+00  6.00566E-05
 8.40377E-01  8.40377E-01  7.48558E-02  1.00000E+00  1.00000E+00  6.00566E-05
 8.40377E-01  8.73711E-01  5.20988E-02  1.00000E+00  1.00000E+00  6.00566E-05
 8.40377E-01  9.07044E-01  3.46787E-02  1.00000E+00  1.00000E+00  6.00566E-05
 8.40377E-01  9.40377E-01  2.20735E-02  1.00000E+00  1.00000E+00  6.00566E-05
 8.40377E-01  9.73711E-01  1.34345E-02  1.00000E+00  1.00000E+00  6.00566E-05
 8.73711E-01  7.04416E-03  5.47050E-03  1.00000E+00  1.00000E+00  6.00566E-05
 8.73711E-01  4.03775E-02  2.97870E-03  1.00000E+00  1.00000E+00  6.00566E-05
 8.73711E-01  7.37108E-02  1.60756E-03  1.00000E+00  1.00000E+00  6.00566E-05
 8.73711E-01  1.07044E-01  1.85431E-03  1.00000E+00  1.00000E+00  6.00566E-05
 8.73711E-01  1.40377E-01  3.52915E-03  1.00000E+00  1.00000E+00  6.00566E-05
 8.73711E-01  1.73711E-01  6.31209E-03  1.00000E+00  1.00000E+00  6.00566E-05
 8.73711E-01  2.07044E-01  1.06971E-02  1.00000E+00  1.00000E+00  6.00566E-05
 8.73711E-01  2.40377E-01  1.73686E-02  1.00000E+00  1.00000E+00  6.00566E-05
 8.73711E-01  2.73711E-01  2.69663E-02  1.00000E+00  1.00000E+00  6.00566E-05
 8.73711E-01  3.07044E-01  4.00416E-02  1.00000E+00  1.00000E+00  6.00566E-05
 8.73711E-01  3.40377E-01  5.68633E-02  1.00000E+00  1.00000E+00  6.00566E-05
 8.73711E-01  3.73711E-01  7.72297E-02  1.00000E+00  1.00000E+00  6.00566E-05
 8.73711E-01  4.07044E-01  1.00316E-01  1.00000E+00  1.00000E+00  6.00566E-05
 8.73711E-01  4.40377E-01  1.24623E-01  1.00000E+00  1.00000E+00  6.00566E-05
 8.73711E-01  4.73711E-01  1.48070E-01  1.00000E+00  1.00000E+00  6.00566E-05
 8.73711E-01  5.07044E-01  1.68260E-01  1.00000E+00  1.00000E+00  6.00566E-05
 8.73711E-01  5.40377E-01  1.82871E-01  1.00000E+00  1.00000E+00  6.00566E-05
 8.73711E-01  5.73711E-01  1.90090E-01  1.00000E+00  1.00000E+00  6.00566E-05
 8.73711E-01  6.07044E-01  1.88984E-01  1.00000E+00  1.00000E+00  6.00566E-05
 8.73711E-01  6.40377E-01  1.79697E-01  1.00000E+00  1.00000E+00  6.00566E-05
 8.73711E-01  6.73711E-01  1.63422E-01  1.00000E+00  1.00000E+00  6.00566E-05
 8.73711E-01  7.07044E-01  1.42144E-01  1.00000E+00  1.00000E+00  6.00566E-05
 8.73711E-01  7.40377E-01  1.18248E-01  1.00000E+00  1.00000E+00  6.00566E-05
 8.73711E-01  7.73711E-01  9.40806E-02  1.00000E+00  1.00000E+00  6.00566E-05
 8.73711E-01  8.07044E-01  7.15891E-02  1.00000E+00  1.00000E+00  6.00566E-05
 8.73711E-01  8.40377E-01  5.20988E-02  1.00000E+00  1.00000E+00  6.00566E-05
 8.73711E-01  8.73711E-01  3.62605E-02  1.00000E+00  1.00000E+00  6.00566E-05
 8.73711E-01  9.07044E-01  2.41367E-02  1.00000E+00  1.00000E+00  6.00566E-05
 8.73711E-01  9.40377E-01  1.53637E-02  1.00000E+00  1.00000E+00  6.00566E-05
 8.73711E-01  9.73711E-01  9.35075E-03  1.00000E+00  1.00000E+00  6.00566E-05
 9.07044E-01  7.04416E-03  3.64311E-03  1.00000E+00  1.00000E+00  6.00566E-05
 9.07044E-01  4.03775E-02  1.98334E-03  1.00000E+00  1.00000E+00  6.00566E-05
 9.07044E-01  7.37108E-02  1.07058E-03  1.00000E+00  1.00000E+00  6.00566E-05
 9.07044E-01  1.07044E-01  1.23599E-03  1.00000E+00  1.00000E+00  6.00566E-05
 9.07044E-01  1.40377E-01  2.34989E-03  1.00000E+00  1.00000E+00  6.00566E-05
 9.07044E-01  1.73711E-01  4.20260E-03  1.00000E+00  1.00000E+00  6.00566E-05
 9.07044E-01  2.07044E-01  7.12149E-03  1.00000E+00  1.00000E+00  6.00566E-05
 9.07044E-01  2.40377E-01  1.15621E-02  1.00000E+00  1.00000E+00  6.00566E-05
 9.07044E-01  2.73711E-01  1.79504E-02  1.00000E+00  1.00000E+00  6.00566E-05
 9.07044E-01  3.07044E-01  2.66533E-02  1.00000E+00  1.00000E+00  6.00566E-05
 9.07044E-01  3.40377E-01  3.78498E-02  1.00000E+00  1.00000E+00  6.00566E-05
 9.07044E-01  3.73711E-01  5.14056E-02  1.00000E+00  1.00000E+00  6.00566E-05
 9.07044E-01  4.07044E-01  6.67718E-02  1.00000E+00  1.00000E+00  6.00566E-05
 9.07044E-01  4.40377E-01  8.29501E-02  1.00000E+00  1.00000E+00  6.00566E-05
 9.07044E-01  4.73711E-01  9.85561E-02  1.00000E+00  1.00000E+00  6.00566E-05
 9.07044E-01  5.07044E-01  1.11995E-01  1.00000E+00  1.00000E+00  6.00566E-05
 9.07044E-01  5.40377E-01  1.21719E-01  1.00000E+00  1.00000E+00  6.00566E-05
 9.07044E-01  5.73711E-01  1.26524E-01  1.00000E+00  1.00000E+00  6.00566E-05
 9.07044E-01  6.07044E-01  1.25788E-01  1.00000E+00  1.00000E+00  6.00566E-05
 9.07044E-01  6.40377E-01  1.19607E-01  1.00000E+00  1.00000E+00  6.00566E-05
 9.07044E-01  6.73711E-01  1.08774E-01  1.00000E+00  1.00000E+00  6.00566E-05
 9.07044E-01  7.07044E-01  9.46120E-02  1.00000E+00  1.00000E+00  6.00566E-05
 9.07044E-01  7.40377E-01  7.87070E-02  1.00000E+00  1.00000E+00  6.00566E-05
 9.07044E-01  7.73711E-01  6.26217E-02  1.00000E+00  1.00000E+00  6.00566E-05
 9.07044E-01  8.07044E-01  4.76514E-02  1.00000E+00  1.00000E+00  6.00566E-05
 9.07044E-01  8.40377E-01  3.46787E-02  1.00000E+00  1.00000E+00  6.00566E-05
 9.07044E-01  8.73711E-01  2.41367E-02  1.00000E+00  1.00000E+00  6.00566E-05
 9.07044E-01  9.07044E-01  1.60671E-02  1.00000E+00  1.00000E+00  6.00566E-05
 9.07044E-01  9.40377E-01  1.02275E-02  1.00000E+00  1.00000E+00  6.00566E-05
 9.07044E-01  9.73711E-01  6.22481E-03  1.00000E+00  1.00000E+00  6.00566E-05
 9.40377E-01  7.04416E-03  2.32019E-03  1.00000E+00  1.00000E+00  6.00566E-05
 9.40377E-01  4.03775E-02  1.26277E-03  1.00000E+00  1.00000E+00  6.00566E-05
 9.40377E-01  7.37108E-02  6.81736E-04  1.00000E+00  1.00000E+00  6.00566E-05
 9.40377E-01  1.07044E-01  7.87981E-04  1.00000E+00  1.00000E+00  6.00566E-05
 9.40377E-01  1.40377E-01  1.49621E-03  1.00000E+00  1.00000E+00  6.00566E-05
 9.40377E-01  1.73711E-01  2.67571E-03  1.00000E+00  1.00000E+00  6.00566E-05
 9.40377E-01  2.07044E-01  4.53369E-03  1.00000E+00  1.00000E+00  6.00566E-05
 9.40377E-01  2.40377E-01  7.36012E-03  1.00000E+00  1.00000E+00  6.00566E-05
 9.40377E-01  2.73711E-01  1.14262E-02  1.00000E+00  1.00000E+00  6.00566E-05
 9.40377E-01  3.07044E-01  1.69654E-02  1.00000E+00  1.00000E+00  6.00566E-05
 9.40377E-01  3.40377E-01  2.40917E-02  1.00000E+00  1.00000E+00  6.00566E-05
 9.40377E-01  3.73711E-01  3.27196E-02  1.00000E+00  1.00000E+00  6.00566E-05
 9.40377E-01  4.07044E-01  4.24998E-02  1.00000E+00  1.00000E+00  6.00566E-05
 9.40377E-01  4.40377E-01  5.27968E-02  1.00000E+00  1.00000E+00  6.00566E-05
 9.40377E-01  4.73711E-01  6.27296E-02  1.00000E+00  1.00000E+00  6.00566E-05
 9.40377E-01  5.07044E-01  7.12828E-02  1.00000E+00  1.00000E+00  6.00566E-05
 9.40377E-01  5.40377E-01  7.74724E-02  1.00000E+00  1.00000E+00  6.00566E-05
 9.40377E-01  5.73711E-01  8.05306E-02  1.00000E+00  1.00000E+00  6.00566E-05
 9.40377E-01  6.07044E-01  8.00621E-02  1.00000E+00  1.00000E+00  6.00566E-05
 9.40377E-01  6.40377E-01  7.61282E-02  1.00000E+00  1.00000E+00  6.00566E-05
 9.40377E-01  6.73711E-01  6.92335E-02  1.00000E+00  1.00000E+00  6.00566E-05
 9.40377E-01  7.07044E-01  6.02196E-02  1.00000E+00  1.00000E+00  6.00566E-05
 9.40377E-01  7.40377E-01  5.00965E-02  1.00000E+00  1.00000E+00  6.00566E-05
 9.40377E-01  7.73711E-01  3.98586E-02  1.00000E+00  1.00000E+00  6.00566E-05
 9.40377E-01  8.07044E-01  3.03304E-02  1.00000E+00  1.00000E+00  6.00566E-05
 9.40377E-01  8.40377E-01  2.20735E-02  1.00000E+00  1.00000E+00  6.00566E-05
 9.40377E-01  8.73711E-01  1.53637E-02  1.00000E+00  1.00000E+00  6.00566E-05
 9.40377E-01  9.07044E-01  1.02275E-02  1.00000E+00  1.00000E+00  6.00566E-05
 9.40377E-01  9.40377E-01  6.51047E-03  1.00000E+00  1.00000E+00  6.00566E-05
 9.40377E-01  9.73711E-01  3.96251E-03  1.00000E+00  1.00000E+00  6.00566E-05
 9.73711E-01  7.04416E-03  1.41282E-03  1.00000E+00  1.00000E+00  6.00566E-05
 9.73711E-01  4.03775E-02  7.68531E-04  1.00000E+00  1.00000E+00  6.00566E-05
 9.73711E-01  7.37108E-02  4.14929E-04  1.00000E+00  1.00000E+00  6.00566E-05
 9.73711E-01  1.07044E-01  4.80331E-04  1.00000E+00  1.00000E+00  6.00566E-05
 9.73711E-01  1.40377E-01  9.10717E-04  1.00000E+00  1.00000E+00  6.00566E-05
 9.73711E-01  1.73711E-01  1.62871E-03  1.00000E+00  1.00000E+00  6.00566E-05
 9.73711E-01  2.07044E-01  2.75956E-03  1.00000E+00  1.00000E+00  6.00566E-05
 9.73711E-01  2.40377E-01  4.47973E-03  1.00000E+00  1.00000E+00  6.00566E-05
 9.73711E-01  2.73711E-01  6.95438E-03  1.00000E+00  1.00000E+00  6.00566E-05
 9.73711E-01  3.07044E-01  1.03256E-02  1.00000E+00  1.00000E+00  6.00566E-05
 9.73711E-01  3.40377E-01  1.46626E-02  1.00000E+00  1.00000E+00  6.00566E-05
 9.73711E-01  3.73711E-01  1.99136E-02  1.00000E+00  1.00000E+00  6.00566E-05
 9.73711E-01  4.07044E-01  2.58659E-02  1.00000E+00  1.00000E+00  6.00566E-05
 9.73711E-01  4.40377E-01  3.21327E-02  1.00000E+00  1.00000E+00  6.00566E-05
 9.73711E-01  4.73711E-01  3.81779E-02  1.00000E+00  1.00000E+00  6.00566E-05
 9.73711E-01  5.07044E-01  4.33834E-02  1.00000E+00  1.00000E+00  6.00566E-05
 9.73711E-01  5.40377E-01  4.71505E-02  1.00000E+00  1.00000E+00  6.00566E-05
 9.73711E-01  5.73711E-01  4.90118E-02  1.00000E+00  1.00000E+00  6.00566E-05
 9.73711E-01  6.07044E-01  4.87267E-02  1.00000E+00  1.00000E+00  6.00566E-05
 9.73711E-01  6.40377E-01  4.63325E-02  1.00000E+00  1.00000E+00  6.00566E-05
 9.73711E-01  6.73711E-01  4.21364E-02  1.00000E+00  1.00000E+00  6.00566E-05
 9.73711E-01  7.07044E-01  3.66505E-02  1.00000E+00  1.00000E+00  6.00566E-05
 9.73711E-01  7.40377E-01  3.04895E-02  1.00000E+00  1.00000E+00  6.00566E-05
 9.73711E-01  7.73711E-01  2.42586E-02  1.00000E+00  1.00000E+00  6.00566E-05
 9.73711E-01  8.07044E-01  1.84597E-02  1.00000E+00  1.00000E+00  6.00566E-05
 9.73711E-01  8.40377E-01  1.34345E-02  1.00000E+00  1.00000E+00  6.00566E-05
 9.73711E-01  8.73711E-01  9.35075E-03  1.00000E+00  1.00000E+00  6.00566E-05
 9.73711E-01  9.07044E-01  6.22481E-03  1.00000E+00  1.00000E+00  6.00566E-05
 9.73711E-01  9.40377E-01  3.96251E-03  1.00000E+00  1.00000E+00  6.00566E-05
 9.73711E-01  9.73711E-01  2.41157E-03  1.00000E+00  1.00000E+00  6.00566E-05
