 7.04416E-03  7.04416E-03  5.22945E-03  1.00000E+00  1.00000E+00  6.00542E-05
 7.04416E-03  4.03775E-02  8.30739E-03  1.00000E+00  1.00000E+00  6.00542E-05
 7.04416E-03  7.37108E-02  1.26165E-02  1.00000E+00  1.00000E+00  6.00542E-05
 7.04416E-03  1.07044E-01  1.83184E-02  1.00000E+00  1.00000E+00  6.00542E-05
 7.04416E-03  1.40377E-01  2.54254E-02  1.00000E+00  1.00000E+00  6.00542E-05
 7.04416E-03  1.73711E-01  3.37397E-02  1.00000E+00  1.00000E+00  6.00542E-05
 7.04416E-03  2.07044E-01  4.28140E-02  1.00000E+00  1.00000E+00  6.00542E-05
 7.04416E-03  2.40377E-01  5.19586E-02  1.00000E+00  1.00000E+00  6.00542E-05
 7.04416E-03  2.73711E-01  6.03116E-02  1.00000E+00  1.00000E+00  6.00542E-05
 7.04416E-03  3.07044E-01  6.69659E-02  1.00000E+00  1.00000E+00  6.00542E-05
 7.04416E-03  3.40377E-01  7.11284E-02  1.00000E+00  1.00000E+00  6.00542E-05
 7.04416E-03  3.73711E-01  7.22746E-02  1.00000E+00  1.00000E+00  6.00542E-05
 7.04416E-03  4.07044E-01  7.02565E-02  1.00000E+00  1.00000E+00  6.00542E-05
 7.04416E-03  4.40377E-01  6.53344E-02  1.00000E+00  1.00000E+00  6.00542E-05
 7.04416E-03  4.73711E-01  5.81215E-02  1.00000E+00  1.00000E+00  6.00542E-05
 7.04416E-03  5.07044E-01  4.94587E-02  1.00000E+00  1.00000E+00  6.00542E-05
 7.04416E-03  5.40377E-01  4.02554E-02  1.00000E+00  1.00000E+00  6.00542E-05
 7.04416E-03  5.73711E-01  3.13355E-02  1.00000E+00  1.00000E+00  6.00542E-05
 7.04416E-03  6.07044E-01  2.33248E-02  1.00000E+00  1.00000E+00  6.00542E-05
 7.04416E-03  6.40377E-01  1.65979E-02  1.00000E+00  1.00000E+00  6.00542E-05
 7.04416E-03  6.73711E-01  1.12896E-02  1.00000E+00  1.00000E+00  6.00542E-05
 7.04416E-03  7.07044E-01  7.34506E-03  1.00000E+00  1.00000E+00  6.00542E-05
 7.04416E-03  7.40377E-01  4.57229E-03  1.00000E+00  1.00000E+00  6.00542E-05
 7.04416E-03  7.73711E-01  2.70097E-03  1.00000E+00  1.00000E+00  6.00542E-05
 7.04416E-03  8.07044E-01  1.48384E-03  1.00000E+00  1.00000E+00  6.00542E-05
 7.04416E-03  8.40377E-01  7.95876E-04  1.00000E+00  1.00000E+00  6.00542E-05
 7.04416E-03  8.73711E-01  6.20883E-04  1.00000E+00  1.00000E+00  6.00542E-05
 7.04416E-03  9.07044E-01  9.49783E-04  1.00000E+00  1.00000E+00  6.00542E-05
 7.04416E-03  9.40377E-01  1.76800E-03  1.00000E+00  1.00000E+00  6.00542E-05
 7.04416E-03  9.73711E-01  3.13506E-03  1.00000E+00  1.00000E+00  6.00542E-05
 4.03775E-02  7.04416E-03  8.30739E-03  1.00000E+00  1.00000E+00  6.00542E-05
 4.03775E-02  4.03775E-02  1.31968E-02  1.00000E+00  1.00000E+00  6.00542E-05
 4.03775E-02  7.37108E-02  2.00421E-02  1.00000E+00  1.00000E+00  6.00542E-05
 4.03775E-02  1.07044E-01  2.91002E-02  1.00000E+00  1.00000E+00  6.00542E-05
 4.03775E-02  1.40377E-01  4.03902E-02  1.00000E+00  1.00000E+00  6.00542E-05
 4.03775E-02  1.73711E-01  5.35983E-02  1.00000E+00  1.00000E+00  6.00542E-05
 4.03775E-02  2.07044E-01  6.80135E-02  1.00000E+00  1.00000E+00  6.00542E-05
 4.03775E-02  2.40377E-01  8.25403E-02  1.00000E+00  1.00000E+00  6.00542E-05
 4.03775E-02  2.73711E-01  9.58097E-02  1.00000E+00  1.00000E+00  6.00542E-05
 4.03775E-02  3.07044E-01  1.06381E-01  1.00000E+00  1.00000E+00  6.00542E-05
 4.03775E-02  3.40377E-01  1.12993E-01  1.00000E+00  1.00000E+00  6.00542E-05
 4.03775E-02  3.73711E-01  1.14814E-01  1.00000E+00  1.00000E+00  6.00542E-05
 4.03775E-02  4.07044E-01  1.11608E-01  1.00000E+00  1.00000E+00  6.00542E-05
 4.03775E-02  4.40377E-01  1.03789E-01  1.00000E+00  1.00000E+00  6.00542E-05
 4.03775E-02  4.73711E-01  9.23305E-02  1.00000E+00  1.00000E+00  6.00542E-05
 4.03775E-02  5.07044E-01  7.85690E-02  1.00000E+00  1.00000E+00  6.00542E-05
 4.03775E-02  5.40377E-01  6.39488E-02  1.00000E+00  1.00000E+00  6.00542E-05
 4.03775E-02  5.73711E-01  4.97788E-02  1.00000E+00  1.00000E+00  6.00542E-05
 4.03775E-02  6.07044E-01  3.70531E-02  1.00000E+00  1.00000E+00  6.00542E-05
 4.03775E-02  6.40377E-01  2.63670E-02  1.00000E+00  1.00000E+00  6.00542E-05
 4.03775E-02  6.73711E-01  1.79346E-02  1.00000E+00  1.00000E+00  6.00542E-05
 4.03775E-02  7.07044E-01  1.16681E-02  1.00000E+00  1.00000E+00  6.00542E-05
 4.03775E-02  7.40377E-01  7.26184E-03  1.00000E+00  1.00000E+00  6.00542E-05
 4.03775E-02  7.73711E-01  4.28853E-03  1.00000E+00  1.00000E+00  6.00542E-05
 4.03775E-02  8.07044E-01  2.35680E-03  1.00000E+00  1.00000E+00  6.00542E-05
 4.03775E-02  8.40377E-01  1.26540E-03  1.00000E+00  1.00000E+00  6.00542E-05
 4.03775E-02  8.73711E-01  9.85905E-04  1.00000E+00  1.00000E+00  6.00542E-05
 4.03775E-02  9.07044E-01  1.50677E-03  1.00000E+00  1.00000E+00  6.00542E-05
 4.03775E-02  9.40377E-01  2.80714E-03  1.00000E+00  1.00000E+00  6.00542E-05
 4.03775E-02  9.73711E-01  4.97998E-03  1.00000E+00  1.00000E+00  6.00542E-05
 7.37108E-02  7.04416E-03  1.26165E-02  1.00000E+00  1.00000E+00  6.00542E-05
 7.37108E-02  4.03775E-02  2.00421E-02  1.00000E+00  1.00000E+00  6.00542E-05
 7.37108E-02  7.37108E-02  3.04386E-02  1.00000E+00  1.00000E+00  6.00542E-05
 7.37108E-02  1.07044E-01  4.41959E-02  1.00000E+00  1.00000E+00  6.00542E-05
 7.37108E-02  1.40377E-01  6.13430E-02  1.00000E+00  1.00000E+00  6.00542E-05
 7.37108E-02  1.73711E-01  8.14032E-02  1.00000E+00  1.00000E+00  6.00542E-05
 7.37108E-02  2.07044E-01  1.03297E-01  1.00000E+00  1.00000E+00  6.00542E-05
 7.37108E-02  2.40377E-01  1.25360E-01  1.00000E+00  1.00000E+00  6.00542E-05
 7.37108E-02  2.73711E-01  1.45513E-01  1.00000E+00  1.00000E+00  6.00542E-05
 7.37108E-02  3.07044E-01  1.61568E-01  1.00000E+00  1.00000E+00  6.00542E-05
 7.37108E-02  3.40377E-01  1.71611E-01  1.00000E+00  1.00000E+00  6.00542E-05
 7.37108E-02  3.73711E-01  1.74376E-01  1.00000E+00  1.00000E+00  6.00542E-05
 7.37108E-02  4.07044E-01  1.69507E-01  1.00000E+00  1.00000E+00  6.00542E-05
 7.37108E-02  4.40377E-01  1.57632E-01  1.00000E+00  1.00000E+00  6.00542E-05
 7.37108E-02  4.73711E-01  1.40229E-01  1.00000E+00  1.00000E+00  6.00542E-05
 7.37108E-02  5.07044E-01  1.19328E-01  1.00000E+00  1.00000E+00  6.00542E-05
 7.37108E-02  5.40377E-01  9.71234E-02  1.00000E+00  1.00000E+00  6.00542E-05
 7.37108E-02  5.73711E-01  7.56021E-02  1.00000E+00  1.00000E+00  6.00542E-05
 7.37108E-02  6.07044E-01  5.62743E-02  1.00000E+00  1.00000E+00  6.00542E-05
 7.37108E-02  6.40377E-01  4.00446E-02  1.00000E+00  1.00000E+00  6.00542E-05
 7.37108E-02  6.73711E-01  2.72381E-02  1.00000E+00  1.00000E+00  6.00542E-05
 7.37108E-02  7.07044E-01  1.77203E-02  1.00000E+00  1.00000E+00  6.00542E-05
 7.37108E-02  7.40377E-01  1.10267E-02  1.00000E+00  1.00000E+00  6.00542E-05
 7.37108E-02  7.73711E-01  6.51035E-03  1.00000E+00  1.00000E+00  6.00542E-05
 7.37108E-02  8.07044E-01  3.57868E-03  1.00000E+00  1.00000E+00  6.00542E-05
 7.37108E-02  8.40377E-01  1.92298E-03  1.00000E+00  1.00000E+00  6.00542E-05
 7.37108E-02  8.73711E-01  1.49680E-03  1.00000E+00  1.00000E+00  6.00542E-05
 7.37108E-02  9.07044E-01  2.28585E-03  1.00000E+00  1.00000E+00  6.00542E-05
 7.37108E-02  9.40377E-01  4.26136E-03  1.00000E+00  1.00000E+00  6.00542E-05
 7.37108E-02  9.73711E-01  7.56263E-03  1.00000E+00  1.00000E+00  6.00542E-05
 1.07044E-01  7.04416E-03  1.83184E-02  1.00000E+00  1.00000E+00  6.00542E-05
 1.07044E-01  4.03775E-02  2.91002E-02  1.00000E+00  1.00000E+00  6.00542E-05
 1.07044E-01  7.37108E-02  4.41959E-02  1.00000E+00  1.00000E+00  6.00542E-05
 1.07044E-01  1.07044E-01  6.41719E-02  1.00000E+00  1.00000E+00  6.00542E-05
 1.07044E-01  1.40377E-01  8.90699E-02  1.00000E+00  1.00000E+00  6.00542E-05
 1.07044E-01  1.73711E-01  1.18198E-01  1.00000E+00  1.00000E+00  6.00542E-05
 1.07044E-01  2.07044E-01  1.49988E-01  1.00000E+00  1.00000E+00  6.00542E-05
 1.07044E-01  2.40377E-01  1.82024E-01  1.00000E+00  1.00000E+00  6.00542E-05
 1.07044E-01  2.73711E-01  2.11287E-01  1.00000E+00  1.00000E+00  6.00542E-05
 1.07044E-01  3.07044E-01  2.34599E-01  1.00000E+00  1.00000E+00  6.00542E-05
 1.07044E-01  3.40377E-01  2.49182E-01  1.00000E+00  1.00000E+00  6.00542E-05
 1.07044E-01  3.73711E-01  2.53197E-01  1.00000E+00  1.00000E+00  6.00542E-05
 1.07044E-01  4.07044E-01  2.46127E-01  1.00000E+00  1.00000E+00  6.00542E-05
 1.07044E-01  4.40377E-01  2.28884E-01  1.00000E+00  1.00000E+00  6.00542E-05
 1.07044E-01  4.73711E-01  2.03614E-01  1.00000E+00  1.00000E+00  6.00542E-05
 1.07044E-01  5.07044E-01  1.73266E-01  1.00000E+00  1.00000E+00  6.00542E-05
 1.07044E-01  5.40377E-01  1.41024E-01  1.00000E+00  1.00000E+00  6.00542E-05
 1.07044E-01  5.73711E-01  1.09774E-01  1.00000E+00  1.00000E+00  6.00542E-05
 1.07044E-01  6.07044E-01  8.17098E-02  1.00000E+00  1.00000E+00  6.00542E-05
 1.07044E-01  6.40377E-01  5.81441E-02  1.00000E+00  1.00000E+00  6.00542E-05
 1.07044E-01  6.73711E-01  3.95493E-02  1.00000E+00  1.00000E+00  6.00542E-05
 1.07044E-01  7.07044E-01  2.57289E-02  1.00000E+00  1.00000E+00  6.00542E-05
 1.07044E-01  7.40377E-01  1.60081E-02  1.00000E+00  1.00000E+00  6.00542E-05
 1.07044E-01  7.73711E-01  9.44969E-03  1.00000E+00  1.00000E+00  6.00542E-05
 1.07044E-01  8.07044E-01  5.19530E-03  1.00000E+00  1.00000E+00  6.00542E-05
 1.07044E-01  8.40377E-01  2.79342E-03  1.00000E+00  1.00000E+00  6.00542E-05
 1.07044E-01  8.73711E-01  2.17276E-03  1.00000E+00  1.00000E+00  6.00542E-05
 1.07044E-01  9.07044E-01  3.31612E-03  1.00000E+00  1.00000E+00  6.00542E-05
 1.07044E-01  9.40377E-01  6.18511E-03  1.00000E+00  1.00000E+00  6.00542E-05
 1.07044E-01  9.73711E-01  1.09799E-02  1.00000E+00  1.00000E+00  6.00542E-05
 1.40377E-01  7.04416E-03  2.54254E-02  1.00000E+00  1.00000E+00  6.00542E-05
 1.40377E-01  4.03775E-02  4.03902E-02  1.00000E+00  1.00000E+00  6.00542E-05
 1.40377E-01  7.37108E-02  6.13430E-02  1.00000E+00  1.00000E+00  6.00542E-05
 1.40377E-01  1.07044E-01  8.90699E-02  1.00000E+00  1.00000E+00  6.00542E-05
 1.40377E-01  1.40377E-01  1.23628E-01  1.00000E+00  1.00000E+00  6.00542E-05
 1.40377E-01  1.73711E-01  1.64058E-01  1.00000E+00  1.00000E+00  6.00542E-05
 1.40377E-01  2.07044E-01  2.08183E-01  1.00000E+00  1.00000E+00  6.00542E-05
 1.40377E-01  2.40377E-01  2.52649E-01  1.00000E+00  1.00000E+00  6.00542E-05
 1.40377E-01  2.73711E-01  2.93267E-01  1.00000E+00  1.00000E+00  6.00542E-05
 1.40377E-01  3.07044E-01  3.25624E-01  1.00000E+00  1.00000E+00  6.00542E-05
 1.40377E-01  3.40377E-01  3.45865E-01  1.00000E+00  1.00000E+00  6.00542E-05
 1.40377E-01  3.73711E-01  3.51438E-01  1.00000E+00  1.00000E+00  6.00542E-05
 1.40377E-01  4.07044E-01  3.41625E-01  1.00000E+00  1.00000E+00  6.00542E-05
 1.40377E-01  4.40377E-01  3.17691E-01  1.00000E+00  1.00000E+00  6.00542E-05
 1.40377E-01  4.73711E-01  2.82617E-01  1.00000E+00  1.00000E+00  6.00542E-05
 1.40377E-01  5.07044E-01  2.40493E-01  1.00000E+00  1.00000E+00  6.00542E-05
 1.40377E-01  5.40377E-01  1.95741E-01  1.00000E+00  1.00000E+00  6.00542E-05
 1.40377E-01  5.73711E-01  1.52366E-01  1.00000E+00  1.00000E+00  6.00542E-05
 1.40377E-01  6.07044E-01  1.13412E-01  1.00000E+00  1.00000E+00  6.00542E-05
 1.40377E-01  6.40377E-01  8.07031E-02  1.00000E+00  1.00000E+00  6.00542E-05
 1.40377E-01  6.73711E-01  5.48939E-02  1.00000E+00  1.00000E+00  6.00542E-05
 1.40377E-01  7.07044E-01  3.57109E-02  1.00000E+00  1.00000E+00  6.00542E-05
 1.40377E-01  7.40377E-01  2.22166E-02  1.00000E+00  1.00000E+00  6.00542E-05
 1.40377E-01  7.73711E-01  1.31128E-02  1.00000E+00  1.00000E+00  6.00542E-05
 1.40377E-01  8.07044E-01  7.21017E-03  1.00000E+00  1.00000E+00  6.00542E-05
 1.40377E-01  8.40377E-01  3.87874E-03  1.00000E+00  1.00000E+00  6.00542E-05
 1.40377E-01  8.73711E-01  3.01530E-03  1.00000E+00  1.00000E+00  6.00542E-05
 1.40377E-01  9.07044E-01  4.59978E-03  1.00000E+00  1.00000E+00  6.00542E-05
 1.40377E-01  9.40377E-01  8.58251E-03  1.00000E+00  1.00000E+00  6.00542E-05
 1.40377E-01  9.73711E-01  1.52392E-02  1.00000E+00  1.00000E+00  6.00542E-05
 1.73711E-01  7.04416E-03  3.37397E-02  1.00000E+00  1.00000E+00  6.00542E-05
 1.73711E-01  4.03775E-02  5.35983E-02  1.00000E+00  1.00000E+00  6.00542E-05
 1.73711E-01  7.37108E-02  8.14032E-02  1.00000E+00  1.00000E+00  6.00542E-05
 1.73711E-01  1.07044E-01  1.18198E-01  1.00000E+00  1.00000E+00  6.00542E-05
 1.73711E-01  1.40377E-01  1.64058E-01  1.00000E+00  1.00000E+00  6.00542E-05
 1.73711E-01  1.73711E-01  2.17709E-01  1.00000E+00  1.00000E+00  6.00542E-05
 1.73711E-01  2.07044E-01  2.76264E-01  1.00000E+00  1.00000E+00  6.00542E-05
 1.73711E-01  2.40377E-01  3.35273E-01  1.00000E+00  1.00000E+00  6.00542E-05
 1.73711E-01  2.73711E-01  3.89173E-01  1.00000E+00  1.00000E+00  6.00542E-05
 1.73711E-01  3.07044E-01  4.32112E-01  1.00000E+00  1.00000E+00  6.00542E-05
 1.73711E-01  3.40377E-01  4.58972E-01  1.00000E+00  1.00000E+00  6.00542E-05
 1.73711E-01  3.73711E-01  4.66368E-01  1.00000E+00  1.00000E+00  6.00542E-05
 1.73711E-01  4.07044E-01  4.53346E-01  1.00000E+00  1.00000E+00  6.00542E-05
 1.73711E-01  4.40377E-01  4.21585E-01  1.00000E+00  1.00000E+00  6.00542E-05
 1.73711E-01  4.73711E-01  3.75040E-01  1.00000E+00  1.00000E+00  6.00542E-05
 1.73711E-01  5.07044E-01  3.19141E-01  1.00000E+00  1.00000E+00  6.00542E-05
 1.73711E-01  5.40377E-01  2.59753E-01  1.00000E+00  1.00000E+00  6.00542E-05
 1.73711E-01  5.73711E-01  2.02194E-01  1.00000E+00  1.00000E+00  6.00542E-05
 1.73711E-01  6.07044E-01  1.50501E-01  1.00000E+00  1.00000E+00  6.00542E-05
 1.73711E-01  6.40377E-01  1.07095E-01  1.00000E+00  1.00000E+00  6.00542E-05
 1.73711E-01  6.73711E-01  7.28456E-02  1.00000E+00  1.00000E+00  6.00542E-05
 1.73711E-01  7.07044E-01  4.73886E-02  1.00000E+00  1.00000E+00  6.00542E-05
 1.73711E-01  7.40377E-01  2.94795E-02  1.00000E+00  1.00000E+00  6.00542E-05
 1.73711E-01  7.73711E-01  1.73977E-02  1.00000E+00  1.00000E+00  6.00542E-05
 1.73711E-01  8.07044E-01  9.56729E-03  1.00000E+00  1.00000E+00  6.00542E-05
 1.73711E-01  8.40377E-01  5.14878E-03  1.00000E+00  1.00000E+00  6.00542E-05
 1.73711E-01  8.73711E-01  4.00101E-03  1.00000E+00  1.00000E+00  6.00542E-05
 1.73711E-01  9.07044E-01  6.10109E-03  1.00000E+00  1.00000E+00  6.00542E-05
 1.73711E-01  9.40377E-01  1.13869E-02  1.00000E+00  1.00000E+00  6.00542E-05
 1.73711E-01  9.73711E-01  2.02221E-02  1.00000E+00  1.00000E+00  6.00542E-05
 2.07044E-01  7.04416E-03  4.28140E-02  1.00000E+00  1.00000E+00  6.00542E-05
 2.07044E-01  4.03775E-02  6.80135E-02  1.00000E+00  1.00000E+00  6.00542E-05
 2.07044E-01  7.37108E-02  1.03297E-01  1.00000E+00  1.00000E+00  6.00542E-05
 2.07044E-01  1.07044E-01  1.49988E-01  1.00000E+00  1.00000E+00  6.00542E-05
 2.07044E-01  1.40377E-01  2.08183E-01  1.00000E+00  1.00000E+00  6.00542E-05
 2.07044E-01  1.73711E-01  2.76264E-01  1.00000E+00  1.00000E+00  6.00542E-05
 2.07044E-01  2.07044E-01  3.50568E-01  1.00000E+00  1.00000E+00  6.00542E-05
 2.07044E-01  2.40377E-01  4.25448E-01  1.00000E+00  1.00000E+00  6.00542E-05
 2.07044E-01  2.73711E-01  4.93846E-01  1.00000E+00  1.00000E+00  6.00542E-05
 2.07044E-01  3.07044E-01  5.48334E-01  1.00000E+00  1.00000E+00  6.00542E-05
 2.07044E-01  3.40377E-01  5.82418E-01  1.00000E+00  1.00000E+00  6.00542E-05
 2.07044E-01  3.73711E-01  5.91803E-01  1.00000E+00  1.00000E+00  6.00542E-05
 2.07044E-01  4.07044E-01  5.75279E-01  1.00000E+00  1.00000E+00  6.00542E-05
 2.07044E-01  4.40377E-01  5.34974E-01  1.00000E+00  1.00000E+00  6.00542E-05
 2.07044E-01  4.73711E-01  4.75912E-01  1.00000E+00  1.00000E+00  6.00542E-05
 2.07044E-01  5.07044E-01  4.04977E-01  1.00000E+00  1.00000E+00  6.00542E-05
 2.07044E-01  5.40377E-01  3.29617E-01  1.00000E+00  1.00000E+00  6.00542E-05
 2.07044E-01  5.73711E-01  2.56576E-01  1.00000E+00  1.00000E+00  6.00542E-05
 2.07044E-01  6.07044E-01  1.90979E-01  1.00000E+00  1.00000E+00  6.00542E-05
 2.07044E-01  6.40377E-01  1.35898E-01  1.00000E+00  1.00000E+00  6.00542E-05
 2.07044E-01  6.73711E-01  9.24380E-02  1.00000E+00  1.00000E+00  6.00542E-05
 2.07044E-01  7.07044E-01  6.01337E-02  1.00000E+00  1.00000E+00  6.00542E-05
 2.07044E-01  7.40377E-01  3.74060E-02  1.00000E+00  1.00000E+00  6.00542E-05
 2.07044E-01  7.73711E-01  2.20740E-02  1.00000E+00  1.00000E+00  6.00542E-05
 2.07044E-01  8.07044E-01  1.21398E-02  1.00000E+00  1.00000E+00  6.00542E-05
 2.07044E-01  8.40377E-01  6.53516E-03  1.00000E+00  1.00000E+00  6.00542E-05
 2.07044E-01  8.73711E-01  5.07681E-03  1.00000E+00  1.00000E+00  6.00542E-05
 2.07044E-01  9.07044E-01  7.73926E-03  1.00000E+00  1.00000E+00  6.00542E-05
 2.07044E-01  9.40377E-01  1.44473E-02  1.00000E+00  1.00000E+00  6.00542E-05
 2.07044E-01  9.73711E-01  2.56603E-02  1.00000E+00  1.00000E+00  6.00542E-05
 2.40377E-01  7.04416E-03  5.19586E-02  1.00000E+00  1.00000E+00  6.00542E-05
 2.40377E-01  4.03775E-02  8.25403E-02  1.00000E+00  1.00000E+00  6.00542E-05
 2.40377E-01  7.37108E-02  1.25360E-01  1.00000E+00  1.00000E+00  6.00542E-05
 2.40377E-01  1.07044E-01  1.82024E-01  1.00000E+00  1.00000E+00  6.00542E-05
 2.40377E-01  1.40377E-01  2.52649E-01  1.00000E+00  1.00000E+00  6.00542E-05
 2.40377E-01  1.73711E-01  3.35273E-01  1.00000E+00  1.00000E+00  6.00542E-05
 2.40377E-01  2.07044E-01  4.25448E-01  1.00000E+00  1.00000E+00  6.00542E-05
 2.40377E-01  2.40377E-01  5.16321E-01  1.00000E+00  1.00000E+00  6.00542E-05
 2.40377E-01  2.73711E-01  5.99328E-01  1.00000E+00  1.00000E+00  6.00542E-05
 2.40377E-01  3.07044E-01  6.65455E-01  1.00000E+00  1.00000E+00  6.00542E-05
 2.40377E-01  3.40377E-01  7.06819E-01  1.00000E+00  1.00000E+00  6.00542E-05
 2.40377E-01  3.73711E-01  7.18209E-01  1.00000E+00  1.00000E+00  6.00542E-05
 2.40377E-01  4.07044E-01  6.98155E-01  1.00000E+00  1.00000E+00  6.00542E-05
 2.40377E-01  4.40377E-01  6.49242E-01  1.00000E+00  1.00000E+00  6.00542E-05
 2.40377E-01  4.73711E-01  5.77564E-01  1.00000E+00  1.00000E+00  6.00542E-05
 2.40377E-01  5.07044E-01  4.91478E-01  1.00000E+00  1.00000E+00  6.00542E-05
 2.40377E-01  5.40377E-01  4.00021E-01  1.00000E+00  1.00000E+00  6.00542E-05
 2.40377E-01  5.73711E-01  3.11378E-01  1.00000E+00  1.00000E+00  6.00542E-05
 2.40377E-01  6.07044E-01  2.31770E-01  1.00000E+00  1.00000E+00  6.00542E-05
 2.40377E-01  6.40377E-01  1.64925E-01  1.00000E+00  1.00000E+00  6.00542E-05
 2.40377E-01  6.73711E-01  1.12182E-01  1.00000E+00  1.00000E+00  6.00542E-05
 2.40377E-01  7.07044E-01  7.29773E-02  1.00000E+00  1.00000E+00  6.00542E-05
 2.40377E-01  7.40377E-01  4.53936E-02  1.00000E+00  1.00000E+00  6.00542E-05
 2.40377E-01  7.73711E-01  2.67861E-02  1.00000E+00  1.00000E+00  6.00542E-05
 2.40377E-01  8.07044E-01  1.47321E-02  1.00000E+00  1.00000E+00  6.00542E-05
 2.40377E-01  8.40377E-01  7.93247E-03  1.00000E+00  1.00000E+00  6.00542E-05
 2.40377E-01  8.73711E-01  6.16095E-03  1.00000E+00  1.00000E+00  6.00542E-05
 2.40377E-01  9.07044E-01  9.38984E-03  1.00000E+00  1.00000E+00  6.00542E-05
 2.40377E-01  9.40377E-01  1.75312E-02  1.00000E+00  1.00000E+00  6.00542E-05
 2.40377E-01  9.73711E-01  3.11406E-02  1.00000E+00  1.00000E+00  6.00542E-05
 2.73711E-01  7.04416E-03  6.03116E-02  1.00000E+00  1.00000E+00  6.00542E-05
 2.73711E-01  4.03775E-02  9.58097E-02  1.00000E+00  1.00000E+00  6.00542E-05
 2.73711E-01  7.37108E-02  1.45513E-01  1.00000E+00  1.00000E+00  6.00542E-05
 2.73711E-01  1.07044E-01  2.11287E-01  1.00000E+00  1.00000E+00  6.00542E-05
 2.73711E-01  1.40377E-01  2.93267E-01  1.00000E+00  1.00000E+00  6.00542E-05
 2.73711E-01  1.73711E-01  3.89173E-01  1.00000E+00  1.00000E+00  6.00542E-05
 2.73711E-01  2.07044E-01  4.93846E-01  1.00000E+00  1.00000E+00  6.00542E-05
 2.73711E-01  2.40377E-01  5.99328E-01  1.00000E+00  1.00000E+00  6.00542E-05
 2.73711E-01  2.73711E-01  6.95680E-01  1.00000E+00  1.00000E+00  6.00542E-05
 2.73711E-01  3.07044E-01  7.72438E-01  1.00000E+00  1.00000E+00  6.00542E-05
 2.73711E-01  3.40377E-01  8.20453E-01  1.00000E+00  1.00000E+00  6.00542E-05
 2.73711E-01  3.73711E-01  8.33673E-01  1.00000E+00  1.00000E+00  6.00542E-05
 2.73711E-01  4.07044E-01  8.10395E-01  1.00000E+00  1.00000E+00  6.00542E-05
 2.73711E-01  4.40377E-01  7.53619E-01  1.00000E+00  1.00000E+00  6.00542E-05
 2.73711E-01  4.73711E-01  6.70417E-01  1.00000E+00  1.00000E+00  6.00542E-05
 2.73711E-01  5.07044E-01  5.70492E-01  1.00000E+00  1.00000E+00  6.00542E-05
 2.73711E-01  5.40377E-01  4.64331E-01  1.00000E+00  1.00000E+00  6.00542E-05
 2.73711E-01  5.73711E-01  3.61438E-01  1.00000E+00  1.00000E+00  6.00542E-05
 2.73711E-01  6.07044E-01  2.69031E-01  1.00000E+00  1.00000E+00  6.00542E-05
 2.73711E-01  6.40377E-01  1.91439E-01  1.00000E+00  1.00000E+00  6.00542E-05
 2.73711E-01  6.73711E-01  1.30217E-01  1.00000E+00  1.00000E+00  6.00542E-05
 2.73711E-01  7.07044E-01  8.47093E-02  1.00000E+00  1.00000E+00  6.00542E-05
 2.73711E-01  7.40377E-01  5.26897E-02  1.00000E+00  1.00000E+00  6.00542E-05
 2.73711E-01  7.73711E-01  3.10902E-02  1.00000E+00  1.00000E+00  6.00542E-05
 2.73711E-01  8.07044E-01  1.71000E-02  1.00000E+00  1.00000E+00  6.00542E-05
 2.73711E-01  8.40377E-01  9.20896E-03  1.00000E+00  1.00000E+00  6.00542E-05
 2.73711E-01  8.73711E-01  7.15125E-03  1.00000E+00  1.00000E+00  6.00542E-05
 2.73711E-01  9.07044E-01  1.08974E-02  1.00000E+00  1.00000E+00  6.00542E-05
 2.73711E-01  9.40377E-01  2.03480E-02  1.00000E+00  1.00000E+00  6.00542E-05
 2.73711E-01  9.73711E-01  3.61465E-02  1.00000E+00  1.00000E+00  6.00542E-05
 3.07044E-01  7.04416E-03  6.69659E-02  1.00000E+00  1.00000E+00  6.00542E-05
 3.07044E-01  4.03775E-02  1.06381E-01  1.00000E+00  1.00000E+00  6.00542E-05
 3.07044E-01  7.37108E-02  1.61568E-01  1.00000E+00  1.00000E+00  6.00542E-05
 3.07044E-01  1.07044E-01  2.34599E-01  1.00000E+00  1.00000E+00  6.00542E-05
 3.07044E-01  1.40377E-01  3.25624E-01  1.00000E+00  1.00000E+00  6.00542E-05
 3.07044E-01  1.73711E-01  4.32112E-01  1.00000E+00  1.00000E+00  6.00542E-05
 3.07044E-01  2.07044E-01  5.48334E-01  1.00000E+00  1.00000E+00  6.00542E-05
 3.07044E-01  2.40377E-01  6.65455E-01  1.00000E+00  1.00000E+00  6.00542E-05
 3.07044E-01  2.73711E-01  7.72438E-01  1.00000E+00  1.00000E+00  6.00542E-05
 3.07044E-01  3.07044E-01  8.57665E-01  1.00000E+00  1.00000E+00  6.00542E-05
 3.07044E-01  3.40377E-01  9.10977E-01  1.00000E+00  1.00000E+00  6.00542E-05
 3.07044E-01  3.73711E-01  9.25656E-01  1.00000E+00  1.00000E+00  6.00542E-05
 3.07044E-01  4.07044E-01  8.99810E-01  1.00000E+00  1.00000E+00  6.00542E-05
 3.07044E-01  4.40377E-01  8.36769E-01  1.00000E+00  1.00000E+00  6.00542E-05
 3.07044E-01  4.73711E-01  7.44387E-01  1.00000E+00  1.00000E+00  6.00542E-05
 3.07044E-01  5.07044E-01  6.33437E-01  1.00000E+00  1.00000E+00  6.00542E-05
 3.07044E-01  5.40377E-01  5.15562E-01  1.00000E+00  1.00000E+00  6.00542E-05
 3.07044E-01  5.73711E-01  4.01317E-01  1.00000E+00  1.00000E+00  6.00542E-05
 3.07044E-01  6.07044E-01  2.98714E-01  1.00000E+00  1.00000E+00  6.00542E-05
 3.07044E-01  6.40377E-01  2.12562E-01  1.00000E+00  1.00000E+00  6.00542E-05
 3.07044E-01  6.73711E-01  1.44585E-01  1.00000E+00  1.00000E+00  6.00542E-05
 3.07044E-01  7.07044E-01  9.40553E-02  1.00000E+00  1.00000E+00  6.00542E-05
 3.07044E-01  7.40377E-01  5.85020E-02  1.00000E+00  1.00000E+00  6.00542E-05
 3.07044E-01  7.73711E-01  3.45189E-02  1.00000E+00  1.00000E+00  6.00542E-05
 3.07044E-01  8.07044E-01  1.89863E-02  1.00000E+00  1.00000E+00  6.00542E-05
 3.07044E-01  8.40377E-01  1.02259E-02  1.00000E+00  1.00000E+00  6.00542E-05
 3.07044E-01  8.73711E-01  7.94016E-03  1.00000E+00  1.00000E+00  6.00542E-05
 3.07044E-01  9.07044E-01  1.20982E-02  1.00000E+00  1.00000E+00  6.00542E-05
 3.07044E-01  9.40377E-01  2.25920E-02  1.00000E+00  1.00000E+00  6.00542E-05
 3.07044E-01  9.73711E-01  4.01344E-02  1.00000E+00  1.00000E+00  6.00542E-05
 3.40377E-01  7.04416E-03  7.11284E-02  1.00000E+00  1.00000E+00  6.00542E-05
 3.40377E-01  4.03775E-02  1.12993E-01  1.00000E+00  1.00000E+00  6.00542E-05
 3.40377E-01  7.37108E-02  1.71611E-01  1.00000E+00  1.00000E+00  6.00542E-05
 3.40377E-01  1.07044E-01  2.49182E-01  1.00000E+00  1.00000E+00  6.00542E-05
 3.40377E-01  1.40377E-01  3.45865E-01  1.00000E+00  1.00000E+00  6.00542E-05
 3.40377E-01  1.73711E-01  4.58972E-01  1.00000E+00  1.00000E+00  6.00542E-05
 3.40377E-01  2.07044E-01  5.82418E-01  1.00000E+00  1.00000E+00  6.00542E-05
 3.40377E-01  2.40377E-01  7.06819E-01  1.00000E+00  1.00000E+00  6.00542E-05
 3.40377E-01  2.73711E-01  8.20453E-01  1.00000E+00  1.00000E+00  6.00542E-05
 3.40377E-01  3.07044E-01  9.10977E-01  1.00000E+00  1.00000E+00  6.00542E-05
 3.40377E-01  3.40377E-01  9.67603E-01  1.00000E+00  1.00000E+00  6.00542E-05
 3.40377E-01  3.73711E-01  9.83195E-01  1.00000E+00  1.00000E+00  6.00542E-05
 3.40377E-01  4.07044E-01  9.55742E-01  1.00000E+00  1.00000E+00  6.00542E-05
 3.40377E-01  4.40377E-01  8.88783E-01  1.00000E+00  1.00000E+00  6.00542E-05
 3.40377E-01  4.73711E-01  7.90658E-01  1.00000E+00  1.00000E+00  6.00542E-05
 3.40377E-01  5.07044E-01  6.72811E-01  1.00000E+00  1.00000E+00  6.00542E-05
 3.40377E-01  5.40377E-01  5.47610E-01  1.00000E+00  1.00000E+00  6.00542E-05
 3.40377E-01  5.73711E-01  4.26262E-01  1.00000E+00  1.00000E+00  6.00542E-05
 3.40377E-01  6.07044E-01  3.17282E-01  1.00000E+00  1.00000E+00  6.00542E-05
 3.40377E-01  6.40377E-01  2.25774E-01  1.00000E+00  1.00000E+00  6.00542E-05
 3.40377E-01  6.73711E-01  1.53572E-01  1.00000E+00  1.00000E+00  6.00542E-05
 3.40377E-01  7.07044E-01  9.99016E-02  1.00000E+00  1.00000E+00  6.00542E-05
 3.40377E-01  7.40377E-01  6.21377E-02  1.00000E+00  1.00000E+00  6.00542E-05
 3.40377E-01  7.73711E-01  3.66636E-02  1.00000E+00  1.00000E+00  6.00542E-05
 3.40377E-01  8.07044E-01  2.01663E-02  1.00000E+00  1.00000E+00  6.00542E-05
 3.40377E-01  8.40377E-01  1.08621E-02  1.00000E+00  1.00000E+00  6.00542E-05
 3.40377E-01  8.73711E-01  8.43364E-03  1.00000E+00  1.00000E+00  6.00542E-05
 3.40377E-01  9.07044E-01  1.28494E-02  1.00000E+00  1.00000E+00  6.00542E-05
 3.40377E-01  9.40377E-01  2.39956E-02  1.00000E+00  1.00000E+00  6.00542E-05
 3.40377E-01  9.73711E-01  4.26289E-02  1.00000E+00  1.00000E+00  6.00542E-05
 3.73711E-01  7.04416E-03  7.22746E-02  1.00000E+00  1.00000E+00  6.00542E-05
 3.73711E-01  4.03775E-02  1.14814E-01  1.00000E+00  1.00000E+00  6.00542E-05
 3.73711E-01  7.37108E-02  1.74376E-01  1.00000E+00  1.00000E+00  6.00542E-05
 3.73711E-01  1.07044E-01  2.53197E-01  1.00000E+00  1.00000E+00  6.00542E-05
 3.73711E-01  1.40377E-01  3.51438E-01  1.00000E+00  1.00000E+00  6.00542E-05
 3.73711E-01  1.73711E-01  4.66368E-01  1.00000E+00  1.00000E+00  6.00542E-05
 3.73711E-01  2.07044E-01  5.91803E-01  1.00000E+00  1.00000E+00  6.00542E-05
 3.73711E-01  2.40377E-01  7.18209E-01  1.00000E+00  1.00000E+00  6.00542E-05
 3.73711E-01  2.73711E-01  8.33673E-01  1.00000E+00  1.00000E+00  6.00542E-05
 3.73711E-01  3.07044E-01  9.25656E-01  1.00000E+00  1.00000E+00  6.00542E-05
 3.73711E-01  3.40377E-01  9.83195E-01  1.00000E+00  1.00000E+00  6.00542E-05
 3.73711E-01  3.73711E-01  9.99038E-01  1.00000E+00  1.00000E+00  6.00542E-05
 3.73711E-01  4.07044E-01  9.71143E-01  1.00000E+00  1.00000E+00  6.00542E-05
 3.73711E-01  4.40377E-01  9.03104E-01  1.00000E+00  1.00000E+00  6.00542E-05
 3.73711E-01  4.73711E-01  8.03399E-01  1.00000E+00  1.00000E+00  6.00542E-05
 3.73711E-01  5.07044E-01  6.83652E-01  1.00000E+00  1.00000E+00  6.00542E-05
 3.73711E-01  5.40377E-01  5.56434E-01  1.00000E+00  1.00000E+00  6.00542E-05
 3.73711E-01  5.73711E-01  4.33131E-01  1.00000E+00  1.00000E+00  6.00542E-05
 3.73711E-01  6.07044E-01  3.22395E-01  1.00000E+00  1.00000E+00  6.00542E-05
 3.73711E-01  6.40377E-01  2.29412E-01  1.00000E+00  1.00000E+00  6.00542E-05
 3.73711E-01  6.73711E-01  1.56047E-01  1.00000E+00  1.00000E+00  6.00542E-05
 3.73711E-01  7.07044E-01  1.01511E-01  1.00000E+00  1.00000E+00  6.00542E-05
 3.73711E-01  7.40377E-01  6.31388E-02  1.00000E+00  1.00000E+00  6.00542E-05
 3.73711E-01  7.73711E-01  3.72541E-02  1.00000E+00  1.00000E+00  6.00542E-05
 3.73711E-01  8.07044E-01  2.04912E-02  1.00000E+00  1.00000E+00  6.00542E-05
 3.73711E-01  8.40377E-01  1.10373E-02  1.00000E+00  1.00000E+00  6.00542E-05
 3.73711E-01  8.73711E-01  8.56952E-03  1.00000E+00  1.00000E+00  6.00542E-05
 3.73711E-01  9.07044E-01  1.30562E-02  1.00000E+00  1.00000E+00  6.00542E-05
 3.73711E-01  9.40377E-01  2.43820E-02  1.00000E+00  1.00000E+00  6.00542E-05
 3.73711E-01  9.73711E-01  4.33157E-02  1.00000E+00  1.00000E+00  6.00542E-05
 4.07044E-01  7.04416E-03  7.02565E-02  1.00000E+00  1.00000E+00  6.00542E-05
 4.07044E-01  4.03775E-02  1.11608E-01  1.00000E+00  1.00000E+00  6.00542E-05
 4.07044E-01  7.37108E-02  1.69507E-01  1.00000E+00  1.00000E+00  6.00542E-05
 4.07044E-01  1.07044E-01  2.46127E-01  1.00000E+00  1.00000E+00  6.00542E-05
 4.07044E-01  1.40377E-01  3.41625E-01  1.00000E+00  1.00000E+00  6.00542E-05
 4.07044E-01  1.73711E-01  4.53346E-01  1.00000E+00  1.00000E+00  6.00542E-05
 4.07044E-01  2.07044E-01  5.75279E-01  1.00000E+00  1.00000E+00  6.00542E-05
 4.07044E-01  2.40377E-01  6.98155E-01  1.00000E+00  1.00000E+00  6.00542E-05
 4.07044E-01  2.73711E-01  8.10395E-01  1.00000E+00  1.00000E+00  6.00542E-05
 4.07044E-01  3.07044E-01  8.99810E-01  1.00000E+00  1.00000E+00  6.00542E-05
 4.07044E-01  3.40377E-01  9.55742E-01  1.00000E+00  1.00000E+00  6.00542E-05
 4.07044E-01  3.73711E-01  9.71143E-01  1.00000E+00  1.00000E+00  6.00542E-05
 4.07044E-01  4.07044E-01  9.44026E-01  1.00000E+00  1.00000E+00  6.00542E-05
 4.07044E-01  4.40377E-01  8.77888E-01  1.00000E+00  1.00000E+00  6.00542E-05
 4.07044E-01  4.73711E-01  7.80966E-01  1.00000E+00  1.00000E+00  6.00542E-05
 4.07044E-01  5.07044E-01  6.64563E-01  1.00000E+00  1.00000E+00  6.00542E-05
 4.07044E-01  5.40377E-01  5.40897E-01  1.00000E+00  1.00000E+00  6.00542E-05
 4.07044E-01  5.73711E-01  4.21037E-01  1.00000E+00  1.00000E+00  6.00542E-05
 4.07044E-01  6.07044E-01  3.13393E-01  1.00000E+00  1.00000E+00  6.00542E-05
 4.07044E-01  6.40377E-01  2.23007E-01  1.00000E+00  1.00000E+00  6.00542E-05
 4.07044E-01  6.73711E-01  1.51689E-01  1.00000E+00  1.00000E+00  6.00542E-05
 4.07044E-01  7.07044E-01  9.86770E-02  1.00000E+00  1.00000E+00  6.00542E-05
 4.07044E-01  7.40377E-01  6.13761E-02  1.00000E+00  1.00000E+00  6.00542E-05
 4.07044E-01  7.73711E-01  3.62143E-02  1.00000E+00  1.00000E+00  6.00542E-05
 4.07044E-01  8.07044E-01  1.99191E-02  1.00000E+00  1.00000E+00  6.00542E-05
 4.07044E-01  8.40377E-01  1.07288E-02  1.00000E+00  1.00000E+00  6.00542E-05
 4.07044E-01  8.73711E-01  8.33025E-03  1.00000E+00  1.00000E+00  6.00542E-05
 4.07044E-01  9.07044E-01  1.26920E-02  1.00000E+00  1.00000E+00  6.00542E-05
 4.07044E-01  9.40377E-01  2.37015E-02  1.00000E+00  1.00000E+00  6.00542E-05
 4.07044E-01  9.73711E-01  4.21063E-02  1.00000E+00  1.00000E+00  6.00542E-05
 4.40377E-01  7.04416E-03  6.53344E-02  1.00000E+00  1.00000E+00  6.00542E-05
 4.40377E-01  4.03775E-02  1.03789E-01  1.00000E+00  1.00000E+00  6.00542E-05
 4.40377E-01  7.37108E-02  1.57632E-01  1.00000E+00  1.00000E+00  6.00542E-05
 4.40377E-01  1.07044E-01  2.28884E-01  1.00000E+00  1.00000E+00  6.00542E-05
 4.40377E-01  1.40377E-01  3.17691E-01  1.00000E+00  1.00000E+00  6.00542E-05
 4.40377E-01  1.73711E-01  4.21585E-01  1.00000E+00  1.00000E+00  6.00542E-05
 4.40377E-01  2.07044E-01  5.34974E-01  1.00000E+00  1.00000E+00  6.00542E-05
 4.40377E-01  2.40377E-01  6.49242E-01  1.00000E+00  1.00000E+00  6.00542E-05
 4.40377E-01  2.73711E-01  7.53619E-01  1.00000E+00  1.00000E+00  6.00542E-05
 4.40377E-01  3.07044E-01  8.36769E-01  1.00000E+00  1.00000E+00  6.00542E-05
 4.40377E-01  3.40377E-01  8.88783E-01  1.00000E+00  1.00000E+00  6.00542E-05
 4.40377E-01  3.73711E-01  9.03104E-01  1.00000E+00  1.00000E+00  6.00542E-05
 4.40377E-01  4.07044E-01  8.77888E-01  1.00000E+00  1.00000E+00  6.00542E-05
 4.40377E-01  4.40377E-01  8.16383E-01  1.00000E+00  1.00000E+00  6.00542E-05
 4.40377E-01  4.73711E-01  7.26251E-01  1.00000E+00  1.00000E+00  6.00542E-05
 4.40377E-01  5.07044E-01  6.18004E-01  1.00000E+00  1.00000E+00  6.00542E-05
 4.40377E-01  5.40377E-01  5.03001E-01  1.00000E+00  1.00000E+00  6.00542E-05
 4.40377E-01  5.73711E-01  3.91539E-01  1.00000E+00  1.00000E+00  6.00542E-05
 4.40377E-01  6.07044E-01  2.91436E-01  1.00000E+00  1.00000E+00  6.00542E-05
 4.40377E-01  6.40377E-01  2.07383E-01  1.00000E+00  1.00000E+00  6.00542E-05
 4.40377E-01  6.73711E-01  1.41062E-01  1.00000E+00  1.00000E+00  6.00542E-05
 4.40377E-01  7.07044E-01  9.17639E-02  1.00000E+00  1.00000E+00  6.00542E-05
 4.40377E-01  7.40377E-01  5.70769E-02  1.00000E+00  1.00000E+00  6.00542E-05
 4.40377E-01  7.73711E-01  3.36782E-02  1.00000E+00  1.00000E+00  6.00542E-05
 4.40377E-01  8.07044E-01  1.85238E-02  1.00000E+00  1.00000E+00  6.00542E-05
 4.40377E-01  8.40377E-01  9.97655E-03  1.00000E+00  1.00000E+00  6.00542E-05
 4.40377E-01  8.73711E-01  7.74670E-03  1.00000E+00  1.00000E+00  6.00542E-05
 4.40377E-01  9.07044E-01  1.18038E-02  1.00000E+00  1.00000E+00  6.00542E-05
 4.40377E-01  9.40377E-01  2.20418E-02  1.00000E+00  1.00000E+00  6.00542E-05
 4.40377E-01  9.73711E-01  3.91566E-02  1.00000E+00  1.00000E+00  6.00542E-05
 4.73711E-01  7.04416E-03  5.81215E-02  1.00000E+00  1.00000E+00  6.00542E-05
 4.73711E-01  4.03775E-02  9.23305E-02  1.00000E+00  1.00000E+00  6.00542E-05
 4.73711E-01  7.37108E-02  1.40229E-01  1.00000E+00  1.00000E+00  6.00542E-05
 4.73711E-01  1.07044E-01  2.03614E-01  1.00000E+00  1.00000E+00  6.00542E-05
 4.73711E-01  1.40377E-01  2.82617E-01  1.00000E+00  1.00000E+00  6.00542E-05
 4.73711E-01  1.73711E-01  3.75040E-01  1.00000E+00  1.00000E+00  6.00542E-05
 4.73711E-01  2.07044E-01  4.75912E-01  1.00000E+00  1.00000E+00  6.00542E-05
 4.73711E-01  2.40377E-01  5.77564E-01  1.00000E+00  1.00000E+00  6.00542E-05
 4.73711E-01  2.73711E-01  6.70417E-01  1.00000E+00  1.00000E+00  6.00542E-05
 4.73711E-01  3.07044E-01  7.44387E-01  1.00000E+00  1.00000E+00  6.00542E-05
 4.73711E-01  3.40377E-01  7.90658E-01  1.00000E+00  1.00000E+00  6.00542E-05
 4.73711E-01  3.73711E-01  8.03399E-01  1.00000E+00  1.00000E+00  6.00542E-05
 4.73711E-01  4.07044E-01  7.80966E-01  1.00000E+00  1.00000E+00  6.00542E-05
 4.73711E-01  4.40377E-01  7.26251E-01  1.00000E+00  1.00000E+00  6.00542E-05
 4.73711E-01  4.73711E-01  6.46071E-01  1.00000E+00  1.00000E+00  6.00542E-05
 4.73711E-01  5.07044E-01  5.49774E-01  1.00000E+00  1.00000E+00  6.00542E-05
 4.73711E-01  5.40377E-01  4.47469E-01  1.00000E+00  1.00000E+00  6.00542E-05
 4.73711E-01  5.73711E-01  3.48312E-01  1.00000E+00  1.00000E+00  6.00542E-05
 4.73711E-01  6.07044E-01  2.59261E-01  1.00000E+00  1.00000E+00  6.00542E-05
 4.73711E-01  6.40377E-01  1.84487E-01  1.00000E+00  1.00000E+00  6.00542E-05
 4.73711E-01  6.73711E-01  1.25488E-01  1.00000E+00  1.00000E+00  6.00542E-05
 4.73711E-01  7.07044E-01  8.16332E-02  1.00000E+00  1.00000E+00  6.00542E-05
 4.73711E-01  7.40377E-01  5.07767E-02  1.00000E+00  1.00000E+00  6.00542E-05
 4.73711E-01  7.73711E-01  2.99617E-02  1.00000E+00  1.00000E+00  6.00542E-05
 4.73711E-01  8.07044E-01  1.64791E-02  1.00000E+00  1.00000E+00  6.00542E-05
 4.73711E-01  8.40377E-01  8.87423E-03  1.00000E+00  1.00000E+00  6.00542E-05
 4.73711E-01  8.73711E-01  6.89156E-03  1.00000E+00  1.00000E+00  6.00542E-05
 4.73711E-01  9.07044E-01  1.05021E-02  1.00000E+00  1.00000E+00  6.00542E-05
 4.73711E-01  9.40377E-01  1.96095E-02  1.00000E+00  1.00000E+00  6.00542E-05
 4.73711E-01  9.73711E-01  3.48340E-02  1.00000E+00  1.00000E+00  6.00542E-05
 5.07044E-01  7.04416E-03  4.94587E-02  1.00000E+00  1.00000E+00  6.00542E-05
 5.07044E-01  4.03775E-02  7.85690E-02  1.00000E+00  1.00000E+00  6.00542E-05
 5.07044E-01  7.37108E-02  1.19328E-01  1.00000E+00  1.00000E+00  6.00542E-05
 5.07044E-01  1.07044E-01  1.73266E-01  1.00000E+00  1.00000E+00  6.00542E-05
 5.07044E-01  1.40377E-01  2.40493E-01  1.00000E+00  1.00000E+00  6.00542E-05
 5.07044E-01  1.73711E-01  3.19141E-01  1.00000E+00  1.00000E+00  6.00542E-05
 5.07044E-01  2.07044E-01  4.04977E-01  1.00000E+00  1.00000E+00  6.00542E-05
 5.07044E-01  2.40377E-01  4.91478E-01  1.00000E+00  1.00000E+00  6.00542E-05
 5.07044E-01  2.73711E-01  5.70492E-01  1.00000E+00  1.00000E+00  6.00542E-05
 5.07044E-01  3.07044E-01  6.33437E-01  1.00000E+00  1.00000E+00  6.00542E-05
 5.07044E-01  3.40377E-01  6.72811E-01  1.00000E+00  1.00000E+00  6.00542E-05
 5.07044E-01  3.73711E-01  6.83652E-01  1.00000E+00  1.00000E+00  6.00542E-05
 5.07044E-01  4.07044E-01  6.64563E-01  1.00000E+00  1.00000E+00  6.00542E-05
 5.07044E-01  4.40377E-01  6.18004E-01  1.00000E+00  1.00000E+00  6.00542E-05
 5.07044E-01  4.73711E-01  5.49774E-01  1.00000E+00  1.00000E+00  6.00542E-05
 5.07044E-01  5.07044E-01  4.67831E-01  1.00000E+00  1.00000E+00  6.00542E-05
 5.07044E-01  5.40377E-01  3.80774E-01  1.00000E+00  1.00000E+00  6.00542E-05
 5.07044E-01  5.73711E-01  2.96397E-01  1.00000E+00  1.00000E+00  6.00542E-05
 5.07044E-01  6.07044E-01  2.20619E-01  1.00000E+00  1.00000E+00  6.00542E-05
 5.07044E-01  6.40377E-01  1.56990E-01  1.00000E+00  1.00000E+00  6.00542E-05
 5.07044E-01  6.73711E-01  1.06785E-01  1.00000E+00  1.00000E+00  6.00542E-05
 5.07044E-01  7.07044E-01  6.94662E-02  1.00000E+00  1.00000E+00  6.00542E-05
 5.07044E-01  7.40377E-01  4.32100E-02  1.00000E+00  1.00000E+00  6.00542E-05
 5.07044E-01  7.73711E-01  2.54980E-02  1.00000E+00  1.00000E+00  6.00542E-05
 5.07044E-01  8.07044E-01  1.40234E-02  1.00000E+00  1.00000E+00  6.00542E-05
 5.07044E-01  8.40377E-01  7.55045E-03  1.00000E+00  1.00000E+00  6.00542E-05
 5.07044E-01  8.73711E-01  5.86455E-03  1.00000E+00  1.00000E+00  6.00542E-05
 5.07044E-01  9.07044E-01  8.93863E-03  1.00000E+00  1.00000E+00  6.00542E-05
 5.07044E-01  9.40377E-01  1.66882E-02  1.00000E+00  1.00000E+00  6.00542E-05
 5.07044E-01  9.73711E-01  2.96424E-02  1.00000E+00  1.00000E+00  6.00542E-05
 5.40377E-01  7.04416E-03  4.02554E-02  1.00000E+00  1.00000E+00  6.00542E-05
 5.40377E-01  4.03775E-02  6.39488E-02  1.00000E+00  1.00000E+00  6.00542E-05
 5.40377E-01  7.37108E-02  9.71234E-02  1.00000E+00  1.00000E+00  6.00542E-05
 5.40377E-01  1.07044E-01  1.41024E-01  1.00000E+00  1.00000E+00  6.00542E-05
 5.40377E-01  1.40377E-01  1.95741E-01  1.00000E+00  1.00000E+00  6.00542E-05
 5.40377E-01  1.73711E-01  2.59753E-01  1.00000E+00  1.00000E+00  6.00542E-05
 5.40377E-01  2.07044E-01  3.29617E-01  1.00000E+00  1.00000E+00  6.00542E-05
 5.40377E-01  2.40377E-01  4.00021E-01  1.00000E+00  1.00000E+00  6.00542E-05
 5.40377E-01  2.73711E-01  4.64331E-01  1.00000E+00  1.00000E+00  6.00542E-05
 5.40377E-01  3.07044E-01  5.15562E-01  1.00000E+00  1.00000E+00  6.00542E-05
 5.40377E-01  3.40377E-01  5.47610E-01  1.00000E+00  1.00000E+00  6.00542E-05
 5.40377E-01  3.73711E-01  5.56434E-01  1.00000E+00  1.00000E+00  6.00542E-05
 5.40377E-01  4.07044E-01  5.40897E-01  1.00000E+00  1.00000E+00  6.00542E-05
 5.40377E-01  4.40377E-01  5.03001E-01  1.00000E+00  1.00000E+00  6.00542E-05
 5.40377E-01  4.73711E-01  4.47469E-01  1.00000E+00  1.00000E+00  6.00542E-05
 5.40377E-01  5.07044E-01  3.80774E-01  1.00000E+00  1.00000E+00  6.00542E-05
 5.40377E-01  5.40377E-01  3.09917E-01  1.00000E+00  1.00000E+00  6.00542E-05
 5.40377E-01  5.73711E-01  2.41241E-01  1.00000E+00  1.00000E+00  6.00542E-05
 5.40377E-01  6.07044E-01  1.79565E-01  1.00000E+00  1.00000E+00  6.00542E-05
 5.40377E-01  6.40377E-01  1.27777E-01  1.00000E+00  1.00000E+00  6.00542E-05
 5.40377E-01  6.73711E-01  8.69135E-02  1.00000E+00  1.00000E+00  6.00542E-05
 5.40377E-01  7.07044E-01  5.65399E-02  1.00000E+00  1.00000E+00  6.00542E-05
 5.40377E-01  7.40377E-01  3.51710E-02  1.00000E+00  1.00000E+00  6.00542E-05
 5.40377E-01  7.73711E-01  2.07554E-02  1.00000E+00  1.00000E+00  6.00542E-05
 5.40377E-01  8.07044E-01  1.14144E-02  1.00000E+00  1.00000E+00  6.00542E-05
 5.40377E-01  8.40377E-01  6.14421E-03  1.00000E+00  1.00000E+00  6.00542E-05
 5.40377E-01  8.73711E-01  4.77344E-03  1.00000E+00  1.00000E+00  6.00542E-05
 5.40377E-01  9.07044E-01  7.27737E-03  1.00000E+00  1.00000E+00  6.00542E-05
 5.40377E-01  9.40377E-01  1.35844E-02  1.00000E+00  1.00000E+00  6.00542E-05
 5.40377E-01  9.73711E-01  2.41269E-02  1.00000E+00  1.00000E+00  6.00542E-05
 5.73711E-01  7.04416E-03  3.13355E-02  1.00000E+00  1.00000E+00  6.00542E-05
 5.73711E-01  4.03775E-02  4.97788E-02  1.00000E+00  1.00000E+00  6.00542E-05
 5.73711E-01  7.37108E-02  7.56021E-02  1.00000E+00  1.00000E+00  6.00542E-05
 5.73711E-01  1.07044E-01  1.09774E-01  1.00000E+00  1.00000E+00  6.00542E-05
 5.73711E-01  1.40377E-01  1.52366E-01  1.00000E+00  1.00000E+00  6.00542E-05
 5.73711E-01  1.73711E-01  2.02194E-01  1.00000E+00  1.00000E+00  6.00542E-05
 5.73711E-01  2.07044E-01  2.56576E-01  1.00000E+00  1.00000E+00  6.00542E-05
 5.73711E-01  2.40377E-01  3.11378E-01  1.00000E+00  1.00000E+00  6.00542E-05
 5.73711E-01  2.73711E-01  3.61438E-01  1.00000E+00  1.00000E+00  6.00542E-05
 5.73711E-01  3.07044E-01  4.01317E-01  1.00000E+00  1.00000E+00  6.00542E-05
 5.73711E-01  3.40377E-01  4.26262E-01  1.00000E+00  1.00000E+00  6.00542E-05
 5.73711E-01  3.73711E-01  4.33131E-01  1.00000E+00  1.00000E+00  6.00542E-05
 5.73711E-01  4.07044E-01  4.21037E-01  1.00000E+00  1.00000E+00  6.00542E-05
 5.73711E-01  4.40377E-01  3.91539E-01  1.00000E+00  1.00000E+00  6.00542E-05
 5.73711E-01  4.73711E-01  3.48312E-01  1.00000E+00  1.00000E+00  6.00542E-05
 5.73711E-01  5.07044E-01  2.96397E-01  1.00000E+00  1.00000E+00  6.00542E-05
 5.73711E-01  5.40377E-01  2.41241E-01  1.00000E+00  1.00000E+00  6.00542E-05
 5.73711E-01  5.73711E-01  1.87784E-01  1.00000E+00  1.00000E+00  6.00542E-05
 5.73711E-01  6.07044E-01  1.39775E-01  1.00000E+00  1.00000E+00  6.00542E-05
 5.73711E-01  6.40377E-01  9.94627E-02  1.00000E+00  1.00000E+00  6.00542E-05
 5.73711E-01  6.73711E-01  6.76543E-02  1.00000E+00  1.00000E+00  6.00542E-05
 5.73711E-01  7.07044E-01  4.40117E-02  1.00000E+00  1.00000E+00  6.00542E-05
 5.73711E-01  7.40377E-01  2.73793E-02  1.00000E+00  1.00000E+00  6.00542E-05
 5.73711E-01  7.73711E-01  1.61587E-02  1.00000E+00  1.00000E+00  6.00542E-05
 5.73711E-01  8.07044E-01  8.88574E-03  1.00000E+00  1.00000E+00  6.00542E-05
 5.73711E-01  8.40377E-01  4.78153E-03  1.00000E+00  1.00000E+00  6.00542E-05
 5.73711E-01  8.73711E-01  3.71600E-03  1.00000E+00  1.00000E+00  6.00542E-05
 5.73711E-01  9.07044E-01  5.66704E-03  1.00000E+00  1.00000E+00  6.00542E-05
 5.73711E-01  9.40377E-01  1.05760E-02  1.00000E+00  1.00000E+00  6.00542E-05
 5.73711E-01  9.73711E-01  1.87812E-02  1.00000E+00  1.00000E+00  6.00542E-05
 6.07044E-01  7.04416E-03  2.33248E-02  1.00000E+00  1.00000E+00  6.00542E-05
 6.07044E-01  4.03775E-02  3.70531E-02  1.00000E+00  1.00000E+00  6.00542E-05
 6.07044E-01  7.37108E-02  5.62743E-02  1.00000E+00  1.00000E+00  6.00542E-05
 6.07044E-01  1.07044E-01  8.17098E-02  1.00000E+00  1.00000E+00  6.00542E-05
 6.07044E-01  1.40377E-01  1.13412E-01  1.00000E+00  1.00000E+00  6.00542E-05
 6.07044E-01  1.73711E-01  1.50501E-01  1.00000E+00  1.00000E+00  6.00542E-05
 6.07044E-01  2.07044E-01  1.90979E-01  1.00000E+00  1.00000E+00  6.00542E-05
 6.07044E-01  2.40377E-01  2.31770E-01  1.00000E+00  1.00000E+00  6.00542E-05
 6.07044E-01  2.73711E-01  2.69031E-01  1.00000E+00  1.00000E+00  6.00542E-05
 6.07044E-01  3.07044E-01  2.98714E-01  1.00000E+00  1.00000E+00  6.00542E-05
 6.07044E-01  3.40377E-01  3.17282E-01  1.00000E+00  1.00000E+00  6.00542E-05
 6.07044E-01  3.73711E-01  3.22395E-01  1.00000E+00  1.00000E+00  6.00542E-05
 6.07044E-01  4.07044E-01  3.13393E-01  1.00000E+00  1.00000E+00  6.00542E-05
 6.07044E-01  4.40377E-01  2.91436E-01  1.00000E+00  1.00000E+00  6.00542E-05
 6.07044E-01  4.73711E-01  2.59261E-01  1.00000E+00  1.00000E+00  6.00542E-05
 6.07044E-01  5.07044E-01  2.20619E-01  1.00000E+00  1.00000E+00  6.00542E-05
 6.07044E-01  5.40377E-01  1.79565E-01  1.00000E+00  1.00000E+00  6.00542E-05
 6.07044E-01  5.73711E-01  1.39775E-01  1.00000E+00  1.00000E+00  6.00542E-05
 6.07044E-01  6.07044E-01  1.04041E-01  1.00000E+00  1.00000E+00  6.00542E-05
 6.07044E-01  6.40377E-01  7.40345E-02  1.00000E+00  1.00000E+00  6.00542E-05
 6.07044E-01  6.73711E-01  5.03581E-02  1.00000E+00  1.00000E+00  6.00542E-05
 6.07044E-01  7.07044E-01  3.27604E-02  1.00000E+00  1.00000E+00  6.00542E-05
 6.07044E-01  7.40377E-01  2.03816E-02  1.00000E+00  1.00000E+00  6.00542E-05
 6.07044E-01  7.73711E-01  1.20303E-02  1.00000E+00  1.00000E+00  6.00542E-05
 6.07044E-01  8.07044E-01  6.61481E-03  1.00000E+00  1.00000E+00  6.00542E-05
 6.07044E-01  8.40377E-01  3.55808E-03  1.00000E+00  1.00000E+00  6.00542E-05
 6.07044E-01  8.73711E-01  2.76642E-03  1.00000E+00  1.00000E+00  6.00542E-05
 6.07044E-01  9.07044E-01  4.22057E-03  1.00000E+00  1.00000E+00  6.00542E-05
 6.07044E-01  9.40377E-01  7.87411E-03  1.00000E+00  1.00000E+00  6.00542E-05
 6.07044E-01  9.73711E-01  1.39804E-02  1.00000E+00  1.00000E+00  6.00542E-05
 6.40377E-01  7.04416E-03  1.65979E-02  1.00000E+00  1.00000E+00  6.00542E-05
 6.40377E-01  4.03775E-02  2.63670E-02  1.00000E+00  1.00000E+00  6.00542E-05
 6.40377E-01  7.37108E-02  4.00446E-02  1.00000E+00  1.00000E+00  6.00542E-05
 6.40377E-01  1.07044E-01  5.81441E-02  1.00000E+00  1.00000E+00  6.00542E-05
 6.40377E-01  1.40377E-01  8.07031E-02  1.00000E+00  1.00000E+00  6.00542E-05
 6.40377E-01  1.73711E-01  1.07095E-01  1.00000E+00  1.00000E+00  6.00542E-05
 6.40377E-01  2.07044E-01  1.35898E-01  1.00000E+00  1.00000E+00  6.00542E-05
 6.40377E-01  2.40377E-01  1.64925E-01  1.00000E+00  1.00000E+00  6.00542E-05
 6.40377E-01  2.73711E-01  1.91439E-01  1.00000E+00  1.00000E+00  6.00542E-05
 6.40377E-01  3.07044E-01  2.12562E-01  1.00000E+00  1.00000E+00  6.00542E-05
 6.40377E-01  3.40377E-01  2.25774E-01  1.00000E+00  1.00000E+00  6.00542E-05
 6.40377E-01  3.73711E-01  2.29412E-01  1.00000E+00  1.00000E+00  6.00542E-05
 6.40377E-01  4.07044E-01  2.23007E-01  1.00000E+00  1.00000E+00  6.00542E-05
 6.40377E-01  4.40377E-01  2.07383E-01  1.00000E+00  1.00000E+00  6.00542E-05
 6.40377E-01  4.73711E-01  1.84487E-01  1.00000E+00  1.00000E+00  6.00542E-05
 6.40377E-01  5.07044E-01  1.56990E-01  1.00000E+00  1.00000E+00  6.00542E-05
 6.40377E-01  5.40377E-01  1.27777E-01  1.00000E+00  1.00000E+00  6.00542E-05
 6.40377E-01  5.73711E-01  9.94627E-02  1.00000E+00  1.00000E+00  6.00542E-05
 6.40377E-01  6.07044E-01  7.40345E-02  1.00000E+00  1.00000E+00  6.00542E-05
 6.40377E-01  6.40377E-01  5.26825E-02  1.00000E+00  1.00000E+00  6.00542E-05
 6.40377E-01  6.73711E-01  3.58344E-02  1.00000E+00  1.00000E+00  6.00542E-05
 6.40377E-01  7.07044E-01  2.33124E-02  1.00000E+00  1.00000E+00  6.00542E-05
 6.40377E-01  7.40377E-01  1.45051E-02  1.00000E+00  1.00000E+00  6.00542E-05
 6.40377E-01  7.73711E-01  8.56285E-03  1.00000E+00  1.00000E+00  6.00542E-05
 6.40377E-01  8.07044E-01  4.70756E-03  1.00000E+00  1.00000E+00  6.00542E-05
 6.40377E-01  8.40377E-01  2.53080E-03  1.00000E+00  1.00000E+00  6.00542E-05
 6.40377E-01  8.73711E-01  1.96885E-03  1.00000E+00  1.00000E+00  6.00542E-05
 6.40377E-01  9.07044E-01  3.00535E-03  1.00000E+00  1.00000E+00  6.00542E-05
 6.40377E-01  9.40377E-01  5.60471E-03  1.00000E+00  1.00000E+00  6.00542E-05
 6.40377E-01  9.73711E-01  9.94882E-03  1.00000E+00  1.00000E+00  6.00542E-05
 6.73711E-01  7.04416E-03  1.12896E-02  1.00000E+00  1.00000E+00  6.00542E-05
 6.73711E-01  4.03775E-02  1.79346E-02  1.00000E+00  1.00000E+00  6.00542E-05
 6.73711E-01  7.37108E-02  2.72381E-02  1.00000E+00  1.00000E+00  6.00542E-05
 6.73711E-01  1.07044E-01  3.95493E-02  1.00000E+00  1.00000E+00  6.00542E-05
 6.73711E-01  1.40377E-01  5.48939E-02  1.00000E+00  1.00000E+00  6.00542E-05
 6.73711E-01  1.73711E-01  7.28456E-02  1.00000E+00  1.00000E+00  6.00542E-05
 6.73711E-01  2.07044E-01  9.24380E-02  1.00000E+00  1.00000E+00  6.00542E-05
 6.73711E-01  2.40377E-01  1.12182E-01  1.00000E+00  1.00000E+00  6.00542E-05
 6.73711E-01  2.73711E-01  1.30217E-01  1.00000E+00  1.00000E+00  6.00542E-05
 6.73711E-01  3.07044E-01  1.44585E-01  1.00000E+00  1.00000E+00  6.00542E-05
 6.73711E-01  3.40377E-01  1.53572E-01  1.00000E+00  1.00000E+00  6.00542E-05
 6.73711E-01  3.73711E-01  1.56047E-01  1.00000E+00  1.00000E+00  6.00542E-05
 6.73711E-01  4.07044E-01  1.51689E-01  1.00000E+00  1.00000E+00  6.00542E-05
 6.73711E-01  4.40377E-01  1.41062E-01  1.00000E+00  1.00000E+00  6.00542E-05
 6.73711E-01  4.73711E-01  1.25488E-01  1.00000E+00  1.00000E+00  6.00542E-05
 6.73711E-01  5.07044E-01  1.06785E-01  1.00000E+00  1.00000E+00  6.00542E-05
 6.73711E-01  5.40377E-01  8.69135E-02  1.00000E+00  1.00000E+00  6.00542E-05
 6.73711E-01  5.73711E-01  6.76543E-02  1.00000E+00  1.00000E+00  6.00542E-05
 6.73711E-01  6.07044E-01  5.03581E-02  1.00000E+00  1.00000E+00  6.00542E-05
 6.73711E-01  6.40377E-01  3.58344E-02  1.00000E+00  1.00000E+00  6.00542E-05
 6.73711E-01  6.73711E-01  2.43740E-02  1.00000E+00  1.00000E+00  6.00542E-05
 6.73711E-01  7.07044E-01  1.58569E-02  1.00000E+00  1.00000E+00  6.00542E-05
 6.73711E-01  7.40377E-01  9.86735E-03  1.00000E+00  1.00000E+00  6.00542E-05
 6.73711E-01  7.73711E-01  5.82601E-03  1.00000E+00  1.00000E+00  6.00542E-05
 6.73711E-01  8.07044E-01  3.20218E-03  1.00000E+00  1.00000E+00  6.00542E-05
 6.73711E-01  8.40377E-01  1.72022E-03  1.00000E+00  1.00000E+00  6.00542E-05
 6.73711E-01  8.73711E-01  1.33925E-03  1.00000E+00  1.00000E+00  6.00542E-05
 6.73711E-01  9.07044E-01  2.04574E-03  1.00000E+00  1.00000E+00  6.00542E-05
 6.73711E-01  9.40377E-01  3.81334E-03  1.00000E+00  1.00000E+00  6.00542E-05
 6.73711E-01  9.73711E-01  6.76716E-03  1.00000E+00  1.00000E+00  6.00542E-05
 7.07044E-01  7.04416E-03  7.34506E-03  1.00000E+00  1.00000E+00  6.00542E-05
 7.07044E-01  4.03775E-02  1.16681E-02  1.00000E+00  1.00000E+00  6.00542E-05
 7.07044E-01  7.37108E-02  1.77203E-02  1.00000E+00  1.00000E+00  6.00542E-05
 7.07044E-01  1.07044E-01  2.57289E-02  1.00000E+00  1.00000E+00  6.00542E-05
 7.07044E-01  1.40377E-01  3.57109E-02  1.00000E+00  1.00000E+00  6.00542E-05
 7.07044E-01  1.73711E-01  4.73886E-02  1.00000E+00  1.00000E+00  6.00542E-05
 7.07044E-01  2.07044E-01  6.01337E-02  1.00000E+00  1.00000E+00  6.00542E-05
 7.07044E-01  2.40377E-01  7.29773E-02  1.00000E+00  1.00000E+00  6.00542E-05
 7.07044E-01  2.73711E-01  8.47093E-02  1.00000E+00  1.00000E+00  6.00542E-05
 7.07044E-01  3.07044E-01  9.40553E-02  1.00000E+00  1.00000E+00  6.00542E-05
 7.07044E-01  3.40377E-01  9.99016E-02  1.00000E+00  1.00000E+00  6.00542E-05
 7.07044E-01  3.73711E-01  1.01511E-01  1.00000E+00  1.00000E+00  6.00542E-05
 7.07044E-01  4.07044E-01  9.86770E-02  1.00000E+00  1.00000E+00  6.00542E-05
 7.07044E-01  4.40377E-01  9.17639E-02  1.00000E+00  1.00000E+00  6.00542E-05
 7.07044E-01  4.73711E-01  8.16332E-02  1.00000E+00  1.00000E+00  6.00542E-05
 7.07044E-01  5.07044E-01  6.94662E-02  1.00000E+00  1.00000E+00  6.00542E-05
 7.07044E-01  5.40377E-01  5.65399E-02  1.00000E+00  1.00000E+00  6.00542E-05
 7.07044E-01  5.73711E-01  4.40117E-02  1.00000E+00  1.00000E+00  6.00542E-05
 7.07044E-01  6.07044E-01  3.27604E-02  1.00000E+00  1.00000E+00  6.00542E-05
 7.07044E-01  6.40377E-01  2.33124E-02  1.00000E+00  1.00000E+00  6.00542E-05
 7.07044E-01  6.73711E-01  1.58569E-02  1.00000E+00  1.00000E+00  6.00542E-05
 7.07044E-01  7.07044E-01  1.03164E-02  1.00000E+00  1.00000E+00  6.00542E-05
 7.07044E-01  7.40377E-01  6.42099E-03  1.00000E+00  1.00000E+00  6.00542E-05
 7.07044E-01  7.73711E-01  3.79224E-03  1.00000E+00  1.00000E+00  6.00542E-05
 7.07044E-01  8.07044E-01  2.08389E-03  1.00000E+00  1.00000E+00  6.00542E-05
 7.07044E-01  8.40377E-01  1.11858E-03  1.00000E+00  1.00000E+00  6.00542E-05
 7.07044E-01  8.73711E-01  8.71800E-04  1.00000E+00  1.00000E+00  6.00542E-05
 7.07044E-01  9.07044E-01  1.33269E-03  1.00000E+00  1.00000E+00  6.00542E-05
 7.07044E-01  9.40377E-01  2.48231E-03  1.00000E+00  1.00000E+00  6.00542E-05
 7.07044E-01  9.73711E-01  4.40318E-03  1.00000E+00  1.00000E+00  6.00542E-05
 7.40377E-01  7.04416E-03  4.57229E-03  1.00000E+00  1.00000E+00  6.00542E-05
 7.40377E-01  4.03775E-02  7.26184E-03  1.00000E+00  1.00000E+00  6.00542E-05
 7.40377E-01  7.37108E-02  1.10267E-02  1.00000E+00  1.00000E+00  6.00542E-05
 7.40377E-01  1.07044E-01  1.60081E-02  1.00000E+00  1.00000E+00  6.00542E-05
 7.40377E-01  1.40377E-01  2.22166E-02  1.00000E+00  1.00000E+00  6.00542E-05
 7.40377E-01  1.73711E-01  2.94795E-02  1.00000E+00  1.00000E+00  6.00542E-05
 7.40377E-01  2.07044E-01  3.74060E-02  1.00000E+00  1.00000E+00  6.00542E-05
 7.40377E-01  2.40377E-01  4.53936E-02  1.00000E+00  1.00000E+00  6.00542E-05
 7.40377E-01  2.73711E-01  5.26897E-02  1.00000E+00  1.00000E+00  6.00542E-05
 7.40377E-01  3.07044E-01  5.85020E-02  1.00000E+00  1.00000E+00  6.00542E-05
 7.40377E-01  3.40377E-01  6.21377E-02  1.00000E+00  1.00000E+00  6.00542E-05
 7.40377E-01  3.73711E-01  6.31388E-02  1.00000E+00  1.00000E+00  6.00542E-05
 7.40377E-01  4.07044E-01  6.13761E-02  1.00000E+00  1.00000E+00  6.00542E-05
 7.40377E-01  4.40377E-01  5.70769E-02  1.00000E+00  1.00000E+00  6.00542E-05
 7.40377E-01  4.73711E-01  5.07767E-02  1.00000E+00  1.00000E+00  6.00542E-05
 7.40377E-01  5.07044E-01  4.32100E-02  1.00000E+00  1.00000E+00  6.00542E-05
 7.40377E-01  5.40377E-01  3.51710E-02  1.00000E+00  1.00000E+00  6.00542E-05
 7.40377E-01  5.73711E-01  2.73793E-02  1.00000E+00  1.00000E+00  6.00542E-05
 7.40377E-01  6.07044E-01  2.03816E-02  1.00000E+00  1.00000E+00  6.00542E-05
 7.40377E-01  6.40377E-01  1.45051E-02  1.00000E+00  1.00000E+00  6.00542E-05
 7.40377E-01  6.73711E-01  9.86735E-03  1.00000E+00  1.00000E+00  6.00542E-05
 7.40377E-01  7.07044E-01  6.42099E-03  1.00000E+00  1.00000E+00  6.00542E-05
 7.40377E-01  7.40377E-01  3.99830E-03  1.00000E+00  1.00000E+00  6.00542E-05
 7.40377E-01  7.73711E-01  2.36287E-03  1.00000E+00  1.00000E+00  6.00542E-05
 7.40377E-01  8.07044E-01  1.29850E-03  1.00000E+00  1.00000E+00  6.00542E-05
 7.40377E-01  8.40377E-01  6.96667E-04  1.00000E+00  1.00000E+00  6.00542E-05
 7.40377E-01  8.73711E-01  5.43908E-04  1.00000E+00  1.00000E+00  6.00542E-05
 7.40377E-01  9.07044E-01  8.31826E-04  1.00000E+00  1.00000E+00  6.00542E-05
 7.40377E-01  9.40377E-01  1.54715E-03  1.00000E+00  1.00000E+00  6.00542E-05
 7.40377E-01  9.73711E-01  2.74196E-03  1.00000E+00  1.00000E+00  6.00542E-05
 7.73711E-01  7.04416E-03  2.70097E-03  1.00000E+00  1.00000E+00  6.00542E-05
 7.73711E-01  4.03775E-02  4.28853E-03  1.00000E+00  1.00000E+00  6.00542E-05
 7.73711E-01  7.37108E-02  6.51035E-03  1.00000E+00  1.00000E+00  6.00542E-05
 7.73711E-01  1.07044E-01  9.44969E-03  1.00000E+00  1.00000E+00  6.00542E-05
 7.73711E-01  1.40377E-01  1.31128E-02  1.00000E+00  1.00000E+00  6.00542E-05
 7.73711E-01  1.73711E-01  1.73977E-02  1.00000E+00  1.00000E+00  6.00542E-05
 7.73711E-01  2.07044E-01  2.20740E-02  1.00000E+00  1.00000E+00  6.00542E-05
 7.73711E-01  2.40377E-01  2.67861E-02  1.00000E+00  1.00000E+00  6.00542E-05
 7.73711E-01  2.73711E-01  3.10902E-02  1.00000E+00  1.00000E+00  6.00542E-05
 7.73711E-01  3.07044E-01  3.45189E-02  1.00000E+00  1.00000E+00  6.00542E-05
 7.73711E-01  3.40377E-01  3.66636E-02  1.00000E+00  1.00000E+00  6.00542E-05
 7.73711E-01  3.73711E-01  3.72541E-02  1.00000E+00  1.00000E+00  6.00542E-05
 7.73711E-01  4.07044E-01  3.62143E-02  1.00000E+00  1.00000E+00  6.00542E-05
 7.73711E-01  4.40377E-01  3.36782E-02  1.00000E+00  1.00000E+00  6.00542E-05
 7.73711E-01  4.73711E-01  2.99617E-02  1.00000E+00  1.00000E+00  6.00542E-05
 7.73711E-01  5.07044E-01  2.54980E-02  1.00000E+00  1.00000E+00  6.00542E-05
 7.73711E-01  5.40377E-01  2.07554E-02  1.00000E+00  1.00000E+00  6.00542E-05
 7.73711E-01  5.73711E-01  1.61587E-02  1.00000E+00  1.00000E+00  6.00542E-05
 7.73711E-01  6.07044E-01  1.20303E-02  1.00000E+00  1.00000E+00  6.00542E-05
 7.73711E-01  6.40377E-01  8.56285E-03  1.00000E+00  1.00000E+00  6.00542E-05
 7.73711E-01  6.73711E-01  5.82601E-03  1.00000E+00  1.00000E+00  6.00542E-05
 7.73711E-01  7.07044E-01  3.79224E-03  1.00000E+00  1.00000E+00  6.00542E-05
 7.73711E-01  7.40377E-01  2.36287E-03  1.00000E+00  1.00000E+00  6.00542E-05
 7.73711E-01  7.73711E-01  1.39752E-03  1.00000E+00  1.00000E+00  6.00542E-05
 7.73711E-01  8.07044E-01  7.68027E-04  1.00000E+00  1.00000E+00  6.00542E-05
 7.73711E-01  8.40377E-01  4.11813E-04  1.00000E+00  1.00000E+00  6.00542E-05
 7.73711E-01  8.73711E-01  3.22229E-04  1.00000E+00  1.00000E+00  6.00542E-05
 7.73711E-01  9.07044E-01  4.93062E-04  1.00000E+00  1.00000E+00  6.00542E-05
 7.73711E-01  9.40377E-01  9.15404E-04  1.00000E+00  1.00000E+00  6.00542E-05
 7.73711E-01  9.73711E-01  1.62051E-03  1.00000E+00  1.00000E+00  6.00542E-05
 8.07044E-01  7.04416E-03  1.48384E-03  1.00000E+00  1.00000E+00  6.00542E-05
 8.07044E-01  4.03775E-02  2.35680E-03  1.00000E+00  1.00000E+00  6.00542E-05
 8.07044E-01  7.37108E-02  3.57868E-03  1.00000E+00  1.00000E+00  6.00542E-05
 8.07044E-01  1.07044E-01  5.19530E-03  1.00000E+00  1.00000E+00  6.00542E-05
 8.07044E-01  1.40377E-01  7.21017E-03  1.00000E+00  1.00000E+00  6.00542E-05
 8.07044E-01  1.73711E-01  9.56729E-03  1.00000E+00  1.00000E+00  6.00542E-05
 8.07044E-01  2.07044E-01  1.21398E-02  1.00000E+00  1.00000E+00  6.00542E-05
 8.07044E-01  2.40377E-01  1.47321E-02  1.00000E+00  1.00000E+00  6.00542E-05
 8.07044E-01  2.73711E-01  1.71000E-02  1.00000E+00  1.00000E+00  6.00542E-05
 8.07044E-01  3.07044E-01  1.89863E-02  1.00000E+00  1.00000E+00  6.00542E-05
 8.07044E-01  3.40377E-01  2.01663E-02  1.00000E+00  1.00000E+00  6.00542E-05
 8.07044E-01  3.73711E-01  2.04912E-02  1.00000E+00  1.00000E+00  6.00542E-05
 8.07044E-01  4.07044E-01  1.99191E-02  1.00000E+00  1.00000E+00  6.00542E-05
 8.07044E-01  4.40377E-01  1.85238E-02  1.00000E+00  1.00000E+00  6.00542E-05
 8.07044E-01  4.73711E-01  1.64791E-02  1.00000E+00  1.00000E+00  6.00542E-05
 8.07044E-01  5.07044E-01  1.40234E-02  1.00000E+00  1.00000E+00  6.00542E-05
 8.07044E-01  5.40377E-01  1.14144E-02  1.00000E+00  1.00000E+00  6.00542E-05
 8.07044E-01  5.73711E-01  8.88574E-03  1.00000E+00  1.00000E+00  6.00542E-05
 8.07044E-01  6.07044E-01  6.61481E-03  1.00000E+00  1.00000E+00  6.00542E-05
 8.07044E-01  6.40377E-01  4.70756E-03  1.00000E+00  1.00000E+00  6.00542E-05
 8.07044E-01  6.73711E-01  3.20218E-03  1.00000E+00  1.00000E+00  6.00542E-05
 8.07044E-01  7.07044E-01  2.08389E-03  1.00000E+00  1.00000E+00  6.00542E-05
 8.07044E-01  7.40377E-01  1.29850E-03  1.00000E+00  1.00000E+00  6.00542E-05
 8.07044E-01  7.73711E-01  7.68027E-04  1.00000E+00  1.00000E+00  6.00542E-05
 8.07044E-01  8.07044E-01  4.21531E-04  1.00000E+00  1.00000E+00  6.00542E-05
 8.07044E-01  8.40377E-01  2.25482E-04  1.00000E+00  1.00000E+00  6.00542E-05
 8.07044E-01  8.73711E-01  1.76786E-04  1.00000E+00  1.00000E+00  6.00542E-05
 8.07044E-01  9.07044E-01  2.71047E-04  1.00000E+00  1.00000E+00  6.00542E-05
 8.07044E-01  9.40377E-01  5.02846E-04  1.00000E+00  1.00000E+00  6.00542E-05
 8.07044E-01  9.73711E-01  8.89979E-04  1.00000E+00  1.00000E+00  6.00542E-05
 8.40377E-01  7.04416E-03  7.95876E-04  1.00000E+00  1.00000E+00  6.00542E-05
 8.40377E-01  4.03775E-02  1.26540E-03  1.00000E+00  1.00000E+00  6.00542E-05
 8.40377E-01  7.37108E-02  1.92298E-03  1.00000E+00  1.00000E+00  6.00542E-05
 8.40377E-01  1.07044E-01  2.79342E-03  1.00000E+00  1.00000E+00  6.00542E-05
 8.40377E-01  1.40377E-01  3.87874E-03  1.00000E+00  1.00000E+00  6.00542E-05
 8.40377E-01  1.73711E-01  5.14878E-03  1.00000E+00  1.00000E+00  6.00542E-05
 8.40377E-01  2.07044E-01  6.53516E-03  1.00000E+00  1.00000E+00  6.00542E-05
 8.40377E-01  2.40377E-01  7.93247E-03  1.00000E+00  1.00000E+00  6.00542E-05
 8.40377E-01  2.73711E-01  9.20896E-03  1.00000E+00  1.00000E+00  6.00542E-05
 8.40377E-01  3.07044E-01  1.02259E-02  1.00000E+00  1.00000E+00  6.00542E-05
 8.40377E-01  3.40377E-01  1.08621E-02  1.00000E+00  1.00000E+00  6.00542E-05
 8.40377E-01  3.73711E-01  1.10373E-02  1.00000E+00  1.00000E+00  6.00542E-05
 8.40377E-01  4.07044E-01  1.07288E-02  1.00000E+00  1.00000E+00  6.00542E-05
 8.40377E-01  4.40377E-01  9.97655E-03  1.00000E+00  1.00000E+00  6.00542E-05
 8.40377E-01  4.73711E-01  8.87423E-03  1.00000E+00  1.00000E+00  6.00542E-05
 8.40377E-01  5.07044E-01  7.55045E-03  1.00000E+00  1.00000E+00  6.00542E-05
 8.40377E-01  5.40377E-01  6.14421E-03  1.00000E+00  1.00000E+00  6.00542E-05
 8.40377E-01  5.73711E-01  4.78153E-03  1.00000E+00  1.00000E+00  6.00542E-05
 8.40377E-01  6.07044E-01  3.55808E-03  1.00000E+00  1.00000E+00  6.00542E-05
 8.40377E-01  6.40377E-01  2.53080E-03  1.00000E+00  1.00000E+00  6.00542E-05
 8.40377E-01  6.73711E-01  1.72022E-03  1.00000E+00  1.00000E+00  6.00542E-05
 8.40377E-01  7.07044E-01  1.11858E-03  1.00000E+00  1.00000E+00  6.00542E-05
 8.40377E-01  7.40377E-01  6.96667E-04  1.00000E+00  1.00000E+00  6.00542E-05
 8.40377E-01  7.73711E-01  4.11813E-04  1.00000E+00  1.00000E+00  6.00542E-05
 8.40377E-01  8.07044E-01  2.25482E-04  1.00000E+00  1.00000E+00  6.00542E-05
 8.40377E-01  8.40377E-01  1.20211E-04  1.00000E+00  1.00000E+00  6.00542E-05
 8.40377E-01  8.73711E-01  9.45030E-05  1.00000E+00  1.00000E+00  6.00542E-05
 8.40377E-01  9.07044E-01  1.45260E-04  1.00000E+00  1.00000E+00  6.00542E-05
 8.40377E-01  9.40377E-01  2.69338E-04  1.00000E+00  1.00000E+00  6.00542E-05
 8.40377E-01  9.73711E-01  4.76851E-04  1.00000E+00  1.00000E+00  6.00542E-05
 8.73711E-01  7.04416E-03  6.20883E-04  1.00000E+00  1.00000E+00  6.00542E-05
 8.73711E-01  4.03775E-02  9.85905E-04  1.00000E+00  1.00000E+00  6.00542E-05
 8.73711E-01  7.37108E-02  1.49680E-03  1.00000E+00  1.00000E+00  6.00542E-05
 8.73711E-01  1.07044E-01  2.17276E-03  1.00000E+00  1.00000E+00  6.00542E-05
 8.73711E-01  1.40377E-01  3.01530E-03  1.00000E+00  1.00000E+00  6.00542E-05
 8.73711E-01  1.73711E-01  4.00101E-03  1.00000E+00  1.00000E+00  6.00542E-05
 8.73711E-01  2.07044E-01  5.07681E-03  1.00000E+00  1.00000E+00  6.00542E-05
 8.73711E-01  2.40377E-01  6.16095E-03  1.00000E+00  1.00000E+00  6.00542E-05
 8.73711E-01  2.73711E-01  7.15125E-03  1.00000E+00  1.00000E+00  6.00542E-05
 8.73711E-01  3.07044E-01  7.94016E-03  1.00000E+00  1.00000E+00  6.00542E-05
 8.73711E-01  3.40377E-01  8.43364E-03  1.00000E+00  1.00000E+00  6.00542E-05
 8.73711E-01  3.73711E-01  8.56952E-03  1.00000E+00  1.00000E+00  6.00542E-05
 8.73711E-01  4.07044E-01  8.33025E-03  1.00000E+00  1.00000E+00  6.00542E-05
 8.73711E-01  4.40377E-01  7.74670E-03  1.00000E+00  1.00000E+00  6.00542E-05
 8.73711E-01  4.73711E-01  6.89156E-03  1.00000E+00  1.00000E+00  6.00542E-05
 8.73711E-01  5.07044E-01  5.86455E-03  1.00000E+00  1.00000E+00  6.00542E-05
 8.73711E-01  5.40377E-01  4.77344E-03  1.00000E+00  1.00000E+00  6.00542E-05
 8.73711E-01  5.73711E-01  3.71600E-03  1.00000E+00  1.00000E+00  6.00542E-05
 8.73711E-01  6.07044E-01  2.76642E-03  1.00000E+00  1.00000E+00  6.00542E-05
 8.73711E-01  6.40377E-01  1.96885E-03  1.00000E+00  1.00000E+00  6.00542E-05
 8.73711E-01  6.73711E-01  1.33925E-03  1.00000E+00  1.00000E+00  6.00542E-05
 8.73711E-01  7.07044E-01  8.71800E-04  1.00000E+00  1.00000E+00  6.00542E-05
 8.73711E-01  7.40377E-01  5.43908E-04  1.00000E+00  1.00000E+00  6.00542E-05
 8.73711E-01  7.73711E-01  3.22229E-04  1.00000E+00  1.00000E+00  6.00542E-05
 8.73711E-01  8.07044E-01  1.76786E-04  1.00000E+00  1.00000E+00  6.00542E-05
 8.73711E-01  8.40377E-01  9.45030E-05  1.00000E+00  1.00000E+00  6.00542E-05
 8.73711E-01  8.73711E-01  7.45715E-05  1.00000E+00  1.00000E+00  6.00542E-05
 8.73711E-01  9.07044E-01  1.14353E-04  1.00000E+00  1.00000E+00  6.00542E-05
 8.73711E-01  9.40377E-01  2.11113E-04  1.00000E+00  1.00000E+00  6.00542E-05
 8.73711E-01  9.73711E-01  3.72680E-04  1.00000E+00  1.00000E+00  6.00542E-05
 9.07044E-01  7.04416E-03  9.49783E-04  1.00000E+00  1.00000E+00  6.00542E-05
 9.07044E-01  4.03775E-02  1.50677E-03  1.00000E+00  1.00000E+00  6.00542E-05
 9.07044E-01  7.37108E-02  2.28585E-03  1.00000E+00  1.00000E+00  6.00542E-05
 9.07044E-01  1.07044E-01  3.31612E-03  1.00000E+00  1.00000E+00  6.00542E-05
 9.07044E-01  1.40377E-01  4.59978E-03  1.00000E+00  1.00000E+00  6.00542E-05
 9.07044E-01  1.73711E-01  6.10109E-03  1.00000E+00  1.00000E+00  6.00542E-05
 9.07044E-01  2.07044E-01  7.73926E-03  1.00000E+00  1.00000E+00  6.00542E-05
 9.07044E-01  2.40377E-01  9.38984E-03  1.00000E+00  1.00000E+00  6.00542E-05
 9.07044E-01  2.73711E-01  1.08974E-02  1.00000E+00  1.00000E+00  6.00542E-05
 9.07044E-01  3.07044E-01  1.20982E-02  1.00000E+00  1.00000E+00  6.00542E-05
 9.07044E-01  3.40377E-01  1.28494E-02  1.00000E+00  1.00000E+00  6.00542E-05
 9.07044E-01  3.73711E-01  1.30562E-02  1.00000E+00  1.00000E+00  6.00542E-05
 9.07044E-01  4.07044E-01  1.26920E-02  1.00000E+00  1.00000E+00  6.00542E-05
 9.07044E-01  4.40377E-01  1.18038E-02  1.00000E+00  1.00000E+00  6.00542E-05
 9.07044E-01  4.73711E-01  1.05021E-02  1.00000E+00  1.00000E+00  6.00542E-05
 9.07044E-01  5.07044E-01  8.93863E-03  1.00000E+00  1.00000E+00  6.00542E-05
 9.07044E-01  5.40377E-01  7.27737E-03  1.00000E+00  1.00000E+00  6.00542E-05
 9.07044E-01  5.73711E-01  5.66704E-03  1.00000E+00  1.00000E+00  6.00542E-05
 9.07044E-01  6.07044E-01  4.22057E-03  1.00000E+00  1.00000E+00  6.00542E-05
 9.07044E-01  6.40377E-01  3.00535E-03  1.00000E+00  1.00000E+00  6.00542E-05
 9.07044E-01  6.73711E-01  2.04574E-03  1.00000E+00  1.00000E+00  6.00542E-05
 9.07044E-01  7.07044E-01  1.33269E-03  1.00000E+00  1.00000E+00  6.00542E-05
 9.07044E-01  7.40377E-01  8.31826E-04  1.00000E+00  1.00000E+00  6.00542E-05
 9.07044E-01  7.73711E-01  4.93062E-04  1.00000E+00  1.00000E+00  6.00542E-05
 9.07044E-01  8.07044E-01  2.71047E-04  1.00000E+00  1.00000E+00  6.00542E-05
 9.07044E-01  8.40377E-01  1.45260E-04  1.00000E+00  1.00000E+00  6.00542E-05
 9.07044E-01  8.73711E-01  1.14353E-04  1.00000E+00  1.00000E+00  6.00542E-05
 9.07044E-01  9.07044E-01  1.75030E-04  1.00000E+00  1.00000E+00  6.00542E-05
 9.07044E-01  9.40377E-01  3.23321E-04  1.00000E+00  1.00000E+00  6.00542E-05
 9.07044E-01  9.73711E-01  5.70621E-04  1.00000E+00  1.00000E+00  6.00542E-05
 9.40377E-01  7.04416E-03  1.76800E-03  1.00000E+00  1.00000E+00  6.00542E-05
 9.40377E-01  4.03775E-02  2.80714E-03  1.00000E+00  1.00000E+00  6.00542E-05
 9.40377E-01  7.37108E-02  4.26136E-03  1.00000E+00  1.00000E+00  6.00542E-05
 9.40377E-01  1.07044E-01  6.18511E-03  1.00000E+00  1.00000E+00  6.00542E-05
 9.40377E-01  1.40377E-01  8.58251E-03  1.00000E+00  1.00000E+00  6.00542E-05
 9.40377E-01  1.73711E-01  1.13869E-02  1.00000E+00  1.00000E+00  6.00542E-05
 9.40377E-01  2.07044E-01  1.44473E-02  1.00000E+00  1.00000E+00  6.00542E-05
 9.40377E-01  2.40377E-01  1.75312E-02  1.00000E+00  1.00000E+00  6.00542E-05
 9.40377E-01  2.73711E-01  2.03480E-02  1.00000E+00  1.00000E+00  6.00542E-05
 9.40377E-01  3.07044E-01  2.25920E-02  1.00000E+00  1.00000E+00  6.00542E-05
 9.40377E-01  3.40377E-01  2.39956E-02  1.00000E+00  1.00000E+00  6.00542E-05
 9.40377E-01  3.73711E-01  2.43820E-02  1.00000E+00  1.00000E+00  6.00542E-05
 9.40377E-01  4.07044E-01  2.37015E-02  1.00000E+00  1.00000E+00  6.00542E-05
 9.40377E-01  4.40377E-01  2.20418E-02  1.00000E+00  1.00000E+00  6.00542E-05
 9.40377E-01  4.73711E-01  1.96095E-02  1.00000E+00  1.00000E+00  6.00542E-05
 9.40377E-01  5.07044E-01  1.66882E-02  1.00000E+00  1.00000E+00  6.00542E-05
 9.40377E-01  5.40377E-01  1.35844E-02  1.00000E+00  1.00000E+00  6.00542E-05
 9.40377E-01  5.73711E-01  1.05760E-02  1.00000E+00  1.00000E+00  6.00542E-05
 9.40377E-01  6.07044E-01  7.87411E-03  1.00000E+00  1.00000E+00  6.00542E-05
 9.40377E-01  6.40377E-01  5.60471E-03  1.00000E+00  1.00000E+00  6.00542E-05
 9.40377E-01  6.73711E-01  3.81334E-03  1.00000E+00  1.00000E+00  6.00542E-05
 9.40377E-01  7.07044E-01  2.48231E-03  1.00000E+00  1.00000E+00  6.00542E-05
 9.40377E-01  7.40377E-01  1.54715E-03  1.00000E+00  1.00000E+00  6.00542E-05
 9.40377E-01  7.73711E-01  9.15404E-04  1.00000E+00  1.00000E+00  6.00542E-05
 9.40377E-01  8.07044E-01  5.02846E-04  1.00000E+00  1.00000E+00  6.00542E-05
 9.40377E-01  8.40377E-01  2.69338E-04  1.00000E+00  1.00000E+00  6.00542E-05
 9.40377E-01  8.73711E-01  2.11113E-04  1.00000E+00  1.00000E+00  6.00542E-05
 9.40377E-01  9.07044E-01  3.23321E-04  1.00000E+00  1.00000E+00  6.00542E-05
 9.40377E-01  9.40377E-01  5.99614E-04  1.00000E+00  1.00000E+00  6.00542E-05
 9.40377E-01  9.73711E-01  1.06086E-03  1.00000E+00  1.00000E+00  6.00542E-05
 9.73711E-01  7.04416E-03  3.13506E-03  1.00000E+00  1.00000E+00  6.00542E-05
 9.73711E-01  4.03775E-02  4.97998E-03  1.00000E+00  1.00000E+00  6.00542E-05
 9.73711E-01  7.37108E-02  7.56263E-03  1.00000E+00  1.00000E+00  6.00542E-05
 9.73711E-01  1.07044E-01  1.09799E-02  1.00000E+00  1.00000E+00  6.00542E-05
 9.73711E-01  1.40377E-01  1.52392E-02  1.00000E+00  1.00000E+00  6.00542E-05
 9.73711E-01  1.73711E-01  2.02221E-02  1.00000E+00  1.00000E+00  6.00542E-05
 9.73711E-01  2.07044E-01  2.56603E-02  1.00000E+00  1.00000E+00  6.00542E-05
 9.73711E-01  2.40377E-01  3.11406E-02  1.00000E+00  1.00000E+00  6.00542E-05
 9.73711E-01  2.73711E-01  3.61465E-02  1.00000E+00  1.00000E+00  6.00542E-05
 9.73711E-01  3.07044E-01  4.01344E-02  1.00000E+00  1.00000E+00  6.00542E-05
 9.73711E-01  3.40377E-01  4.26289E-02  1.00000E+00  1.00000E+00  6.00542E-05
 9.73711E-01  3.73711E-01  4.33157E-02  1.00000E+00  1.00000E+00  6.00542E-05
 9.73711E-01  4.07044E-01  4.21063E-02  1.00000E+00  1.00000E+00  6.00542E-05
 9.73711E-01  4.40377E-01  3.91566E-02  1.00000E+00  1.00000E+00  6.00542E-05
 9.73711E-01  4.73711E-01  3.48340E-02  1.00000E+00  1.00000E+00  6.00542E-05
 9.73711E-01  5.07044E-01  2.96424E-02  1.00000E+00  1.00000E+00  6.00542E-05
 9.73711E-01  5.40377E-01  2.41269E-02  1.00000E+00  1.00000E+00  6.00542E-05
 9.73711E-01  5.73711E-01  1.87812E-02  1.00000E+00  1.00000E+00  6.00542E-05
 9.73711E-01  6.07044E-01  1.39804E-02  1.00000E+00  1.00000E+00  6.00542E-05
 9.73711E-01  6.40377E-01  9.94882E-03  1.00000E+00  1.00000E+00  6.00542E-05
 9.73711E-01  6.73711E-01  6.76716E-03  1.00000E+00  1.00000E+00  6.00542E-05
 9.73711E-01  7.07044E-01  4.40318E-03  1.00000E+00  1.00000E+00  6.00542E-05
 9.73711E-01  7.40377E-01  2.74196E-03  1.00000E+00  1.00000E+00  6.00542E-05
 9.73711E-01  7.73711E-01  1.62051E-03  1.00000E+00  1.00000E+00  6.00542E-05
 9.73711E-01  8.07044E-01  8.89979E-04  1.00000E+00  1.00000E+00  6.00542E-05
 9.73711E-01  8.40377E-01  4.76851E-04  1.00000E+00  1.00000E+00  6.00542E-05
 9.73711E-01  8.73711E-01  3.72680E-04  1.00000E+00  1.00000E+00  6.00542E-05
 9.73711E-01  9.07044E-01  5.70621E-04  1.00000E+00  1.00000E+00  6.00542E-05
 9.73711E-01  9.40377E-01  1.06086E-03  1.00000E+00  1.00000E+00  6.00542E-05
 9.73711E-01  9.73711E-01  1.87981E-03  1.00000E+00  1.00000E+00  6.00542E-05
