 7.04416E-03  7.04416E-03  7.34577E-01  1.00000E+00  1.00000E+00  6.00556E-05
 7.04416E-03  4.03775E-02  6.38839E-01  1.00000E+00  1.00000E+00  6.00556E-05
 7.04416E-03  7.37108E-02  5.31387E-01  1.00000E+00  1.00000E+00  6.00556E-05
 7.04416E-03  1.07044E-01  4.22742E-01  1.00000E+00  1.00000E+00  6.00556E-05
 7.04416E-03  1.40377E-01  3.21631E-01  1.00000E+00  1.00000E+00  6.00556E-05
 7.04416E-03  1.73711E-01  2.34010E-01  1.00000E+00  1.00000E+00  6.00556E-05
 7.04416E-03  2.07044E-01  1.62797E-01  1.00000E+00  1.00000E+00  6.00556E-05
 7.04416E-03  2.40377E-01  1.08268E-01  1.00000E+00  1.00000E+00  6.00556E-05
 7.04416E-03  2.73711E-01  6.88790E-02  1.00000E+00  1.00000E+00  6.00556E-05
 7.04416E-03  3.07044E-01  4.19567E-02  1.00000E+00  1.00000E+00  6.00556E-05
 7.04416E-03  3.40377E-01  2.41944E-02  1.00000E+00  1.00000E+00  6.00556E-05
 7.04416E-03  3.73711E-01  1.29297E-02  1.00000E+00  1.00000E+00  6.00556E-05
 7.04416E-03  4.07044E-01  7.53529E-03  1.00000E+00  1.00000E+00  6.00556E-05
 7.04416E-03  4.40377E-01  8.49918E-03  1.00000E+00  1.00000E+00  6.00556E-05
 7.04416E-03  4.73711E-01  1.55618E-02  1.00000E+00  1.00000E+00  6.00556E-05
 7.04416E-03  5.07044E-01  2.83984E-02  1.00000E+00  1.00000E+00  6.00556E-05
 7.04416E-03  5.40377E-01  4.84001E-02  1.00000E+00  1.00000E+00  6.00556E-05
 7.04416E-03  5.73711E-01  7.85359E-02  1.00000E+00  1.00000E+00  6.00556E-05
 7.04416E-03  6.07044E-01  1.21945E-01  1.00000E+00  1.00000E+00  6.00556E-05
 7.04416E-03  6.40377E-01  1.81056E-01  1.00000E+00  1.00000E+00  6.00556E-05
 7.04416E-03  6.73711E-01  2.57012E-01  1.00000E+00  1.00000E+00  6.00556E-05
 7.04416E-03  7.07044E-01  3.48860E-01  1.00000E+00  1.00000E+00  6.00556E-05
 7.04416E-03  7.40377E-01  4.52835E-01  1.00000E+00  1.00000E+00  6.00556E-05
 7.04416E-03  7.73711E-01  5.62145E-01  1.00000E+00  1.00000E+00  6.00556E-05
 7.04416E-03  8.07044E-01  6.67422E-01  1.00000E+00  1.00000E+00  6.00556E-05
 7.04416E-03  8.40377E-01  7.57909E-01  1.00000E+00  1.00000E+00  6.00556E-05
 7.04416E-03  8.73711E-01  8.23215E-01  1.00000E+00  1.00000E+00  6.00556E-05
 7.04416E-03  9.07044E-01  8.55265E-01  1.00000E+00  1.00000E+00  6.00556E-05
 7.04416E-03  9.40377E-01  8.49933E-01  1.00000E+00  1.00000E+00  6.00556E-05
 7.04416E-03  9.73711E-01  8.07914E-01  1.00000E+00  1.00000E+00  6.00556E-05
 4.03775E-02  7.04416E-03  6.38839E-01  1.00000E+00  1.00000E+00  6.00556E-05
 4.03775E-02  4.03775E-02  5.55578E-01  1.00000E+00  1.00000E+00  6.00556E-05
 4.03775E-02  7.37108E-02  4.62131E-01  1.00000E+00  1.00000E+00  6.00556E-05
 4.03775E-02  1.07044E-01  3.67646E-01  1.00000E+00  1.00000E+00  6.00556E-05
 4.03775E-02  1.40377E-01  2.79713E-01  1.00000E+00  1.00000E+00  6.00556E-05
 4.03775E-02  1.73711E-01  2.03512E-01  1.00000E+00  1.00000E+00  6.00556E-05
 4.03775E-02  2.07044E-01  1.41580E-01  1.00000E+00  1.00000E+00  6.00556E-05
 4.03775E-02  2.40377E-01  9.41578E-02  1.00000E+00  1.00000E+00  6.00556E-05
 4.03775E-02  2.73711E-01  5.99025E-02  1.00000E+00  1.00000E+00  6.00556E-05
 4.03775E-02  3.07044E-01  3.64901E-02  1.00000E+00  1.00000E+00  6.00556E-05
 4.03775E-02  3.40377E-01  2.10428E-02  1.00000E+00  1.00000E+00  6.00556E-05
 4.03775E-02  3.73711E-01  1.12443E-02  1.00000E+00  1.00000E+00  6.00556E-05
 4.03775E-02  4.07044E-01  6.55289E-03  1.00000E+00  1.00000E+00  6.00556E-05
 4.03775E-02  4.40377E-01  7.39304E-03  1.00000E+00  1.00000E+00  6.00556E-05
 4.03775E-02  4.73711E-01  1.35352E-02  1.00000E+00  1.00000E+00  6.00556E-05
 4.03775E-02  5.07044E-01  2.46978E-02  1.00000E+00  1.00000E+00  6.00556E-05
 4.03775E-02  5.40377E-01  4.20927E-02  1.00000E+00  1.00000E+00  6.00556E-05
 4.03775E-02  5.73711E-01  6.83011E-02  1.00000E+00  1.00000E+00  6.00556E-05
 4.03775E-02  6.07044E-01  1.06052E-01  1.00000E+00  1.00000E+00  6.00556E-05
 4.03775E-02  6.40377E-01  1.57459E-01  1.00000E+00  1.00000E+00  6.00556E-05
 4.03775E-02  6.73711E-01  2.23516E-01  1.00000E+00  1.00000E+00  6.00556E-05
 4.03775E-02  7.07044E-01  3.03393E-01  1.00000E+00  1.00000E+00  6.00556E-05
 4.03775E-02  7.40377E-01  3.93817E-01  1.00000E+00  1.00000E+00  6.00556E-05
 4.03775E-02  7.73711E-01  4.88880E-01  1.00000E+00  1.00000E+00  6.00556E-05
 4.03775E-02  8.07044E-01  5.80436E-01  1.00000E+00  1.00000E+00  6.00556E-05
 4.03775E-02  8.40377E-01  6.59129E-01  1.00000E+00  1.00000E+00  6.00556E-05
 4.03775E-02  8.73711E-01  7.15925E-01  1.00000E+00  1.00000E+00  6.00556E-05
 4.03775E-02  9.07044E-01  7.43797E-01  1.00000E+00  1.00000E+00  6.00556E-05
 4.03775E-02  9.40377E-01  7.39160E-01  1.00000E+00  1.00000E+00  6.00556E-05
 4.03775E-02  9.73711E-01  7.02617E-01  1.00000E+00  1.00000E+00  6.00556E-05
 7.37108E-02  7.04416E-03  5.31387E-01  1.00000E+00  1.00000E+00  6.00556E-05
 7.37108E-02  4.03775E-02  4.62131E-01  1.00000E+00  1.00000E+00  6.00556E-05
 7.37108E-02  7.37108E-02  3.84402E-01  1.00000E+00  1.00000E+00  6.00556E-05
 7.37108E-02  1.07044E-01  3.05809E-01  1.00000E+00  1.00000E+00  6.00556E-05
 7.37108E-02  1.40377E-01  2.32667E-01  1.00000E+00  1.00000E+00  6.00556E-05
 7.37108E-02  1.73711E-01  1.69282E-01  1.00000E+00  1.00000E+00  6.00556E-05
 7.37108E-02  2.07044E-01  1.17768E-01  1.00000E+00  1.00000E+00  6.00556E-05
 7.37108E-02  2.40377E-01  7.83213E-02  1.00000E+00  1.00000E+00  6.00556E-05
 7.37108E-02  2.73711E-01  4.98278E-02  1.00000E+00  1.00000E+00  6.00556E-05
 7.37108E-02  3.07044E-01  3.03544E-02  1.00000E+00  1.00000E+00  6.00556E-05
 7.37108E-02  3.40377E-01  1.75054E-02  1.00000E+00  1.00000E+00  6.00556E-05
 7.37108E-02  3.73711E-01  9.35286E-03  1.00000E+00  1.00000E+00  6.00556E-05
 7.37108E-02  4.07044E-01  5.45035E-03  1.00000E+00  1.00000E+00  6.00556E-05
 7.37108E-02  4.40377E-01  6.15141E-03  1.00000E+00  1.00000E+00  6.00556E-05
 7.37108E-02  4.73711E-01  1.12604E-02  1.00000E+00  1.00000E+00  6.00556E-05
 7.37108E-02  5.07044E-01  2.05445E-02  1.00000E+00  1.00000E+00  6.00556E-05
 7.37108E-02  5.40377E-01  3.50136E-02  1.00000E+00  1.00000E+00  6.00556E-05
 7.37108E-02  5.73711E-01  5.68140E-02  1.00000E+00  1.00000E+00  6.00556E-05
 7.37108E-02  6.07044E-01  8.82155E-02  1.00000E+00  1.00000E+00  6.00556E-05
 7.37108E-02  6.40377E-01  1.30976E-01  1.00000E+00  1.00000E+00  6.00556E-05
 7.37108E-02  6.73711E-01  1.85922E-01  1.00000E+00  1.00000E+00  6.00556E-05
 7.37108E-02  7.07044E-01  2.52363E-01  1.00000E+00  1.00000E+00  6.00556E-05
 7.37108E-02  7.40377E-01  3.27578E-01  1.00000E+00  1.00000E+00  6.00556E-05
 7.37108E-02  7.73711E-01  4.06652E-01  1.00000E+00  1.00000E+00  6.00556E-05
 7.37108E-02  8.07044E-01  4.82808E-01  1.00000E+00  1.00000E+00  6.00556E-05
 7.37108E-02  8.40377E-01  5.48265E-01  1.00000E+00  1.00000E+00  6.00556E-05
 7.37108E-02  8.73711E-01  5.95507E-01  1.00000E+00  1.00000E+00  6.00556E-05
 7.37108E-02  9.07044E-01  6.18692E-01  1.00000E+00  1.00000E+00  6.00556E-05
 7.37108E-02  9.40377E-01  6.14834E-01  1.00000E+00  1.00000E+00  6.00556E-05
 7.37108E-02  9.73711E-01  5.84438E-01  1.00000E+00  1.00000E+00  6.00556E-05
 1.07044E-01  7.04416E-03  4.22742E-01  1.00000E+00  1.00000E+00  6.00556E-05
 1.07044E-01  4.03775E-02  3.67646E-01  1.00000E+00  1.00000E+00  6.00556E-05
 1.07044E-01  7.37108E-02  3.05809E-01  1.00000E+00  1.00000E+00  6.00556E-05
 1.07044E-01  1.07044E-01  2.43286E-01  1.00000E+00  1.00000E+00  6.00556E-05
 1.07044E-01  1.40377E-01  1.85097E-01  1.00000E+00  1.00000E+00  6.00556E-05
 1.07044E-01  1.73711E-01  1.34673E-01  1.00000E+00  1.00000E+00  6.00556E-05
 1.07044E-01  2.07044E-01  9.36905E-02  1.00000E+00  1.00000E+00  6.00556E-05
 1.07044E-01  2.40377E-01  6.23088E-02  1.00000E+00  1.00000E+00  6.00556E-05
 1.07044E-01  2.73711E-01  3.96410E-02  1.00000E+00  1.00000E+00  6.00556E-05
 1.07044E-01  3.07044E-01  2.41504E-02  1.00000E+00  1.00000E+00  6.00556E-05
 1.07044E-01  3.40377E-01  1.39285E-02  1.00000E+00  1.00000E+00  6.00556E-05
 1.07044E-01  3.73711E-01  7.44040E-03  1.00000E+00  1.00000E+00  6.00556E-05
 1.07044E-01  4.07044E-01  4.33562E-03  1.00000E+00  1.00000E+00  6.00556E-05
 1.07044E-01  4.40377E-01  4.89573E-03  1.00000E+00  1.00000E+00  6.00556E-05
 1.07044E-01  4.73711E-01  8.96009E-03  1.00000E+00  1.00000E+00  6.00556E-05
 1.07044E-01  5.07044E-01  1.63449E-02  1.00000E+00  1.00000E+00  6.00556E-05
 1.07044E-01  5.40377E-01  2.78557E-02  1.00000E+00  1.00000E+00  6.00556E-05
 1.07044E-01  5.73711E-01  4.51992E-02  1.00000E+00  1.00000E+00  6.00556E-05
 1.07044E-01  6.07044E-01  7.01804E-02  1.00000E+00  1.00000E+00  6.00556E-05
 1.07044E-01  6.40377E-01  1.04198E-01  1.00000E+00  1.00000E+00  6.00556E-05
 1.07044E-01  6.73711E-01  1.47910E-01  1.00000E+00  1.00000E+00  6.00556E-05
 1.07044E-01  7.07044E-01  2.00767E-01  1.00000E+00  1.00000E+00  6.00556E-05
 1.07044E-01  7.40377E-01  2.60603E-01  1.00000E+00  1.00000E+00  6.00556E-05
 1.07044E-01  7.73711E-01  3.23509E-01  1.00000E+00  1.00000E+00  6.00556E-05
 1.07044E-01  8.07044E-01  3.84095E-01  1.00000E+00  1.00000E+00  6.00556E-05
 1.07044E-01  8.40377E-01  4.36169E-01  1.00000E+00  1.00000E+00  6.00556E-05
 1.07044E-01  8.73711E-01  4.73752E-01  1.00000E+00  1.00000E+00  6.00556E-05
 1.07044E-01  9.07044E-01  4.92196E-01  1.00000E+00  1.00000E+00  6.00556E-05
 1.07044E-01  9.40377E-01  4.89127E-01  1.00000E+00  1.00000E+00  6.00556E-05
 1.07044E-01  9.73711E-01  4.64946E-01  1.00000E+00  1.00000E+00  6.00556E-05
 1.40377E-01  7.04416E-03  3.21631E-01  1.00000E+00  1.00000E+00  6.00556E-05
 1.40377E-01  4.03775E-02  2.79713E-01  1.00000E+00  1.00000E+00  6.00556E-05
 1.40377E-01  7.37108E-02  2.32667E-01  1.00000E+00  1.00000E+00  6.00556E-05
 1.40377E-01  1.07044E-01  1.85097E-01  1.00000E+00  1.00000E+00  6.00556E-05
 1.40377E-01  1.40377E-01  1.40827E-01  1.00000E+00  1.00000E+00  6.00556E-05
 1.40377E-01  1.73711E-01  1.02463E-01  1.00000E+00  1.00000E+00  6.00556E-05
 1.40377E-01  2.07044E-01  7.12829E-02  1.00000E+00  1.00000E+00  6.00556E-05
 1.40377E-01  2.40377E-01  4.74067E-02  1.00000E+00  1.00000E+00  6.00556E-05
 1.40377E-01  2.73711E-01  3.01606E-02  1.00000E+00  1.00000E+00  6.00556E-05
 1.40377E-01  3.07044E-01  1.83762E-02  1.00000E+00  1.00000E+00  6.00556E-05
 1.40377E-01  3.40377E-01  1.05992E-02  1.00000E+00  1.00000E+00  6.00556E-05
 1.40377E-01  3.73711E-01  5.66058E-03  1.00000E+00  1.00000E+00  6.00556E-05
 1.40377E-01  4.07044E-01  3.29826E-03  1.00000E+00  1.00000E+00  6.00556E-05
 1.40377E-01  4.40377E-01  3.72680E-03  1.00000E+00  1.00000E+00  6.00556E-05
 1.40377E-01  4.73711E-01  6.81899E-03  1.00000E+00  1.00000E+00  6.00556E-05
 1.40377E-01  5.07044E-01  1.24364E-02  1.00000E+00  1.00000E+00  6.00556E-05
 1.40377E-01  5.40377E-01  2.11941E-02  1.00000E+00  1.00000E+00  6.00556E-05
 1.40377E-01  5.73711E-01  3.43897E-02  1.00000E+00  1.00000E+00  6.00556E-05
 1.40377E-01  6.07044E-01  5.33958E-02  1.00000E+00  1.00000E+00  6.00556E-05
 1.40377E-01  6.40377E-01  7.92769E-02  1.00000E+00  1.00000E+00  6.00556E-05
 1.40377E-01  6.73711E-01  1.12534E-01  1.00000E+00  1.00000E+00  6.00556E-05
 1.40377E-01  7.07044E-01  1.52748E-01  1.00000E+00  1.00000E+00  6.00556E-05
 1.40377E-01  7.40377E-01  1.98273E-01  1.00000E+00  1.00000E+00  6.00556E-05
 1.40377E-01  7.73711E-01  2.46133E-01  1.00000E+00  1.00000E+00  6.00556E-05
 1.40377E-01  8.07044E-01  2.92227E-01  1.00000E+00  1.00000E+00  6.00556E-05
 1.40377E-01  8.40377E-01  3.31846E-01  1.00000E+00  1.00000E+00  6.00556E-05
 1.40377E-01  8.73711E-01  3.60440E-01  1.00000E+00  1.00000E+00  6.00556E-05
 1.40377E-01  9.07044E-01  3.74473E-01  1.00000E+00  1.00000E+00  6.00556E-05
 1.40377E-01  9.40377E-01  3.72138E-01  1.00000E+00  1.00000E+00  6.00556E-05
 1.40377E-01  9.73711E-01  3.53741E-01  1.00000E+00  1.00000E+00  6.00556E-05
 1.73711E-01  7.04416E-03  2.34010E-01  1.00000E+00  1.00000E+00  6.00556E-05
 1.73711E-01  4.03775E-02  2.03512E-01  1.00000E+00  1.00000E+00  6.00556E-05
 1.73711E-01  7.37108E-02  1.69282E-01  1.00000E+00  1.00000E+00  6.00556E-05
 1.73711E-01  1.07044E-01  1.34673E-01  1.00000E+00  1.00000E+00  6.00556E-05
 1.73711E-01  1.40377E-01  1.02463E-01  1.00000E+00  1.00000E+00  6.00556E-05
 1.73711E-01  1.73711E-01  7.45504E-02  1.00000E+00  1.00000E+00  6.00556E-05
 1.73711E-01  2.07044E-01  5.18648E-02  1.00000E+00  1.00000E+00  6.00556E-05
 1.73711E-01  2.40377E-01  3.44928E-02  1.00000E+00  1.00000E+00  6.00556E-05
 1.73711E-01  2.73711E-01  2.19450E-02  1.00000E+00  1.00000E+00  6.00556E-05
 1.73711E-01  3.07044E-01  1.33723E-02  1.00000E+00  1.00000E+00  6.00556E-05
 1.73711E-01  3.40377E-01  7.71399E-03  1.00000E+00  1.00000E+00  6.00556E-05
 1.73711E-01  3.73711E-01  4.11841E-03  1.00000E+00  1.00000E+00  6.00556E-05
 1.73711E-01  4.07044E-01  2.39952E-03  1.00000E+00  1.00000E+00  6.00556E-05
 1.73711E-01  4.40377E-01  2.71360E-03  1.00000E+00  1.00000E+00  6.00556E-05
 1.73711E-01  4.73711E-01  4.96335E-03  1.00000E+00  1.00000E+00  6.00556E-05
 1.73711E-01  5.07044E-01  9.04940E-03  1.00000E+00  1.00000E+00  6.00556E-05
 1.73711E-01  5.40377E-01  1.54213E-02  1.00000E+00  1.00000E+00  6.00556E-05
 1.73711E-01  5.73711E-01  2.50223E-02  1.00000E+00  1.00000E+00  6.00556E-05
 1.73711E-01  6.07044E-01  3.88506E-02  1.00000E+00  1.00000E+00  6.00556E-05
 1.73711E-01  6.40377E-01  5.76809E-02  1.00000E+00  1.00000E+00  6.00556E-05
 1.73711E-01  6.73711E-01  8.18773E-02  1.00000E+00  1.00000E+00  6.00556E-05
 1.73711E-01  7.07044E-01  1.11136E-01  1.00000E+00  1.00000E+00  6.00556E-05
 1.73711E-01  7.40377E-01  1.44258E-01  1.00000E+00  1.00000E+00  6.00556E-05
 1.73711E-01  7.73711E-01  1.79080E-01  1.00000E+00  1.00000E+00  6.00556E-05
 1.73711E-01  8.07044E-01  2.12616E-01  1.00000E+00  1.00000E+00  6.00556E-05
 1.73711E-01  8.40377E-01  2.41441E-01  1.00000E+00  1.00000E+00  6.00556E-05
 1.73711E-01  8.73711E-01  2.62245E-01  1.00000E+00  1.00000E+00  6.00556E-05
 1.73711E-01  9.07044E-01  2.72455E-01  1.00000E+00  1.00000E+00  6.00556E-05
 1.73711E-01  9.40377E-01  2.70757E-01  1.00000E+00  1.00000E+00  6.00556E-05
 1.73711E-01  9.73711E-01  2.57371E-01  1.00000E+00  1.00000E+00  6.00556E-05
 2.07044E-01  7.04416E-03  1.62797E-01  1.00000E+00  1.00000E+00  6.00556E-05
 2.07044E-01  4.03775E-02  1.41580E-01  1.00000E+00  1.00000E+00  6.00556E-05
 2.07044E-01  7.37108E-02  1.17768E-01  1.00000E+00  1.00000E+00  6.00556E-05
 2.07044E-01  1.07044E-01  9.36905E-02  1.00000E+00  1.00000E+00  6.00556E-05
 2.07044E-01  1.40377E-01  7.12829E-02  1.00000E+00  1.00000E+00  6.00556E-05
 2.07044E-01  1.73711E-01  5.18648E-02  1.00000E+00  1.00000E+00  6.00556E-05
 2.07044E-01  2.07044E-01  3.60829E-02  1.00000E+00  1.00000E+00  6.00556E-05
 2.07044E-01  2.40377E-01  2.39971E-02  1.00000E+00  1.00000E+00  6.00556E-05
 2.07044E-01  2.73711E-01  1.52678E-02  1.00000E+00  1.00000E+00  6.00556E-05
 2.07044E-01  3.07044E-01  9.30502E-03  1.00000E+00  1.00000E+00  6.00556E-05
 2.07044E-01  3.40377E-01  5.36861E-03  1.00000E+00  1.00000E+00  6.00556E-05
 2.07044E-01  3.73711E-01  2.86507E-03  1.00000E+00  1.00000E+00  6.00556E-05
 2.07044E-01  4.07044E-01  1.66917E-03  1.00000E+00  1.00000E+00  6.00556E-05
 2.07044E-01  4.40377E-01  1.88973E-03  1.00000E+00  1.00000E+00  6.00556E-05
 2.07044E-01  4.73711E-01  3.45481E-03  1.00000E+00  1.00000E+00  6.00556E-05
 2.07044E-01  5.07044E-01  6.29650E-03  1.00000E+00  1.00000E+00  6.00556E-05
 2.07044E-01  5.40377E-01  1.07294E-02  1.00000E+00  1.00000E+00  6.00556E-05
 2.07044E-01  5.73711E-01  1.74090E-02  1.00000E+00  1.00000E+00  6.00556E-05
 2.07044E-01  6.07044E-01  2.70291E-02  1.00000E+00  1.00000E+00  6.00556E-05
 2.07044E-01  6.40377E-01  4.01289E-02  1.00000E+00  1.00000E+00  6.00556E-05
 2.07044E-01  6.73711E-01  5.69619E-02  1.00000E+00  1.00000E+00  6.00556E-05
 2.07044E-01  7.07044E-01  7.73166E-02  1.00000E+00  1.00000E+00  6.00556E-05
 2.07044E-01  7.40377E-01  1.00359E-01  1.00000E+00  1.00000E+00  6.00556E-05
 2.07044E-01  7.73711E-01  1.24583E-01  1.00000E+00  1.00000E+00  6.00556E-05
 2.07044E-01  8.07044E-01  1.47914E-01  1.00000E+00  1.00000E+00  6.00556E-05
 2.07044E-01  8.40377E-01  1.67967E-01  1.00000E+00  1.00000E+00  6.00556E-05
 2.07044E-01  8.73711E-01  1.82440E-01  1.00000E+00  1.00000E+00  6.00556E-05
 2.07044E-01  9.07044E-01  1.89542E-01  1.00000E+00  1.00000E+00  6.00556E-05
 2.07044E-01  9.40377E-01  1.88361E-01  1.00000E+00  1.00000E+00  6.00556E-05
 2.07044E-01  9.73711E-01  1.79049E-01  1.00000E+00  1.00000E+00  6.00556E-05
 2.40377E-01  7.04416E-03  1.08268E-01  1.00000E+00  1.00000E+00  6.00556E-05
 2.40377E-01  4.03775E-02  9.41578E-02  1.00000E+00  1.00000E+00  6.00556E-05
 2.40377E-01  7.37108E-02  7.83213E-02  1.00000E+00  1.00000E+00  6.00556E-05
 2.40377E-01  1.07044E-01  6.23088E-02  1.00000E+00  1.00000E+00  6.00556E-05
 2.40377E-01  1.40377E-01  4.74067E-02  1.00000E+00  1.00000E+00  6.00556E-05
 2.40377E-01  1.73711E-01  3.44928E-02  1.00000E+00  1.00000E+00  6.00556E-05
 2.40377E-01  2.07044E-01  2.39971E-02  1.00000E+00  1.00000E+00  6.00556E-05
 2.40377E-01  2.40377E-01  1.59591E-02  1.00000E+00  1.00000E+00  6.00556E-05
 2.40377E-01  2.73711E-01  1.01539E-02  1.00000E+00  1.00000E+00  6.00556E-05
 2.40377E-01  3.07044E-01  6.18939E-03  1.00000E+00  1.00000E+00  6.00556E-05
 2.40377E-01  3.40377E-01  3.57159E-03  1.00000E+00  1.00000E+00  6.00556E-05
 2.40377E-01  3.73711E-01  1.90488E-03  1.00000E+00  1.00000E+00  6.00556E-05
 2.40377E-01  4.07044E-01  1.10958E-03  1.00000E+00  1.00000E+00  6.00556E-05
 2.40377E-01  4.40377E-01  1.25801E-03  1.00000E+00  1.00000E+00  6.00556E-05
 2.40377E-01  4.73711E-01  2.29872E-03  1.00000E+00  1.00000E+00  6.00556E-05
 2.40377E-01  5.07044E-01  4.18767E-03  1.00000E+00  1.00000E+00  6.00556E-05
 2.40377E-01  5.40377E-01  7.13571E-03  1.00000E+00  1.00000E+00  6.00556E-05
 2.40377E-01  5.73711E-01  1.15781E-02  1.00000E+00  1.00000E+00  6.00556E-05
 2.40377E-01  6.07044E-01  1.79758E-02  1.00000E+00  1.00000E+00  6.00556E-05
 2.40377E-01  6.40377E-01  2.66877E-02  1.00000E+00  1.00000E+00  6.00556E-05
 2.40377E-01  6.73711E-01  3.78824E-02  1.00000E+00  1.00000E+00  6.00556E-05
 2.40377E-01  7.07044E-01  5.14192E-02  1.00000E+00  1.00000E+00  6.00556E-05
 2.40377E-01  7.40377E-01  6.67434E-02  1.00000E+00  1.00000E+00  6.00556E-05
 2.40377E-01  7.73711E-01  8.28538E-02  1.00000E+00  1.00000E+00  6.00556E-05
 2.40377E-01  8.07044E-01  9.83698E-02  1.00000E+00  1.00000E+00  6.00556E-05
 2.40377E-01  8.40377E-01  1.11706E-01  1.00000E+00  1.00000E+00  6.00556E-05
 2.40377E-01  8.73711E-01  1.21331E-01  1.00000E+00  1.00000E+00  6.00556E-05
 2.40377E-01  9.07044E-01  1.26055E-01  1.00000E+00  1.00000E+00  6.00556E-05
 2.40377E-01  9.40377E-01  1.25269E-01  1.00000E+00  1.00000E+00  6.00556E-05
 2.40377E-01  9.73711E-01  1.19076E-01  1.00000E+00  1.00000E+00  6.00556E-05
 2.73711E-01  7.04416E-03  6.88790E-02  1.00000E+00  1.00000E+00  6.00556E-05
 2.73711E-01  4.03775E-02  5.99025E-02  1.00000E+00  1.00000E+00  6.00556E-05
 2.73711E-01  7.37108E-02  4.98278E-02  1.00000E+00  1.00000E+00  6.00556E-05
 2.73711E-01  1.07044E-01  3.96410E-02  1.00000E+00  1.00000E+00  6.00556E-05
 2.73711E-01  1.40377E-01  3.01606E-02  1.00000E+00  1.00000E+00  6.00556E-05
 2.73711E-01  1.73711E-01  2.19450E-02  1.00000E+00  1.00000E+00  6.00556E-05
 2.73711E-01  2.07044E-01  1.52678E-02  1.00000E+00  1.00000E+00  6.00556E-05
 2.73711E-01  2.40377E-01  1.01539E-02  1.00000E+00  1.00000E+00  6.00556E-05
 2.73711E-01  2.73711E-01  6.46054E-03  1.00000E+00  1.00000E+00  6.00556E-05
 2.73711E-01  3.07044E-01  3.93920E-03  1.00000E+00  1.00000E+00  6.00556E-05
 2.73711E-01  3.40377E-01  2.27372E-03  1.00000E+00  1.00000E+00  6.00556E-05
 2.73711E-01  3.73711E-01  1.21178E-03  1.00000E+00  1.00000E+00  6.00556E-05
 2.73711E-01  4.07044E-01  7.05811E-04  1.00000E+00  1.00000E+00  6.00556E-05
 2.73711E-01  4.40377E-01  8.01675E-04  1.00000E+00  1.00000E+00  6.00556E-05
 2.73711E-01  4.73711E-01  1.46374E-03  1.00000E+00  1.00000E+00  6.00556E-05
 2.73711E-01  5.07044E-01  2.66486E-03  1.00000E+00  1.00000E+00  6.00556E-05
 2.73711E-01  5.40377E-01  4.54045E-03  1.00000E+00  1.00000E+00  6.00556E-05
 2.73711E-01  5.73711E-01  7.36687E-03  1.00000E+00  1.00000E+00  6.00556E-05
 2.73711E-01  6.07044E-01  1.14371E-02  1.00000E+00  1.00000E+00  6.00556E-05
 2.73711E-01  6.40377E-01  1.69794E-02  1.00000E+00  1.00000E+00  6.00556E-05
 2.73711E-01  6.73711E-01  2.41013E-02  1.00000E+00  1.00000E+00  6.00556E-05
 2.73711E-01  7.07044E-01  3.27132E-02  1.00000E+00  1.00000E+00  6.00556E-05
 2.73711E-01  7.40377E-01  4.24620E-02  1.00000E+00  1.00000E+00  6.00556E-05
 2.73711E-01  7.73711E-01  5.27111E-02  1.00000E+00  1.00000E+00  6.00556E-05
 2.73711E-01  8.07044E-01  6.25820E-02  1.00000E+00  1.00000E+00  6.00556E-05
 2.73711E-01  8.40377E-01  7.10661E-02  1.00000E+00  1.00000E+00  6.00556E-05
 2.73711E-01  8.73711E-01  7.71894E-02  1.00000E+00  1.00000E+00  6.00556E-05
 2.73711E-01  9.07044E-01  8.01946E-02  1.00000E+00  1.00000E+00  6.00556E-05
 2.73711E-01  9.40377E-01  7.96947E-02  1.00000E+00  1.00000E+00  6.00556E-05
 2.73711E-01  9.73711E-01  7.57550E-02  1.00000E+00  1.00000E+00  6.00556E-05
 3.07044E-01  7.04416E-03  4.19567E-02  1.00000E+00  1.00000E+00  6.00556E-05
 3.07044E-01  4.03775E-02  3.64901E-02  1.00000E+00  1.00000E+00  6.00556E-05
 3.07044E-01  7.37108E-02  3.03544E-02  1.00000E+00  1.00000E+00  6.00556E-05
 3.07044E-01  1.07044E-01  2.41504E-02  1.00000E+00  1.00000E+00  6.00556E-05
 3.07044E-01  1.40377E-01  1.83762E-02  1.00000E+00  1.00000E+00  6.00556E-05
 3.07044E-01  1.73711E-01  1.33723E-02  1.00000E+00  1.00000E+00  6.00556E-05
 3.07044E-01  2.07044E-01  9.30502E-03  1.00000E+00  1.00000E+00  6.00556E-05
 3.07044E-01  2.40377E-01  6.18939E-03  1.00000E+00  1.00000E+00  6.00556E-05
 3.07044E-01  2.73711E-01  3.93920E-03  1.00000E+00  1.00000E+00  6.00556E-05
 3.07044E-01  3.07044E-01  2.40351E-03  1.00000E+00  1.00000E+00  6.00556E-05
 3.07044E-01  3.40377E-01  1.38835E-03  1.00000E+00  1.00000E+00  6.00556E-05
 3.07044E-01  3.73711E-01  7.39656E-04  1.00000E+00  1.00000E+00  6.00556E-05
 3.07044E-01  4.07044E-01  4.31115E-04  1.00000E+00  1.00000E+00  6.00556E-05
 3.07044E-01  4.40377E-01  4.90695E-04  1.00000E+00  1.00000E+00  6.00556E-05
 3.07044E-01  4.73711E-01  8.94398E-04  1.00000E+00  1.00000E+00  6.00556E-05
 3.07044E-01  5.07044E-01  1.62614E-03  1.00000E+00  1.00000E+00  6.00556E-05
 3.07044E-01  5.40377E-01  2.76926E-03  1.00000E+00  1.00000E+00  6.00556E-05
 3.07044E-01  5.73711E-01  4.49163E-03  1.00000E+00  1.00000E+00  6.00556E-05
 3.07044E-01  6.07044E-01  6.97134E-03  1.00000E+00  1.00000E+00  6.00556E-05
 3.07044E-01  6.40377E-01  1.03475E-02  1.00000E+00  1.00000E+00  6.00556E-05
 3.07044E-01  6.73711E-01  1.46856E-02  1.00000E+00  1.00000E+00  6.00556E-05
 3.07044E-01  7.07044E-01  1.99308E-02  1.00000E+00  1.00000E+00  6.00556E-05
 3.07044E-01  7.40377E-01  2.58683E-02  1.00000E+00  1.00000E+00  6.00556E-05
 3.07044E-01  7.73711E-01  3.21102E-02  1.00000E+00  1.00000E+00  6.00556E-05
 3.07044E-01  8.07044E-01  3.81217E-02  1.00000E+00  1.00000E+00  6.00556E-05
 3.07044E-01  8.40377E-01  4.32886E-02  1.00000E+00  1.00000E+00  6.00556E-05
 3.07044E-01  8.73711E-01  4.70176E-02  1.00000E+00  1.00000E+00  6.00556E-05
 3.07044E-01  9.07044E-01  4.88477E-02  1.00000E+00  1.00000E+00  6.00556E-05
 3.07044E-01  9.40377E-01  4.85433E-02  1.00000E+00  1.00000E+00  6.00556E-05
 3.07044E-01  9.73711E-01  4.61442E-02  1.00000E+00  1.00000E+00  6.00556E-05
 3.40377E-01  7.04416E-03  2.41944E-02  1.00000E+00  1.00000E+00  6.00556E-05
 3.40377E-01  4.03775E-02  2.10428E-02  1.00000E+00  1.00000E+00  6.00556E-05
 3.40377E-01  7.37108E-02  1.75054E-02  1.00000E+00  1.00000E+00  6.00556E-05
 3.40377E-01  1.07044E-01  1.39285E-02  1.00000E+00  1.00000E+00  6.00556E-05
 3.40377E-01  1.40377E-01  1.05992E-02  1.00000E+00  1.00000E+00  6.00556E-05
 3.40377E-01  1.73711E-01  7.71399E-03  1.00000E+00  1.00000E+00  6.00556E-05
 3.40377E-01  2.07044E-01  5.36861E-03  1.00000E+00  1.00000E+00  6.00556E-05
 3.40377E-01  2.40377E-01  3.57159E-03  1.00000E+00  1.00000E+00  6.00556E-05
 3.40377E-01  2.73711E-01  2.27372E-03  1.00000E+00  1.00000E+00  6.00556E-05
 3.40377E-01  3.07044E-01  1.38835E-03  1.00000E+00  1.00000E+00  6.00556E-05
 3.40377E-01  3.40377E-01  8.02548E-04  1.00000E+00  1.00000E+00  6.00556E-05
 3.40377E-01  3.73711E-01  4.27217E-04  1.00000E+00  1.00000E+00  6.00556E-05
 3.40377E-01  4.07044E-01  2.49134E-04  1.00000E+00  1.00000E+00  6.00556E-05
 3.40377E-01  4.40377E-01  2.84329E-04  1.00000E+00  1.00000E+00  6.00556E-05
 3.40377E-01  4.73711E-01  5.17355E-04  1.00000E+00  1.00000E+00  6.00556E-05
 3.40377E-01  5.07044E-01  9.39312E-04  1.00000E+00  1.00000E+00  6.00556E-05
 3.40377E-01  5.40377E-01  1.59888E-03  1.00000E+00  1.00000E+00  6.00556E-05
 3.40377E-01  5.73711E-01  2.59253E-03  1.00000E+00  1.00000E+00  6.00556E-05
 3.40377E-01  6.07044E-01  4.02272E-03  1.00000E+00  1.00000E+00  6.00556E-05
 3.40377E-01  6.40377E-01  5.96971E-03  1.00000E+00  1.00000E+00  6.00556E-05
 3.40377E-01  6.73711E-01  8.47115E-03  1.00000E+00  1.00000E+00  6.00556E-05
 3.40377E-01  7.07044E-01  1.14955E-02  1.00000E+00  1.00000E+00  6.00556E-05
 3.40377E-01  7.40377E-01  1.49188E-02  1.00000E+00  1.00000E+00  6.00556E-05
 3.40377E-01  7.73711E-01  1.85176E-02  1.00000E+00  1.00000E+00  6.00556E-05
 3.40377E-01  8.07044E-01  2.19833E-02  1.00000E+00  1.00000E+00  6.00556E-05
 3.40377E-01  8.40377E-01  2.49621E-02  1.00000E+00  1.00000E+00  6.00556E-05
 3.40377E-01  8.73711E-01  2.71119E-02  1.00000E+00  1.00000E+00  6.00556E-05
 3.40377E-01  9.07044E-01  2.81670E-02  1.00000E+00  1.00000E+00  6.00556E-05
 3.40377E-01  9.40377E-01  2.79916E-02  1.00000E+00  1.00000E+00  6.00556E-05
 3.40377E-01  9.73711E-01  2.66084E-02  1.00000E+00  1.00000E+00  6.00556E-05
 3.73711E-01  7.04416E-03  1.29297E-02  1.00000E+00  1.00000E+00  6.00556E-05
 3.73711E-01  4.03775E-02  1.12443E-02  1.00000E+00  1.00000E+00  6.00556E-05
 3.73711E-01  7.37108E-02  9.35286E-03  1.00000E+00  1.00000E+00  6.00556E-05
 3.73711E-01  1.07044E-01  7.44040E-03  1.00000E+00  1.00000E+00  6.00556E-05
 3.73711E-01  1.40377E-01  5.66058E-03  1.00000E+00  1.00000E+00  6.00556E-05
 3.73711E-01  1.73711E-01  4.11841E-03  1.00000E+00  1.00000E+00  6.00556E-05
 3.73711E-01  2.07044E-01  2.86507E-03  1.00000E+00  1.00000E+00  6.00556E-05
 3.73711E-01  2.40377E-01  1.90488E-03  1.00000E+00  1.00000E+00  6.00556E-05
 3.73711E-01  2.73711E-01  1.21178E-03  1.00000E+00  1.00000E+00  6.00556E-05
 3.73711E-01  3.07044E-01  7.39656E-04  1.00000E+00  1.00000E+00  6.00556E-05
 3.73711E-01  3.40377E-01  4.27217E-04  1.00000E+00  1.00000E+00  6.00556E-05
 3.73711E-01  3.73711E-01  2.26659E-04  1.00000E+00  1.00000E+00  6.00556E-05
 3.73711E-01  4.07044E-01  1.31957E-04  1.00000E+00  1.00000E+00  6.00556E-05
 3.73711E-01  4.40377E-01  1.51205E-04  1.00000E+00  1.00000E+00  6.00556E-05
 3.73711E-01  4.73711E-01  2.75210E-04  1.00000E+00  1.00000E+00  6.00556E-05
 3.73711E-01  5.07044E-01  4.99811E-04  1.00000E+00  1.00000E+00  6.00556E-05
 3.73711E-01  5.40377E-01  8.51641E-04  1.00000E+00  1.00000E+00  6.00556E-05
 3.73711E-01  5.73711E-01  1.38214E-03  1.00000E+00  1.00000E+00  6.00556E-05
 3.73711E-01  6.07044E-01  2.14596E-03  1.00000E+00  1.00000E+00  6.00556E-05
 3.73711E-01  6.40377E-01  3.18618E-03  1.00000E+00  1.00000E+00  6.00556E-05
 3.73711E-01  6.73711E-01  4.52301E-03  1.00000E+00  1.00000E+00  6.00556E-05
 3.73711E-01  7.07044E-01  6.13963E-03  1.00000E+00  1.00000E+00  6.00556E-05
 3.73711E-01  7.40377E-01  7.96981E-03  1.00000E+00  1.00000E+00  6.00556E-05
 3.73711E-01  7.73711E-01  9.89398E-03  1.00000E+00  1.00000E+00  6.00556E-05
 3.73711E-01  8.07044E-01  1.17472E-02  1.00000E+00  1.00000E+00  6.00556E-05
 3.73711E-01  8.40377E-01  1.33402E-02  1.00000E+00  1.00000E+00  6.00556E-05
 3.73711E-01  8.73711E-01  1.44899E-02  1.00000E+00  1.00000E+00  6.00556E-05
 3.73711E-01  9.07044E-01  1.50541E-02  1.00000E+00  1.00000E+00  6.00556E-05
 3.73711E-01  9.40377E-01  1.49603E-02  1.00000E+00  1.00000E+00  6.00556E-05
 3.73711E-01  9.73711E-01  1.42206E-02  1.00000E+00  1.00000E+00  6.00556E-05
 4.07044E-01  7.04416E-03  7.53529E-03  1.00000E+00  1.00000E+00  6.00556E-05
 4.07044E-01  4.03775E-02  6.55289E-03  1.00000E+00  1.00000E+00  6.00556E-05
 4.07044E-01  7.37108E-02  5.45035E-03  1.00000E+00  1.00000E+00  6.00556E-05
 4.07044E-01  1.07044E-01  4.33562E-03  1.00000E+00  1.00000E+00  6.00556E-05
 4.07044E-01  1.40377E-01  3.29826E-03  1.00000E+00  1.00000E+00  6.00556E-05
 4.07044E-01  1.73711E-01  2.39952E-03  1.00000E+00  1.00000E+00  6.00556E-05
 4.07044E-01  2.07044E-01  1.66917E-03  1.00000E+00  1.00000E+00  6.00556E-05
 4.07044E-01  2.40377E-01  1.10958E-03  1.00000E+00  1.00000E+00  6.00556E-05
 4.07044E-01  2.73711E-01  7.05811E-04  1.00000E+00  1.00000E+00  6.00556E-05
 4.07044E-01  3.07044E-01  4.31115E-04  1.00000E+00  1.00000E+00  6.00556E-05
 4.07044E-01  3.40377E-01  2.49134E-04  1.00000E+00  1.00000E+00  6.00556E-05
 4.07044E-01  3.73711E-01  1.31957E-04  1.00000E+00  1.00000E+00  6.00556E-05
 4.07044E-01  4.07044E-01  7.68945E-05  1.00000E+00  1.00000E+00  6.00556E-05
 4.07044E-01  4.40377E-01  8.84345E-05  1.00000E+00  1.00000E+00  6.00556E-05
 4.07044E-01  4.73711E-01  1.60598E-04  1.00000E+00  1.00000E+00  6.00556E-05
 4.07044E-01  5.07044E-01  2.91199E-04  1.00000E+00  1.00000E+00  6.00556E-05
 4.07044E-01  5.40377E-01  4.96082E-04  1.00000E+00  1.00000E+00  6.00556E-05
 4.07044E-01  5.73711E-01  8.05129E-04  1.00000E+00  1.00000E+00  6.00556E-05
 4.07044E-01  6.07044E-01  1.25013E-03  1.00000E+00  1.00000E+00  6.00556E-05
 4.07044E-01  6.40377E-01  1.85623E-03  1.00000E+00  1.00000E+00  6.00556E-05
 4.07044E-01  6.73711E-01  2.63526E-03  1.00000E+00  1.00000E+00  6.00556E-05
 4.07044E-01  7.07044E-01  3.57743E-03  1.00000E+00  1.00000E+00  6.00556E-05
 4.07044E-01  7.40377E-01  4.64415E-03  1.00000E+00  1.00000E+00  6.00556E-05
 4.07044E-01  7.73711E-01  5.76571E-03  1.00000E+00  1.00000E+00  6.00556E-05
 4.07044E-01  8.07044E-01  6.84598E-03  1.00000E+00  1.00000E+00  6.00556E-05
 4.07044E-01  8.40377E-01  7.77455E-03  1.00000E+00  1.00000E+00  6.00556E-05
 4.07044E-01  8.73711E-01  8.44475E-03  1.00000E+00  1.00000E+00  6.00556E-05
 4.07044E-01  9.07044E-01  8.77369E-03  1.00000E+00  1.00000E+00  6.00556E-05
 4.07044E-01  9.40377E-01  8.71901E-03  1.00000E+00  1.00000E+00  6.00556E-05
 4.07044E-01  9.73711E-01  8.28784E-03  1.00000E+00  1.00000E+00  6.00556E-05
 4.40377E-01  7.04416E-03  8.49918E-03  1.00000E+00  1.00000E+00  6.00556E-05
 4.40377E-01  4.03775E-02  7.39304E-03  1.00000E+00  1.00000E+00  6.00556E-05
 4.40377E-01  7.37108E-02  6.15141E-03  1.00000E+00  1.00000E+00  6.00556E-05
 4.40377E-01  1.07044E-01  4.89573E-03  1.00000E+00  1.00000E+00  6.00556E-05
 4.40377E-01  1.40377E-01  3.72680E-03  1.00000E+00  1.00000E+00  6.00556E-05
 4.40377E-01  1.73711E-01  2.71360E-03  1.00000E+00  1.00000E+00  6.00556E-05
 4.40377E-01  2.07044E-01  1.88973E-03  1.00000E+00  1.00000E+00  6.00556E-05
 4.40377E-01  2.40377E-01  1.25801E-03  1.00000E+00  1.00000E+00  6.00556E-05
 4.40377E-01  2.73711E-01  8.01675E-04  1.00000E+00  1.00000E+00  6.00556E-05
 4.40377E-01  3.07044E-01  4.90695E-04  1.00000E+00  1.00000E+00  6.00556E-05
 4.40377E-01  3.40377E-01  2.84329E-04  1.00000E+00  1.00000E+00  6.00556E-05
 4.40377E-01  3.73711E-01  1.51205E-04  1.00000E+00  1.00000E+00  6.00556E-05
 4.40377E-01  4.07044E-01  8.84345E-05  1.00000E+00  1.00000E+00  6.00556E-05
 4.40377E-01  4.40377E-01  1.01503E-04  1.00000E+00  1.00000E+00  6.00556E-05
 4.40377E-01  4.73711E-01  1.83705E-04  1.00000E+00  1.00000E+00  6.00556E-05
 4.40377E-01  5.07044E-01  3.32131E-04  1.00000E+00  1.00000E+00  6.00556E-05
 4.40377E-01  5.40377E-01  5.64339E-04  1.00000E+00  1.00000E+00  6.00556E-05
 4.40377E-01  5.73711E-01  9.13954E-04  1.00000E+00  1.00000E+00  6.00556E-05
 4.40377E-01  6.07044E-01  1.41672E-03  1.00000E+00  1.00000E+00  6.00556E-05
 4.40377E-01  6.40377E-01  2.10082E-03  1.00000E+00  1.00000E+00  6.00556E-05
 4.40377E-01  6.73711E-01  2.97943E-03  1.00000E+00  1.00000E+00  6.00556E-05
 4.40377E-01  7.07044E-01  4.04144E-03  1.00000E+00  1.00000E+00  6.00556E-05
 4.40377E-01  7.40377E-01  5.24332E-03  1.00000E+00  1.00000E+00  6.00556E-05
 4.40377E-01  7.73711E-01  6.50659E-03  1.00000E+00  1.00000E+00  6.00556E-05
 4.40377E-01  8.07044E-01  7.72308E-03  1.00000E+00  1.00000E+00  6.00556E-05
 4.40377E-01  8.40377E-01  8.76856E-03  1.00000E+00  1.00000E+00  6.00556E-05
 4.40377E-01  8.73711E-01  9.52307E-03  1.00000E+00  1.00000E+00  6.00556E-05
 4.40377E-01  9.07044E-01  9.89336E-03  1.00000E+00  1.00000E+00  6.00556E-05
 4.40377E-01  9.40377E-01  9.83180E-03  1.00000E+00  1.00000E+00  6.00556E-05
 4.40377E-01  9.73711E-01  9.34641E-03  1.00000E+00  1.00000E+00  6.00556E-05
 4.73711E-01  7.04416E-03  1.55618E-02  1.00000E+00  1.00000E+00  6.00556E-05
 4.73711E-01  4.03775E-02  1.35352E-02  1.00000E+00  1.00000E+00  6.00556E-05
 4.73711E-01  7.37108E-02  1.12604E-02  1.00000E+00  1.00000E+00  6.00556E-05
 4.73711E-01  1.07044E-01  8.96009E-03  1.00000E+00  1.00000E+00  6.00556E-05
 4.73711E-01  1.40377E-01  6.81899E-03  1.00000E+00  1.00000E+00  6.00556E-05
 4.73711E-01  1.73711E-01  4.96335E-03  1.00000E+00  1.00000E+00  6.00556E-05
 4.73711E-01  2.07044E-01  3.45481E-03  1.00000E+00  1.00000E+00  6.00556E-05
 4.73711E-01  2.40377E-01  2.29872E-03  1.00000E+00  1.00000E+00  6.00556E-05
 4.73711E-01  2.73711E-01  1.46374E-03  1.00000E+00  1.00000E+00  6.00556E-05
 4.73711E-01  3.07044E-01  8.94398E-04  1.00000E+00  1.00000E+00  6.00556E-05
 4.73711E-01  3.40377E-01  5.17355E-04  1.00000E+00  1.00000E+00  6.00556E-05
 4.73711E-01  3.73711E-01  2.75210E-04  1.00000E+00  1.00000E+00  6.00556E-05
 4.73711E-01  4.07044E-01  1.60598E-04  1.00000E+00  1.00000E+00  6.00556E-05
 4.73711E-01  4.40377E-01  1.83705E-04  1.00000E+00  1.00000E+00  6.00556E-05
 4.73711E-01  4.73711E-01  3.33715E-04  1.00000E+00  1.00000E+00  6.00556E-05
 4.73711E-01  5.07044E-01  6.05120E-04  1.00000E+00  1.00000E+00  6.00556E-05
 4.73711E-01  5.40377E-01  1.02958E-03  1.00000E+00  1.00000E+00  6.00556E-05
 4.73711E-01  5.73711E-01  1.66897E-03  1.00000E+00  1.00000E+00  6.00556E-05
 4.73711E-01  6.07044E-01  2.58902E-03  1.00000E+00  1.00000E+00  6.00556E-05
 4.73711E-01  6.40377E-01  3.84139E-03  1.00000E+00  1.00000E+00  6.00556E-05
 4.73711E-01  6.73711E-01  5.45027E-03  1.00000E+00  1.00000E+00  6.00556E-05
 4.73711E-01  7.07044E-01  7.39535E-03  1.00000E+00  1.00000E+00  6.00556E-05
 4.73711E-01  7.40377E-01  9.59693E-03  1.00000E+00  1.00000E+00  6.00556E-05
 4.73711E-01  7.73711E-01  1.19112E-02  1.00000E+00  1.00000E+00  6.00556E-05
 4.73711E-01  8.07044E-01  1.41400E-02  1.00000E+00  1.00000E+00  6.00556E-05
 4.73711E-01  8.40377E-01  1.60555E-02  1.00000E+00  1.00000E+00  6.00556E-05
 4.73711E-01  8.73711E-01  1.74380E-02  1.00000E+00  1.00000E+00  6.00556E-05
 4.73711E-01  9.07044E-01  1.81164E-02  1.00000E+00  1.00000E+00  6.00556E-05
 4.73711E-01  9.40377E-01  1.80036E-02  1.00000E+00  1.00000E+00  6.00556E-05
 4.73711E-01  9.73711E-01  1.71142E-02  1.00000E+00  1.00000E+00  6.00556E-05
 5.07044E-01  7.04416E-03  2.83984E-02  1.00000E+00  1.00000E+00  6.00556E-05
 5.07044E-01  4.03775E-02  2.46978E-02  1.00000E+00  1.00000E+00  6.00556E-05
 5.07044E-01  7.37108E-02  2.05445E-02  1.00000E+00  1.00000E+00  6.00556E-05
 5.07044E-01  1.07044E-01  1.63449E-02  1.00000E+00  1.00000E+00  6.00556E-05
 5.07044E-01  1.40377E-01  1.24364E-02  1.00000E+00  1.00000E+00  6.00556E-05
 5.07044E-01  1.73711E-01  9.04940E-03  1.00000E+00  1.00000E+00  6.00556E-05
 5.07044E-01  2.07044E-01  6.29650E-03  1.00000E+00  1.00000E+00  6.00556E-05
 5.07044E-01  2.40377E-01  4.18767E-03  1.00000E+00  1.00000E+00  6.00556E-05
 5.07044E-01  2.73711E-01  2.66486E-03  1.00000E+00  1.00000E+00  6.00556E-05
 5.07044E-01  3.07044E-01  1.62614E-03  1.00000E+00  1.00000E+00  6.00556E-05
 5.07044E-01  3.40377E-01  9.39312E-04  1.00000E+00  1.00000E+00  6.00556E-05
 5.07044E-01  3.73711E-01  4.99811E-04  1.00000E+00  1.00000E+00  6.00556E-05
 5.07044E-01  4.07044E-01  2.91199E-04  1.00000E+00  1.00000E+00  6.00556E-05
 5.07044E-01  4.40377E-01  3.32131E-04  1.00000E+00  1.00000E+00  6.00556E-05
 5.07044E-01  4.73711E-01  6.05120E-04  1.00000E+00  1.00000E+00  6.00556E-05
 5.07044E-01  5.07044E-01  1.09980E-03  1.00000E+00  1.00000E+00  6.00556E-05
 5.07044E-01  5.40377E-01  1.87323E-03  1.00000E+00  1.00000E+00  6.00556E-05
 5.07044E-01  5.73711E-01  3.03883E-03  1.00000E+00  1.00000E+00  6.00556E-05
 5.07044E-01  6.07044E-01  4.71700E-03  1.00000E+00  1.00000E+00  6.00556E-05
 5.07044E-01  6.40377E-01  7.00204E-03  1.00000E+00  1.00000E+00  6.00556E-05
 5.07044E-01  6.73711E-01  9.93822E-03  1.00000E+00  1.00000E+00  6.00556E-05
 5.07044E-01  7.07044E-01  1.34886E-02  1.00000E+00  1.00000E+00  6.00556E-05
 5.07044E-01  7.40377E-01  1.75077E-02  1.00000E+00  1.00000E+00  6.00556E-05
 5.07044E-01  7.73711E-01  2.17329E-02  1.00000E+00  1.00000E+00  6.00556E-05
 5.07044E-01  8.07044E-01  2.58023E-02  1.00000E+00  1.00000E+00  6.00556E-05
 5.07044E-01  8.40377E-01  2.92999E-02  1.00000E+00  1.00000E+00  6.00556E-05
 5.07044E-01  8.73711E-01  3.18242E-02  1.00000E+00  1.00000E+00  6.00556E-05
 5.07044E-01  9.07044E-01  3.30631E-02  1.00000E+00  1.00000E+00  6.00556E-05
 5.07044E-01  9.40377E-01  3.28571E-02  1.00000E+00  1.00000E+00  6.00556E-05
 5.07044E-01  9.73711E-01  3.12330E-02  1.00000E+00  1.00000E+00  6.00556E-05
 5.40377E-01  7.04416E-03  4.84001E-02  1.00000E+00  1.00000E+00  6.00556E-05
 5.40377E-01  4.03775E-02  4.20927E-02  1.00000E+00  1.00000E+00  6.00556E-05
 5.40377E-01  7.37108E-02  3.50136E-02  1.00000E+00  1.00000E+00  6.00556E-05
 5.40377E-01  1.07044E-01  2.78557E-02  1.00000E+00  1.00000E+00  6.00556E-05
 5.40377E-01  1.40377E-01  2.11941E-02  1.00000E+00  1.00000E+00  6.00556E-05
 5.40377E-01  1.73711E-01  1.54213E-02  1.00000E+00  1.00000E+00  6.00556E-05
 5.40377E-01  2.07044E-01  1.07294E-02  1.00000E+00  1.00000E+00  6.00556E-05
 5.40377E-01  2.40377E-01  7.13571E-03  1.00000E+00  1.00000E+00  6.00556E-05
 5.40377E-01  2.73711E-01  4.54045E-03  1.00000E+00  1.00000E+00  6.00556E-05
 5.40377E-01  3.07044E-01  2.76926E-03  1.00000E+00  1.00000E+00  6.00556E-05
 5.40377E-01  3.40377E-01  1.59888E-03  1.00000E+00  1.00000E+00  6.00556E-05
 5.40377E-01  3.73711E-01  8.51641E-04  1.00000E+00  1.00000E+00  6.00556E-05
 5.40377E-01  4.07044E-01  4.96082E-04  1.00000E+00  1.00000E+00  6.00556E-05
 5.40377E-01  4.40377E-01  5.64339E-04  1.00000E+00  1.00000E+00  6.00556E-05
 5.40377E-01  4.73711E-01  1.02958E-03  1.00000E+00  1.00000E+00  6.00556E-05
 5.40377E-01  5.07044E-01  1.87323E-03  1.00000E+00  1.00000E+00  6.00556E-05
 5.40377E-01  5.40377E-01  3.19125E-03  1.00000E+00  1.00000E+00  6.00556E-05
 5.40377E-01  5.73711E-01  5.17749E-03  1.00000E+00  1.00000E+00  6.00556E-05
 5.40377E-01  6.07044E-01  8.03756E-03  1.00000E+00  1.00000E+00  6.00556E-05
 5.40377E-01  6.40377E-01  1.19321E-02  1.00000E+00  1.00000E+00  6.00556E-05
 5.40377E-01  6.73711E-01  1.69364E-02  1.00000E+00  1.00000E+00  6.00556E-05
 5.40377E-01  7.07044E-01  2.29876E-02  1.00000E+00  1.00000E+00  6.00556E-05
 5.40377E-01  7.40377E-01  2.98378E-02  1.00000E+00  1.00000E+00  6.00556E-05
 5.40377E-01  7.73711E-01  3.70394E-02  1.00000E+00  1.00000E+00  6.00556E-05
 5.40377E-01  8.07044E-01  4.39753E-02  1.00000E+00  1.00000E+00  6.00556E-05
 5.40377E-01  8.40377E-01  4.99368E-02  1.00000E+00  1.00000E+00  6.00556E-05
 5.40377E-01  8.73711E-01  5.42394E-02  1.00000E+00  1.00000E+00  6.00556E-05
 5.40377E-01  9.07044E-01  5.63510E-02  1.00000E+00  1.00000E+00  6.00556E-05
 5.40377E-01  9.40377E-01  5.59998E-02  1.00000E+00  1.00000E+00  6.00556E-05
 5.40377E-01  9.73711E-01  5.32316E-02  1.00000E+00  1.00000E+00  6.00556E-05
 5.73711E-01  7.04416E-03  7.85359E-02  1.00000E+00  1.00000E+00  6.00556E-05
 5.73711E-01  4.03775E-02  6.83011E-02  1.00000E+00  1.00000E+00  6.00556E-05
 5.73711E-01  7.37108E-02  5.68140E-02  1.00000E+00  1.00000E+00  6.00556E-05
 5.73711E-01  1.07044E-01  4.51992E-02  1.00000E+00  1.00000E+00  6.00556E-05
 5.73711E-01  1.40377E-01  3.43897E-02  1.00000E+00  1.00000E+00  6.00556E-05
 5.73711E-01  1.73711E-01  2.50223E-02  1.00000E+00  1.00000E+00  6.00556E-05
 5.73711E-01  2.07044E-01  1.74090E-02  1.00000E+00  1.00000E+00  6.00556E-05
 5.73711E-01  2.40377E-01  1.15781E-02  1.00000E+00  1.00000E+00  6.00556E-05
 5.73711E-01  2.73711E-01  7.36687E-03  1.00000E+00  1.00000E+00  6.00556E-05
 5.73711E-01  3.07044E-01  4.49163E-03  1.00000E+00  1.00000E+00  6.00556E-05
 5.73711E-01  3.40377E-01  2.59253E-03  1.00000E+00  1.00000E+00  6.00556E-05
 5.73711E-01  3.73711E-01  1.38214E-03  1.00000E+00  1.00000E+00  6.00556E-05
 5.73711E-01  4.07044E-01  8.05129E-04  1.00000E+00  1.00000E+00  6.00556E-05
 5.73711E-01  4.40377E-01  9.13954E-04  1.00000E+00  1.00000E+00  6.00556E-05
 5.73711E-01  4.73711E-01  1.66897E-03  1.00000E+00  1.00000E+00  6.00556E-05
 5.73711E-01  5.07044E-01  3.03883E-03  1.00000E+00  1.00000E+00  6.00556E-05
 5.73711E-01  5.40377E-01  5.17749E-03  1.00000E+00  1.00000E+00  6.00556E-05
 5.73711E-01  5.73711E-01  8.40021E-03  1.00000E+00  1.00000E+00  6.00556E-05
 5.73711E-01  6.07044E-01  1.30411E-02  1.00000E+00  1.00000E+00  6.00556E-05
 5.73711E-01  6.40377E-01  1.93606E-02  1.00000E+00  1.00000E+00  6.00556E-05
 5.73711E-01  6.73711E-01  2.74810E-02  1.00000E+00  1.00000E+00  6.00556E-05
 5.73711E-01  7.07044E-01  3.73001E-02  1.00000E+00  1.00000E+00  6.00556E-05
 5.73711E-01  7.40377E-01  4.84157E-02  1.00000E+00  1.00000E+00  6.00556E-05
 5.73711E-01  7.73711E-01  6.01015E-02  1.00000E+00  1.00000E+00  6.00556E-05
 5.73711E-01  8.07044E-01  7.13562E-02  1.00000E+00  1.00000E+00  6.00556E-05
 5.73711E-01  8.40377E-01  8.10297E-02  1.00000E+00  1.00000E+00  6.00556E-05
 5.73711E-01  8.73711E-01  8.80114E-02  1.00000E+00  1.00000E+00  6.00556E-05
 5.73711E-01  9.07044E-01  9.14378E-02  1.00000E+00  1.00000E+00  6.00556E-05
 5.73711E-01  9.40377E-01  9.08678E-02  1.00000E+00  1.00000E+00  6.00556E-05
 5.73711E-01  9.73711E-01  8.63759E-02  1.00000E+00  1.00000E+00  6.00556E-05
 6.07044E-01  7.04416E-03  1.21945E-01  1.00000E+00  1.00000E+00  6.00556E-05
 6.07044E-01  4.03775E-02  1.06052E-01  1.00000E+00  1.00000E+00  6.00556E-05
 6.07044E-01  7.37108E-02  8.82155E-02  1.00000E+00  1.00000E+00  6.00556E-05
 6.07044E-01  1.07044E-01  7.01804E-02  1.00000E+00  1.00000E+00  6.00556E-05
 6.07044E-01  1.40377E-01  5.33958E-02  1.00000E+00  1.00000E+00  6.00556E-05
 6.07044E-01  1.73711E-01  3.88506E-02  1.00000E+00  1.00000E+00  6.00556E-05
 6.07044E-01  2.07044E-01  2.70291E-02  1.00000E+00  1.00000E+00  6.00556E-05
 6.07044E-01  2.40377E-01  1.79758E-02  1.00000E+00  1.00000E+00  6.00556E-05
 6.07044E-01  2.73711E-01  1.14371E-02  1.00000E+00  1.00000E+00  6.00556E-05
 6.07044E-01  3.07044E-01  6.97134E-03  1.00000E+00  1.00000E+00  6.00556E-05
 6.07044E-01  3.40377E-01  4.02272E-03  1.00000E+00  1.00000E+00  6.00556E-05
 6.07044E-01  3.73711E-01  2.14596E-03  1.00000E+00  1.00000E+00  6.00556E-05
 6.07044E-01  4.07044E-01  1.25013E-03  1.00000E+00  1.00000E+00  6.00556E-05
 6.07044E-01  4.40377E-01  1.41672E-03  1.00000E+00  1.00000E+00  6.00556E-05
 6.07044E-01  4.73711E-01  2.58902E-03  1.00000E+00  1.00000E+00  6.00556E-05
 6.07044E-01  5.07044E-01  4.71700E-03  1.00000E+00  1.00000E+00  6.00556E-05
 6.07044E-01  5.40377E-01  8.03756E-03  1.00000E+00  1.00000E+00  6.00556E-05
 6.07044E-01  5.73711E-01  1.30411E-02  1.00000E+00  1.00000E+00  6.00556E-05
 6.07044E-01  6.07044E-01  2.02472E-02  1.00000E+00  1.00000E+00  6.00556E-05
 6.07044E-01  6.40377E-01  3.00596E-02  1.00000E+00  1.00000E+00  6.00556E-05
 6.07044E-01  6.73711E-01  4.26685E-02  1.00000E+00  1.00000E+00  6.00556E-05
 6.07044E-01  7.07044E-01  5.79153E-02  1.00000E+00  1.00000E+00  6.00556E-05
 6.07044E-01  7.40377E-01  7.51752E-02  1.00000E+00  1.00000E+00  6.00556E-05
 6.07044E-01  7.73711E-01  9.33205E-02  1.00000E+00  1.00000E+00  6.00556E-05
 6.07044E-01  8.07044E-01  1.10796E-01  1.00000E+00  1.00000E+00  6.00556E-05
 6.07044E-01  8.40377E-01  1.25817E-01  1.00000E+00  1.00000E+00  6.00556E-05
 6.07044E-01  8.73711E-01  1.36658E-01  1.00000E+00  1.00000E+00  6.00556E-05
 6.07044E-01  9.07044E-01  1.41979E-01  1.00000E+00  1.00000E+00  6.00556E-05
 6.07044E-01  9.40377E-01  1.41093E-01  1.00000E+00  1.00000E+00  6.00556E-05
 6.07044E-01  9.73711E-01  1.34118E-01  1.00000E+00  1.00000E+00  6.00556E-05
 6.40377E-01  7.04416E-03  1.81056E-01  1.00000E+00  1.00000E+00  6.00556E-05
 6.40377E-01  4.03775E-02  1.57459E-01  1.00000E+00  1.00000E+00  6.00556E-05
 6.40377E-01  7.37108E-02  1.30976E-01  1.00000E+00  1.00000E+00  6.00556E-05
 6.40377E-01  1.07044E-01  1.04198E-01  1.00000E+00  1.00000E+00  6.00556E-05
 6.40377E-01  1.40377E-01  7.92769E-02  1.00000E+00  1.00000E+00  6.00556E-05
 6.40377E-01  1.73711E-01  5.76809E-02  1.00000E+00  1.00000E+00  6.00556E-05
 6.40377E-01  2.07044E-01  4.01289E-02  1.00000E+00  1.00000E+00  6.00556E-05
 6.40377E-01  2.40377E-01  2.66877E-02  1.00000E+00  1.00000E+00  6.00556E-05
 6.40377E-01  2.73711E-01  1.69794E-02  1.00000E+00  1.00000E+00  6.00556E-05
 6.40377E-01  3.07044E-01  1.03475E-02  1.00000E+00  1.00000E+00  6.00556E-05
 6.40377E-01  3.40377E-01  5.96971E-03  1.00000E+00  1.00000E+00  6.00556E-05
 6.40377E-01  3.73711E-01  3.18618E-03  1.00000E+00  1.00000E+00  6.00556E-05
 6.40377E-01  4.07044E-01  1.85623E-03  1.00000E+00  1.00000E+00  6.00556E-05
 6.40377E-01  4.40377E-01  2.10082E-03  1.00000E+00  1.00000E+00  6.00556E-05
 6.40377E-01  4.73711E-01  3.84139E-03  1.00000E+00  1.00000E+00  6.00556E-05
 6.40377E-01  5.07044E-01  7.00204E-03  1.00000E+00  1.00000E+00  6.00556E-05
 6.40377E-01  5.40377E-01  1.19321E-02  1.00000E+00  1.00000E+00  6.00556E-05
 6.40377E-01  5.73711E-01  1.93606E-02  1.00000E+00  1.00000E+00  6.00556E-05
 6.40377E-01  6.07044E-01  3.00596E-02  1.00000E+00  1.00000E+00  6.00556E-05
 6.40377E-01  6.40377E-01  4.46287E-02  1.00000E+00  1.00000E+00  6.00556E-05
 6.40377E-01  6.73711E-01  6.33497E-02  1.00000E+00  1.00000E+00  6.00556E-05
 6.40377E-01  7.07044E-01  8.59874E-02  1.00000E+00  1.00000E+00  6.00556E-05
 6.40377E-01  7.40377E-01  1.11614E-01  1.00000E+00  1.00000E+00  6.00556E-05
 6.40377E-01  7.73711E-01  1.38556E-01  1.00000E+00  1.00000E+00  6.00556E-05
 6.40377E-01  8.07044E-01  1.64503E-01  1.00000E+00  1.00000E+00  6.00556E-05
 6.40377E-01  8.40377E-01  1.86806E-01  1.00000E+00  1.00000E+00  6.00556E-05
 6.40377E-01  8.73711E-01  2.02902E-01  1.00000E+00  1.00000E+00  6.00556E-05
 6.40377E-01  9.07044E-01  2.10801E-01  1.00000E+00  1.00000E+00  6.00556E-05
 6.40377E-01  9.40377E-01  2.09487E-01  1.00000E+00  1.00000E+00  6.00556E-05
 6.40377E-01  9.73711E-01  1.99131E-01  1.00000E+00  1.00000E+00  6.00556E-05
 6.73711E-01  7.04416E-03  2.57012E-01  1.00000E+00  1.00000E+00  6.00556E-05
 6.73711E-01  4.03775E-02  2.23516E-01  1.00000E+00  1.00000E+00  6.00556E-05
 6.73711E-01  7.37108E-02  1.85922E-01  1.00000E+00  1.00000E+00  6.00556E-05
 6.73711E-01  1.07044E-01  1.47910E-01  1.00000E+00  1.00000E+00  6.00556E-05
 6.73711E-01  1.40377E-01  1.12534E-01  1.00000E+00  1.00000E+00  6.00556E-05
 6.73711E-01  1.73711E-01  8.18773E-02  1.00000E+00  1.00000E+00  6.00556E-05
 6.73711E-01  2.07044E-01  5.69619E-02  1.00000E+00  1.00000E+00  6.00556E-05
 6.73711E-01  2.40377E-01  3.78824E-02  1.00000E+00  1.00000E+00  6.00556E-05
 6.73711E-01  2.73711E-01  2.41013E-02  1.00000E+00  1.00000E+00  6.00556E-05
 6.73711E-01  3.07044E-01  1.46856E-02  1.00000E+00  1.00000E+00  6.00556E-05
 6.73711E-01  3.40377E-01  8.47115E-03  1.00000E+00  1.00000E+00  6.00556E-05
 6.73711E-01  3.73711E-01  4.52301E-03  1.00000E+00  1.00000E+00  6.00556E-05
 6.73711E-01  4.07044E-01  2.63526E-03  1.00000E+00  1.00000E+00  6.00556E-05
 6.73711E-01  4.40377E-01  2.97943E-03  1.00000E+00  1.00000E+00  6.00556E-05
 6.73711E-01  4.73711E-01  5.45027E-03  1.00000E+00  1.00000E+00  6.00556E-05
 6.73711E-01  5.07044E-01  9.93822E-03  1.00000E+00  1.00000E+00  6.00556E-05
 6.73711E-01  5.40377E-01  1.69364E-02  1.00000E+00  1.00000E+00  6.00556E-05
 6.73711E-01  5.73711E-01  2.74810E-02  1.00000E+00  1.00000E+00  6.00556E-05
 6.73711E-01  6.07044E-01  4.26685E-02  1.00000E+00  1.00000E+00  6.00556E-05
 6.73711E-01  6.40377E-01  6.33497E-02  1.00000E+00  1.00000E+00  6.00556E-05
 6.73711E-01  6.73711E-01  8.99246E-02  1.00000E+00  1.00000E+00  6.00556E-05
 6.73711E-01  7.07044E-01  1.22060E-01  1.00000E+00  1.00000E+00  6.00556E-05
 6.73711E-01  7.40377E-01  1.58438E-01  1.00000E+00  1.00000E+00  6.00556E-05
 6.73711E-01  7.73711E-01  1.96682E-01  1.00000E+00  1.00000E+00  6.00556E-05
 6.73711E-01  8.07044E-01  2.33515E-01  1.00000E+00  1.00000E+00  6.00556E-05
 6.73711E-01  8.40377E-01  2.65174E-01  1.00000E+00  1.00000E+00  6.00556E-05
 6.73711E-01  8.73711E-01  2.88023E-01  1.00000E+00  1.00000E+00  6.00556E-05
 6.73711E-01  9.07044E-01  2.99237E-01  1.00000E+00  1.00000E+00  6.00556E-05
 6.73711E-01  9.40377E-01  2.97371E-01  1.00000E+00  1.00000E+00  6.00556E-05
 6.73711E-01  9.73711E-01  2.82670E-01  1.00000E+00  1.00000E+00  6.00556E-05
 7.07044E-01  7.04416E-03  3.48860E-01  1.00000E+00  1.00000E+00  6.00556E-05
 7.07044E-01  4.03775E-02  3.03393E-01  1.00000E+00  1.00000E+00  6.00556E-05
 7.07044E-01  7.37108E-02  2.52363E-01  1.00000E+00  1.00000E+00  6.00556E-05
 7.07044E-01  1.07044E-01  2.00767E-01  1.00000E+00  1.00000E+00  6.00556E-05
 7.07044E-01  1.40377E-01  1.52748E-01  1.00000E+00  1.00000E+00  6.00556E-05
 7.07044E-01  1.73711E-01  1.11136E-01  1.00000E+00  1.00000E+00  6.00556E-05
 7.07044E-01  2.07044E-01  7.73166E-02  1.00000E+00  1.00000E+00  6.00556E-05
 7.07044E-01  2.40377E-01  5.14192E-02  1.00000E+00  1.00000E+00  6.00556E-05
 7.07044E-01  2.73711E-01  3.27132E-02  1.00000E+00  1.00000E+00  6.00556E-05
 7.07044E-01  3.07044E-01  1.99308E-02  1.00000E+00  1.00000E+00  6.00556E-05
 7.07044E-01  3.40377E-01  1.14955E-02  1.00000E+00  1.00000E+00  6.00556E-05
 7.07044E-01  3.73711E-01  6.13963E-03  1.00000E+00  1.00000E+00  6.00556E-05
 7.07044E-01  4.07044E-01  3.57743E-03  1.00000E+00  1.00000E+00  6.00556E-05
 7.07044E-01  4.40377E-01  4.04144E-03  1.00000E+00  1.00000E+00  6.00556E-05
 7.07044E-01  4.73711E-01  7.39535E-03  1.00000E+00  1.00000E+00  6.00556E-05
 7.07044E-01  5.07044E-01  1.34886E-02  1.00000E+00  1.00000E+00  6.00556E-05
 7.07044E-01  5.40377E-01  2.29876E-02  1.00000E+00  1.00000E+00  6.00556E-05
 7.07044E-01  5.73711E-01  3.73001E-02  1.00000E+00  1.00000E+00  6.00556E-05
 7.07044E-01  6.07044E-01  5.79153E-02  1.00000E+00  1.00000E+00  6.00556E-05
 7.07044E-01  6.40377E-01  8.59874E-02  1.00000E+00  1.00000E+00  6.00556E-05
 7.07044E-01  6.73711E-01  1.22060E-01  1.00000E+00  1.00000E+00  6.00556E-05
 7.07044E-01  7.07044E-01  1.65679E-01  1.00000E+00  1.00000E+00  6.00556E-05
 7.07044E-01  7.40377E-01  2.15058E-01  1.00000E+00  1.00000E+00  6.00556E-05
 7.07044E-01  7.73711E-01  2.66970E-01  1.00000E+00  1.00000E+00  6.00556E-05
 7.07044E-01  8.07044E-01  3.16967E-01  1.00000E+00  1.00000E+00  6.00556E-05
 7.07044E-01  8.40377E-01  3.59940E-01  1.00000E+00  1.00000E+00  6.00556E-05
 7.07044E-01  8.73711E-01  3.90954E-01  1.00000E+00  1.00000E+00  6.00556E-05
 7.07044E-01  9.07044E-01  4.06175E-01  1.00000E+00  1.00000E+00  6.00556E-05
 7.07044E-01  9.40377E-01  4.03643E-01  1.00000E+00  1.00000E+00  6.00556E-05
 7.07044E-01  9.73711E-01  3.83688E-01  1.00000E+00  1.00000E+00  6.00556E-05
 7.40377E-01  7.04416E-03  4.52835E-01  1.00000E+00  1.00000E+00  6.00556E-05
 7.40377E-01  4.03775E-02  3.93817E-01  1.00000E+00  1.00000E+00  6.00556E-05
 7.40377E-01  7.37108E-02  3.27578E-01  1.00000E+00  1.00000E+00  6.00556E-05
 7.40377E-01  1.07044E-01  2.60603E-01  1.00000E+00  1.00000E+00  6.00556E-05
 7.40377E-01  1.40377E-01  1.98273E-01  1.00000E+00  1.00000E+00  6.00556E-05
 7.40377E-01  1.73711E-01  1.44258E-01  1.00000E+00  1.00000E+00  6.00556E-05
 7.40377E-01  2.07044E-01  1.00359E-01  1.00000E+00  1.00000E+00  6.00556E-05
 7.40377E-01  2.40377E-01  6.67434E-02  1.00000E+00  1.00000E+00  6.00556E-05
 7.40377E-01  2.73711E-01  4.24620E-02  1.00000E+00  1.00000E+00  6.00556E-05
 7.40377E-01  3.07044E-01  2.58683E-02  1.00000E+00  1.00000E+00  6.00556E-05
 7.40377E-01  3.40377E-01  1.49188E-02  1.00000E+00  1.00000E+00  6.00556E-05
 7.40377E-01  3.73711E-01  7.96981E-03  1.00000E+00  1.00000E+00  6.00556E-05
 7.40377E-01  4.07044E-01  4.64415E-03  1.00000E+00  1.00000E+00  6.00556E-05
 7.40377E-01  4.40377E-01  5.24332E-03  1.00000E+00  1.00000E+00  6.00556E-05
 7.40377E-01  4.73711E-01  9.59693E-03  1.00000E+00  1.00000E+00  6.00556E-05
 7.40377E-01  5.07044E-01  1.75077E-02  1.00000E+00  1.00000E+00  6.00556E-05
 7.40377E-01  5.40377E-01  2.98378E-02  1.00000E+00  1.00000E+00  6.00556E-05
 7.40377E-01  5.73711E-01  4.84157E-02  1.00000E+00  1.00000E+00  6.00556E-05
 7.40377E-01  6.07044E-01  7.51752E-02  1.00000E+00  1.00000E+00  6.00556E-05
 7.40377E-01  6.40377E-01  1.11614E-01  1.00000E+00  1.00000E+00  6.00556E-05
 7.40377E-01  6.73711E-01  1.58438E-01  1.00000E+00  1.00000E+00  6.00556E-05
 7.40377E-01  7.07044E-01  2.15058E-01  1.00000E+00  1.00000E+00  6.00556E-05
 7.40377E-01  7.40377E-01  2.79154E-01  1.00000E+00  1.00000E+00  6.00556E-05
 7.40377E-01  7.73711E-01  3.46538E-01  1.00000E+00  1.00000E+00  6.00556E-05
 7.40377E-01  8.07044E-01  4.11437E-01  1.00000E+00  1.00000E+00  6.00556E-05
 7.40377E-01  8.40377E-01  4.67218E-01  1.00000E+00  1.00000E+00  6.00556E-05
 7.40377E-01  8.73711E-01  5.07477E-01  1.00000E+00  1.00000E+00  6.00556E-05
 7.40377E-01  9.07044E-01  5.27234E-01  1.00000E+00  1.00000E+00  6.00556E-05
 7.40377E-01  9.40377E-01  5.23947E-01  1.00000E+00  1.00000E+00  6.00556E-05
 7.40377E-01  9.73711E-01  4.98044E-01  1.00000E+00  1.00000E+00  6.00556E-05
 7.73711E-01  7.04416E-03  5.62145E-01  1.00000E+00  1.00000E+00  6.00556E-05
 7.73711E-01  4.03775E-02  4.88880E-01  1.00000E+00  1.00000E+00  6.00556E-05
 7.73711E-01  7.37108E-02  4.06652E-01  1.00000E+00  1.00000E+00  6.00556E-05
 7.73711E-01  1.07044E-01  3.23509E-01  1.00000E+00  1.00000E+00  6.00556E-05
 7.73711E-01  1.40377E-01  2.46133E-01  1.00000E+00  1.00000E+00  6.00556E-05
 7.73711E-01  1.73711E-01  1.79080E-01  1.00000E+00  1.00000E+00  6.00556E-05
 7.73711E-01  2.07044E-01  1.24583E-01  1.00000E+00  1.00000E+00  6.00556E-05
 7.73711E-01  2.40377E-01  8.28538E-02  1.00000E+00  1.00000E+00  6.00556E-05
 7.73711E-01  2.73711E-01  5.27111E-02  1.00000E+00  1.00000E+00  6.00556E-05
 7.73711E-01  3.07044E-01  3.21102E-02  1.00000E+00  1.00000E+00  6.00556E-05
 7.73711E-01  3.40377E-01  1.85176E-02  1.00000E+00  1.00000E+00  6.00556E-05
 7.73711E-01  3.73711E-01  9.89398E-03  1.00000E+00  1.00000E+00  6.00556E-05
 7.73711E-01  4.07044E-01  5.76571E-03  1.00000E+00  1.00000E+00  6.00556E-05
 7.73711E-01  4.40377E-01  6.50659E-03  1.00000E+00  1.00000E+00  6.00556E-05
 7.73711E-01  4.73711E-01  1.19112E-02  1.00000E+00  1.00000E+00  6.00556E-05
 7.73711E-01  5.07044E-01  2.17329E-02  1.00000E+00  1.00000E+00  6.00556E-05
 7.73711E-01  5.40377E-01  3.70394E-02  1.00000E+00  1.00000E+00  6.00556E-05
 7.73711E-01  5.73711E-01  6.01015E-02  1.00000E+00  1.00000E+00  6.00556E-05
 7.73711E-01  6.07044E-01  9.33205E-02  1.00000E+00  1.00000E+00  6.00556E-05
 7.73711E-01  6.40377E-01  1.38556E-01  1.00000E+00  1.00000E+00  6.00556E-05
 7.73711E-01  6.73711E-01  1.96682E-01  1.00000E+00  1.00000E+00  6.00556E-05
 7.73711E-01  7.07044E-01  2.66970E-01  1.00000E+00  1.00000E+00  6.00556E-05
 7.73711E-01  7.40377E-01  3.46538E-01  1.00000E+00  1.00000E+00  6.00556E-05
 7.73711E-01  7.73711E-01  4.30189E-01  1.00000E+00  1.00000E+00  6.00556E-05
 7.73711E-01  8.07044E-01  5.10753E-01  1.00000E+00  1.00000E+00  6.00556E-05
 7.73711E-01  8.40377E-01  5.80000E-01  1.00000E+00  1.00000E+00  6.00556E-05
 7.73711E-01  8.73711E-01  6.29976E-01  1.00000E+00  1.00000E+00  6.00556E-05
 7.73711E-01  9.07044E-01  6.54503E-01  1.00000E+00  1.00000E+00  6.00556E-05
 7.73711E-01  9.40377E-01  6.50422E-01  1.00000E+00  1.00000E+00  6.00556E-05
 7.73711E-01  9.73711E-01  6.18267E-01  1.00000E+00  1.00000E+00  6.00556E-05
 8.07044E-01  7.04416E-03  6.67422E-01  1.00000E+00  1.00000E+00  6.00556E-05
 8.07044E-01  4.03775E-02  5.80436E-01  1.00000E+00  1.00000E+00  6.00556E-05
 8.07044E-01  7.37108E-02  4.82808E-01  1.00000E+00  1.00000E+00  6.00556E-05
 8.07044E-01  1.07044E-01  3.84095E-01  1.00000E+00  1.00000E+00  6.00556E-05
 8.07044E-01  1.40377E-01  2.92227E-01  1.00000E+00  1.00000E+00  6.00556E-05
 8.07044E-01  1.73711E-01  2.12616E-01  1.00000E+00  1.00000E+00  6.00556E-05
 8.07044E-01  2.07044E-01  1.47914E-01  1.00000E+00  1.00000E+00  6.00556E-05
 8.07044E-01  2.40377E-01  9.83698E-02  1.00000E+00  1.00000E+00  6.00556E-05
 8.07044E-01  2.73711E-01  6.25820E-02  1.00000E+00  1.00000E+00  6.00556E-05
 8.07044E-01  3.07044E-01  3.81217E-02  1.00000E+00  1.00000E+00  6.00556E-05
 8.07044E-01  3.40377E-01  2.19833E-02  1.00000E+00  1.00000E+00  6.00556E-05
 8.07044E-01  3.73711E-01  1.17472E-02  1.00000E+00  1.00000E+00  6.00556E-05
 8.07044E-01  4.07044E-01  6.84598E-03  1.00000E+00  1.00000E+00  6.00556E-05
 8.07044E-01  4.40377E-01  7.72308E-03  1.00000E+00  1.00000E+00  6.00556E-05
 8.07044E-01  4.73711E-01  1.41400E-02  1.00000E+00  1.00000E+00  6.00556E-05
 8.07044E-01  5.07044E-01  2.58023E-02  1.00000E+00  1.00000E+00  6.00556E-05
 8.07044E-01  5.40377E-01  4.39753E-02  1.00000E+00  1.00000E+00  6.00556E-05
 8.07044E-01  5.73711E-01  7.13562E-02  1.00000E+00  1.00000E+00  6.00556E-05
 8.07044E-01  6.07044E-01  1.10796E-01  1.00000E+00  1.00000E+00  6.00556E-05
 8.07044E-01  6.40377E-01  1.64503E-01  1.00000E+00  1.00000E+00  6.00556E-05
 8.07044E-01  6.73711E-01  2.33515E-01  1.00000E+00  1.00000E+00  6.00556E-05
 8.07044E-01  7.07044E-01  3.16967E-01  1.00000E+00  1.00000E+00  6.00556E-05
 8.07044E-01  7.40377E-01  4.11437E-01  1.00000E+00  1.00000E+00  6.00556E-05
 8.07044E-01  7.73711E-01  5.10753E-01  1.00000E+00  1.00000E+00  6.00556E-05
 8.07044E-01  8.07044E-01  6.06406E-01  1.00000E+00  1.00000E+00  6.00556E-05
 8.07044E-01  8.40377E-01  6.88620E-01  1.00000E+00  1.00000E+00  6.00556E-05
 8.07044E-01  8.73711E-01  7.47957E-01  1.00000E+00  1.00000E+00  6.00556E-05
 8.07044E-01  9.07044E-01  7.77077E-01  1.00000E+00  1.00000E+00  6.00556E-05
 8.07044E-01  9.40377E-01  7.72232E-01  1.00000E+00  1.00000E+00  6.00556E-05
 8.07044E-01  9.73711E-01  7.34054E-01  1.00000E+00  1.00000E+00  6.00556E-05
 8.40377E-01  7.04416E-03  7.57909E-01  1.00000E+00  1.00000E+00  6.00556E-05
 8.40377E-01  4.03775E-02  6.59129E-01  1.00000E+00  1.00000E+00  6.00556E-05
 8.40377E-01  7.37108E-02  5.48265E-01  1.00000E+00  1.00000E+00  6.00556E-05
 8.40377E-01  1.07044E-01  4.36169E-01  1.00000E+00  1.00000E+00  6.00556E-05
 8.40377E-01  1.40377E-01  3.31846E-01  1.00000E+00  1.00000E+00  6.00556E-05
 8.40377E-01  1.73711E-01  2.41441E-01  1.00000E+00  1.00000E+00  6.00556E-05
 8.40377E-01  2.07044E-01  1.67967E-01  1.00000E+00  1.00000E+00  6.00556E-05
 8.40377E-01  2.40377E-01  1.11706E-01  1.00000E+00  1.00000E+00  6.00556E-05
 8.40377E-01  2.73711E-01  7.10661E-02  1.00000E+00  1.00000E+00  6.00556E-05
 8.40377E-01  3.07044E-01  4.32886E-02  1.00000E+00  1.00000E+00  6.00556E-05
 8.40377E-01  3.40377E-01  2.49621E-02  1.00000E+00  1.00000E+00  6.00556E-05
 8.40377E-01  3.73711E-01  1.33402E-02  1.00000E+00  1.00000E+00  6.00556E-05
 8.40377E-01  4.07044E-01  7.77455E-03  1.00000E+00  1.00000E+00  6.00556E-05
 8.40377E-01  4.40377E-01  8.76856E-03  1.00000E+00  1.00000E+00  6.00556E-05
 8.40377E-01  4.73711E-01  1.60555E-02  1.00000E+00  1.00000E+00  6.00556E-05
 8.40377E-01  5.07044E-01  2.92999E-02  1.00000E+00  1.00000E+00  6.00556E-05
 8.40377E-01  5.40377E-01  4.99368E-02  1.00000E+00  1.00000E+00  6.00556E-05
 8.40377E-01  5.73711E-01  8.10297E-02  1.00000E+00  1.00000E+00  6.00556E-05
 8.40377E-01  6.07044E-01  1.25817E-01  1.00000E+00  1.00000E+00  6.00556E-05
 8.40377E-01  6.40377E-01  1.86806E-01  1.00000E+00  1.00000E+00  6.00556E-05
 8.40377E-01  6.73711E-01  2.65174E-01  1.00000E+00  1.00000E+00  6.00556E-05
 8.40377E-01  7.07044E-01  3.59940E-01  1.00000E+00  1.00000E+00  6.00556E-05
 8.40377E-01  7.40377E-01  4.67218E-01  1.00000E+00  1.00000E+00  6.00556E-05
 8.40377E-01  7.73711E-01  5.80000E-01  1.00000E+00  1.00000E+00  6.00556E-05
 8.40377E-01  8.07044E-01  6.88620E-01  1.00000E+00  1.00000E+00  6.00556E-05
 8.40377E-01  8.40377E-01  7.81982E-01  1.00000E+00  1.00000E+00  6.00556E-05
 8.40377E-01  8.73711E-01  8.49363E-01  1.00000E+00  1.00000E+00  6.00556E-05
 8.40377E-01  9.07044E-01  8.82431E-01  1.00000E+00  1.00000E+00  6.00556E-05
 8.40377E-01  9.40377E-01  8.76929E-01  1.00000E+00  1.00000E+00  6.00556E-05
 8.40377E-01  9.73711E-01  8.33575E-01  1.00000E+00  1.00000E+00  6.00556E-05
 8.73711E-01  7.04416E-03  8.23215E-01  1.00000E+00  1.00000E+00  6.00556E-05
 8.73711E-01  4.03775E-02  7.15925E-01  1.00000E+00  1.00000E+00  6.00556E-05
 8.73711E-01  7.37108E-02  5.95507E-01  1.00000E+00  1.00000E+00  6.00556E-05
 8.73711E-01  1.07044E-01  4.73752E-01  1.00000E+00  1.00000E+00  6.00556E-05
 8.73711E-01  1.40377E-01  3.60440E-01  1.00000E+00  1.00000E+00  6.00556E-05
 8.73711E-01  1.73711E-01  2.62245E-01  1.00000E+00  1.00000E+00  6.00556E-05
 8.73711E-01  2.07044E-01  1.82440E-01  1.00000E+00  1.00000E+00  6.00556E-05
 8.73711E-01  2.40377E-01  1.21331E-01  1.00000E+00  1.00000E+00  6.00556E-05
 8.73711E-01  2.73711E-01  7.71894E-02  1.00000E+00  1.00000E+00  6.00556E-05
 8.73711E-01  3.07044E-01  4.70176E-02  1.00000E+00  1.00000E+00  6.00556E-05
 8.73711E-01  3.40377E-01  2.71119E-02  1.00000E+00  1.00000E+00  6.00556E-05
 8.73711E-01  3.73711E-01  1.44899E-02  1.00000E+00  1.00000E+00  6.00556E-05
 8.73711E-01  4.07044E-01  8.44475E-03  1.00000E+00  1.00000E+00  6.00556E-05
 8.73711E-01  4.40377E-01  9.52307E-03  1.00000E+00  1.00000E+00  6.00556E-05
 8.73711E-01  4.73711E-01  1.74380E-02  1.00000E+00  1.00000E+00  6.00556E-05
 8.73711E-01  5.07044E-01  3.18242E-02  1.00000E+00  1.00000E+00  6.00556E-05
 8.73711E-01  5.40377E-01  5.42394E-02  1.00000E+00  1.00000E+00  6.00556E-05
 8.73711E-01  5.73711E-01  8.80114E-02  1.00000E+00  1.00000E+00  6.00556E-05
 8.73711E-01  6.07044E-01  1.36658E-01  1.00000E+00  1.00000E+00  6.00556E-05
 8.73711E-01  6.40377E-01  2.02902E-01  1.00000E+00  1.00000E+00  6.00556E-05
 8.73711E-01  6.73711E-01  2.88023E-01  1.00000E+00  1.00000E+00  6.00556E-05
 8.73711E-01  7.07044E-01  3.90954E-01  1.00000E+00  1.00000E+00  6.00556E-05
 8.73711E-01  7.40377E-01  5.07477E-01  1.00000E+00  1.00000E+00  6.00556E-05
 8.73711E-01  7.73711E-01  6.29976E-01  1.00000E+00  1.00000E+00  6.00556E-05
 8.73711E-01  8.07044E-01  7.47957E-01  1.00000E+00  1.00000E+00  6.00556E-05
 8.73711E-01  8.40377E-01  8.49363E-01  1.00000E+00  1.00000E+00  6.00556E-05
 8.73711E-01  8.73711E-01  9.22550E-01  1.00000E+00  1.00000E+00  6.00556E-05
 8.73711E-01  9.07044E-01  9.58467E-01  1.00000E+00  1.00000E+00  6.00556E-05
 8.73711E-01  9.40377E-01  9.52491E-01  1.00000E+00  1.00000E+00  6.00556E-05
 8.73711E-01  9.73711E-01  9.05402E-01  1.00000E+00  1.00000E+00  6.00556E-05
 9.07044E-01  7.04416E-03  8.55265E-01  1.00000E+00  1.00000E+00  6.00556E-05
 9.07044E-01  4.03775E-02  7.43797E-01  1.00000E+00  1.00000E+00  6.00556E-05
 9.07044E-01  7.37108E-02  6.18692E-01  1.00000E+00  1.00000E+00  6.00556E-05
 9.07044E-01  1.07044E-01  4.92196E-01  1.00000E+00  1.00000E+00  6.00556E-05
 9.07044E-01  1.40377E-01  3.74473E-01  1.00000E+00  1.00000E+00  6.00556E-05
 9.07044E-01  1.73711E-01  2.72455E-01  1.00000E+00  1.00000E+00  6.00556E-05
 9.07044E-01  2.07044E-01  1.89542E-01  1.00000E+00  1.00000E+00  6.00556E-05
 9.07044E-01  2.40377E-01  1.26055E-01  1.00000E+00  1.00000E+00  6.00556E-05
 9.07044E-01  2.73711E-01  8.01946E-02  1.00000E+00  1.00000E+00  6.00556E-05
 9.07044E-01  3.07044E-01  4.88477E-02  1.00000E+00  1.00000E+00  6.00556E-05
 9.07044E-01  3.40377E-01  2.81670E-02  1.00000E+00  1.00000E+00  6.00556E-05
 9.07044E-01  3.73711E-01  1.50541E-02  1.00000E+00  1.00000E+00  6.00556E-05
 9.07044E-01  4.07044E-01  8.77369E-03  1.00000E+00  1.00000E+00  6.00556E-05
 9.07044E-01  4.40377E-01  9.89336E-03  1.00000E+00  1.00000E+00  6.00556E-05
 9.07044E-01  4.73711E-01  1.81164E-02  1.00000E+00  1.00000E+00  6.00556E-05
 9.07044E-01  5.07044E-01  3.30631E-02  1.00000E+00  1.00000E+00  6.00556E-05
 9.07044E-01  5.40377E-01  5.63510E-02  1.00000E+00  1.00000E+00  6.00556E-05
 9.07044E-01  5.73711E-01  9.14378E-02  1.00000E+00  1.00000E+00  6.00556E-05
 9.07044E-01  6.07044E-01  1.41979E-01  1.00000E+00  1.00000E+00  6.00556E-05
 9.07044E-01  6.40377E-01  2.10801E-01  1.00000E+00  1.00000E+00  6.00556E-05
 9.07044E-01  6.73711E-01  2.99237E-01  1.00000E+00  1.00000E+00  6.00556E-05
 9.07044E-01  7.07044E-01  4.06175E-01  1.00000E+00  1.00000E+00  6.00556E-05
 9.07044E-01  7.40377E-01  5.27234E-01  1.00000E+00  1.00000E+00  6.00556E-05
 9.07044E-01  7.73711E-01  6.54503E-01  1.00000E+00  1.00000E+00  6.00556E-05
 9.07044E-01  8.07044E-01  7.77077E-01  1.00000E+00  1.00000E+00  6.00556E-05
 9.07044E-01  8.40377E-01  8.82431E-01  1.00000E+00  1.00000E+00  6.00556E-05
 9.07044E-01  8.73711E-01  9.58467E-01  1.00000E+00  1.00000E+00  6.00556E-05
 9.07044E-01  9.07044E-01  9.95783E-01  1.00000E+00  1.00000E+00  6.00556E-05
 9.07044E-01  9.40377E-01  9.89574E-01  1.00000E+00  1.00000E+00  6.00556E-05
 9.07044E-01  9.73711E-01  9.40651E-01  1.00000E+00  1.00000E+00  6.00556E-05
 9.40377E-01  7.04416E-03  8.49933E-01  1.00000E+00  1.00000E+00  6.00556E-05
 9.40377E-01  4.03775E-02  7.39160E-01  1.00000E+00  1.00000E+00  6.00556E-05
 9.40377E-01  7.37108E-02  6.14834E-01  1.00000E+00  1.00000E+00  6.00556E-05
 9.40377E-01  1.07044E-01  4.89127E-01  1.00000E+00  1.00000E+00  6.00556E-05
 9.40377E-01  1.40377E-01  3.72138E-01  1.00000E+00  1.00000E+00  6.00556E-05
 9.40377E-01  1.73711E-01  2.70757E-01  1.00000E+00  1.00000E+00  6.00556E-05
 9.40377E-01  2.07044E-01  1.88361E-01  1.00000E+00  1.00000E+00  6.00556E-05
 9.40377E-01  2.40377E-01  1.25269E-01  1.00000E+00  1.00000E+00  6.00556E-05
 9.40377E-01  2.73711E-01  7.96947E-02  1.00000E+00  1.00000E+00  6.00556E-05
 9.40377E-01  3.07044E-01  4.85433E-02  1.00000E+00  1.00000E+00  6.00556E-05
 9.40377E-01  3.40377E-01  2.79916E-02  1.00000E+00  1.00000E+00  6.00556E-05
 9.40377E-01  3.73711E-01  1.49603E-02  1.00000E+00  1.00000E+00  6.00556E-05
 9.40377E-01  4.07044E-01  8.71901E-03  1.00000E+00  1.00000E+00  6.00556E-05
 9.40377E-01  4.40377E-01  9.83180E-03  1.00000E+00  1.00000E+00  6.00556E-05
 9.40377E-01  4.73711E-01  1.80036E-02  1.00000E+00  1.00000E+00  6.00556E-05
 9.40377E-01  5.07044E-01  3.28571E-02  1.00000E+00  1.00000E+00  6.00556E-05
 9.40377E-01  5.40377E-01  5.59998E-02  1.00000E+00  1.00000E+00  6.00556E-05
 9.40377E-01  5.73711E-01  9.08678E-02  1.00000E+00  1.00000E+00  6.00556E-05
 9.40377E-01  6.07044E-01  1.41093E-01  1.00000E+00  1.00000E+00  6.00556E-05
 9.40377E-01  6.40377E-01  2.09487E-01  1.00000E+00  1.00000E+00  6.00556E-05
 9.40377E-01  6.73711E-01  2.97371E-01  1.00000E+00  1.00000E+00  6.00556E-05
 9.40377E-01  7.07044E-01  4.03643E-01  1.00000E+00  1.00000E+00  6.00556E-05
 9.40377E-01  7.40377E-01  5.23947E-01  1.00000E+00  1.00000E+00  6.00556E-05
 9.40377E-01  7.73711E-01  6.50422E-01  1.00000E+00  1.00000E+00  6.00556E-05
 9.40377E-01  8.07044E-01  7.72232E-01  1.00000E+00  1.00000E+00  6.00556E-05
 9.40377E-01  8.40377E-01  8.76929E-01  1.00000E+00  1.00000E+00  6.00556E-05
 9.40377E-01  8.73711E-01  9.52491E-01  1.00000E+00  1.00000E+00  6.00556E-05
 9.40377E-01  9.07044E-01  9.89574E-01  1.00000E+00  1.00000E+00  6.00556E-05
 9.40377E-01  9.40377E-01  9.83404E-01  1.00000E+00  1.00000E+00  6.00556E-05
 9.40377E-01  9.73711E-01  9.34786E-01  1.00000E+00  1.00000E+00  6.00556E-05
 9.73711E-01  7.04416E-03  8.07914E-01  1.00000E+00  1.00000E+00  6.00556E-05
 9.73711E-01  4.03775E-02  7.02617E-01  1.00000E+00  1.00000E+00  6.00556E-05
 9.73711E-01  7.37108E-02  5.84438E-01  1.00000E+00  1.00000E+00  6.00556E-05
 9.73711E-01  1.07044E-01  4.64946E-01  1.00000E+00  1.00000E+00  6.00556E-05
 9.73711E-01  1.40377E-01  3.53741E-01  1.00000E+00  1.00000E+00  6.00556E-05
 9.73711E-01  1.73711E-01  2.57371E-01  1.00000E+00  1.00000E+00  6.00556E-05
 9.73711E-01  2.07044E-01  1.79049E-01  1.00000E+00  1.00000E+00  6.00556E-05
 9.73711E-01  2.40377E-01  1.19076E-01  1.00000E+00  1.00000E+00  6.00556E-05
 9.73711E-01  2.73711E-01  7.57550E-02  1.00000E+00  1.00000E+00  6.00556E-05
 9.73711E-01  3.07044E-01  4.61442E-02  1.00000E+00  1.00000E+00  6.00556E-05
 9.73711E-01  3.40377E-01  2.66084E-02  1.00000E+00  1.00000E+00  6.00556E-05
 9.73711E-01  3.73711E-01  1.42206E-02  1.00000E+00  1.00000E+00  6.00556E-05
 9.73711E-01  4.07044E-01  8.28784E-03  1.00000E+00  1.00000E+00  6.00556E-05
 9.73711E-01  4.40377E-01  9.34641E-03  1.00000E+00  1.00000E+00  6.00556E-05
 9.73711E-01  4.73711E-01  1.71142E-02  1.00000E+00  1.00000E+00  6.00556E-05
 9.73711E-01  5.07044E-01  3.12330E-02  1.00000E+00  1.00000E+00  6.00556E-05
 9.73711E-01  5.40377E-01  5.32316E-02  1.00000E+00  1.00000E+00  6.00556E-05
 9.73711E-01  5.73711E-01  8.63759E-02  1.00000E+00  1.00000E+00  6.00556E-05
 9.73711E-01  6.07044E-01  1.34118E-01  1.00000E+00  1.00000E+00  6.00556E-05
 9.73711E-01  6.40377E-01  1.99131E-01  1.00000E+00  1.00000E+00  6.00556E-05
 9.73711E-01  6.73711E-01  2.82670E-01  1.00000E+00  1.00000E+00  6.00556E-05
 9.73711E-01  7.07044E-01  3.83688E-01  1.00000E+00  1.00000E+00  6.00556E-05
 9.73711E-01  7.40377E-01  4.98044E-01  1.00000E+00  1.00000E+00  6.00556E-05
 9.73711E-01  7.73711E-01  6.18267E-01  1.00000E+00  1.00000E+00  6.00556E-05
 9.73711E-01  8.07044E-01  7.34054E-01  1.00000E+00  1.00000E+00  6.00556E-05
 9.73711E-01  8.40377E-01  8.33575E-01  1.00000E+00  1.00000E+00  6.00556E-05
 9.73711E-01  8.73711E-01  9.05402E-01  1.00000E+00  1.00000E+00  6.00556E-05
 9.73711E-01  9.07044E-01  9.40651E-01  1.00000E+00  1.00000E+00  6.00556E-05
 9.73711E-01  9.40377E-01  9.34786E-01  1.00000E+00  1.00000E+00  6.00556E-05
 9.73711E-01  9.73711E-01  8.88572E-01  1.00000E+00  1.00000E+00  6.00556E-05
