 7.04416E-03  7.04416E-03  1.79363E-02  1.00000E+00  1.00000E+00  6.00543E-05
 7.04416E-03  4.03775E-02  2.68092E-02  1.00000E+00  1.00000E+00  6.00543E-05
 7.04416E-03  7.37108E-02  3.83074E-02  1.00000E+00  1.00000E+00  6.00543E-05
 7.04416E-03  1.07044E-01  5.23279E-02  1.00000E+00  1.00000E+00  6.00543E-05
 7.04416E-03  1.40377E-01  6.83462E-02  1.00000E+00  1.00000E+00  6.00543E-05
 7.04416E-03  1.73711E-01  8.53670E-02  1.00000E+00  1.00000E+00  6.00543E-05
 7.04416E-03  2.07044E-01  1.01979E-01  1.00000E+00  1.00000E+00  6.00543E-05
 7.04416E-03  2.40377E-01  1.16523E-01  1.00000E+00  1.00000E+00  6.00543E-05
 7.04416E-03  2.73711E-01  1.27360E-01  1.00000E+00  1.00000E+00  6.00543E-05
 7.04416E-03  3.07044E-01  1.33165E-01  1.00000E+00  1.00000E+00  6.00543E-05
 7.04416E-03  3.40377E-01  1.33198E-01  1.00000E+00  1.00000E+00  6.00543E-05
 7.04416E-03  3.73711E-01  1.27455E-01  1.00000E+00  1.00000E+00  6.00543E-05
 7.04416E-03  4.07044E-01  1.16671E-01  1.00000E+00  1.00000E+00  6.00543E-05
 7.04416E-03  4.40377E-01  1.02163E-01  1.00000E+00  1.00000E+00  6.00543E-05
 7.04416E-03  4.73711E-01  8.55699E-02  1.00000E+00  1.00000E+00  6.00543E-05
 7.04416E-03  5.07044E-01  6.85499E-02  1.00000E+00  1.00000E+00  6.00543E-05
 7.04416E-03  5.40377E-01  5.25178E-02  1.00000E+00  1.00000E+00  6.00543E-05
 7.04416E-03  5.73711E-01  3.84723E-02  1.00000E+00  1.00000E+00  6.00543E-05
 7.04416E-03  6.07044E-01  2.69411E-02  1.00000E+00  1.00000E+00  6.00543E-05
 7.04416E-03  6.40377E-01  1.80353E-02  1.00000E+00  1.00000E+00  6.00543E-05
 7.04416E-03  6.73711E-01  1.15520E-02  1.00000E+00  1.00000E+00  6.00543E-05
 7.04416E-03  7.07044E-01  7.07067E-03  1.00000E+00  1.00000E+00  6.00543E-05
 7.04416E-03  7.40377E-01  4.08184E-03  1.00000E+00  1.00000E+00  6.00543E-05
 7.04416E-03  7.73711E-01  2.19056E-03  1.00000E+00  1.00000E+00  6.00543E-05
 7.04416E-03  8.07044E-01  1.25040E-03  1.00000E+00  1.00000E+00  6.00543E-05
 7.04416E-03  8.40377E-01  1.25961E-03  1.00000E+00  1.00000E+00  6.00543E-05
 7.04416E-03  8.73711E-01  2.19165E-03  1.00000E+00  1.00000E+00  6.00543E-05
 7.04416E-03  9.07044E-01  4.04691E-03  1.00000E+00  1.00000E+00  6.00543E-05
 7.04416E-03  9.40377E-01  7.00823E-03  1.00000E+00  1.00000E+00  6.00543E-05
 7.04416E-03  9.73711E-01  1.14747E-02  1.00000E+00  1.00000E+00  6.00543E-05
 4.03775E-02  7.04416E-03  2.68092E-02  1.00000E+00  1.00000E+00  6.00543E-05
 4.03775E-02  4.03775E-02  4.00723E-02  1.00000E+00  1.00000E+00  6.00543E-05
 4.03775E-02  7.37108E-02  5.72595E-02  1.00000E+00  1.00000E+00  6.00543E-05
 4.03775E-02  1.07044E-01  7.82171E-02  1.00000E+00  1.00000E+00  6.00543E-05
 4.03775E-02  1.40377E-01  1.02161E-01  1.00000E+00  1.00000E+00  6.00543E-05
 4.03775E-02  1.73711E-01  1.27603E-01  1.00000E+00  1.00000E+00  6.00543E-05
 4.03775E-02  2.07044E-01  1.52434E-01  1.00000E+00  1.00000E+00  6.00543E-05
 4.03775E-02  2.40377E-01  1.74175E-01  1.00000E+00  1.00000E+00  6.00543E-05
 4.03775E-02  2.73711E-01  1.90373E-01  1.00000E+00  1.00000E+00  6.00543E-05
 4.03775E-02  3.07044E-01  1.99050E-01  1.00000E+00  1.00000E+00  6.00543E-05
 4.03775E-02  3.40377E-01  1.99100E-01  1.00000E+00  1.00000E+00  6.00543E-05
 4.03775E-02  3.73711E-01  1.90516E-01  1.00000E+00  1.00000E+00  6.00543E-05
 4.03775E-02  4.07044E-01  1.74396E-01  1.00000E+00  1.00000E+00  6.00543E-05
 4.03775E-02  4.40377E-01  1.52710E-01  1.00000E+00  1.00000E+00  6.00543E-05
 4.03775E-02  4.73711E-01  1.27907E-01  1.00000E+00  1.00000E+00  6.00543E-05
 4.03775E-02  5.07044E-01  1.02465E-01  1.00000E+00  1.00000E+00  6.00543E-05
 4.03775E-02  5.40377E-01  7.85009E-02  1.00000E+00  1.00000E+00  6.00543E-05
 4.03775E-02  5.73711E-01  5.75058E-02  1.00000E+00  1.00000E+00  6.00543E-05
 4.03775E-02  6.07044E-01  4.02695E-02  1.00000E+00  1.00000E+00  6.00543E-05
 4.03775E-02  6.40377E-01  2.69578E-02  1.00000E+00  1.00000E+00  6.00543E-05
 4.03775E-02  6.73711E-01  1.72660E-02  1.00000E+00  1.00000E+00  6.00543E-05
 4.03775E-02  7.07044E-01  1.05659E-02  1.00000E+00  1.00000E+00  6.00543E-05
 4.03775E-02  7.40377E-01  6.09866E-03  1.00000E+00  1.00000E+00  6.00543E-05
 4.03775E-02  7.73711E-01  3.27446E-03  1.00000E+00  1.00000E+00  6.00543E-05
 4.03775E-02  8.07044E-01  1.86992E-03  1.00000E+00  1.00000E+00  6.00543E-05
 4.03775E-02  8.40377E-01  1.88114E-03  1.00000E+00  1.00000E+00  6.00543E-05
 4.03775E-02  8.73711E-01  3.27312E-03  1.00000E+00  1.00000E+00  6.00543E-05
 4.03775E-02  9.07044E-01  6.04743E-03  1.00000E+00  1.00000E+00  6.00543E-05
 4.03775E-02  9.40377E-01  1.04748E-02  1.00000E+00  1.00000E+00  6.00543E-05
 4.03775E-02  9.73711E-01  1.71510E-02  1.00000E+00  1.00000E+00  6.00543E-05
 7.37108E-02  7.04416E-03  3.83074E-02  1.00000E+00  1.00000E+00  6.00543E-05
 7.37108E-02  4.03775E-02  5.72595E-02  1.00000E+00  1.00000E+00  6.00543E-05
 7.37108E-02  7.37108E-02  8.18191E-02  1.00000E+00  1.00000E+00  6.00543E-05
 7.37108E-02  1.07044E-01  1.11766E-01  1.00000E+00  1.00000E+00  6.00543E-05
 7.37108E-02  1.40377E-01  1.45981E-01  1.00000E+00  1.00000E+00  6.00543E-05
 7.37108E-02  1.73711E-01  1.82336E-01  1.00000E+00  1.00000E+00  6.00543E-05
 7.37108E-02  2.07044E-01  2.17818E-01  1.00000E+00  1.00000E+00  6.00543E-05
 7.37108E-02  2.40377E-01  2.48885E-01  1.00000E+00  1.00000E+00  6.00543E-05
 7.37108E-02  2.73711E-01  2.72031E-01  1.00000E+00  1.00000E+00  6.00543E-05
 7.37108E-02  3.07044E-01  2.84430E-01  1.00000E+00  1.00000E+00  6.00543E-05
 7.37108E-02  3.40377E-01  2.84501E-01  1.00000E+00  1.00000E+00  6.00543E-05
 7.37108E-02  3.73711E-01  2.72235E-01  1.00000E+00  1.00000E+00  6.00543E-05
 7.37108E-02  4.07044E-01  2.49200E-01  1.00000E+00  1.00000E+00  6.00543E-05
 7.37108E-02  4.40377E-01  2.18212E-01  1.00000E+00  1.00000E+00  6.00543E-05
 7.37108E-02  4.73711E-01  1.82770E-01  1.00000E+00  1.00000E+00  6.00543E-05
 7.37108E-02  5.07044E-01  1.46416E-01  1.00000E+00  1.00000E+00  6.00543E-05
 7.37108E-02  5.40377E-01  1.12172E-01  1.00000E+00  1.00000E+00  6.00543E-05
 7.37108E-02  5.73711E-01  8.21707E-02  1.00000E+00  1.00000E+00  6.00543E-05
 7.37108E-02  6.07044E-01  5.75414E-02  1.00000E+00  1.00000E+00  6.00543E-05
 7.37108E-02  6.40377E-01  3.85201E-02  1.00000E+00  1.00000E+00  6.00543E-05
 7.37108E-02  6.73711E-01  2.46704E-02  1.00000E+00  1.00000E+00  6.00543E-05
 7.37108E-02  7.07044E-01  1.50946E-02  1.00000E+00  1.00000E+00  6.00543E-05
 7.37108E-02  7.40377E-01  8.71166E-03  1.00000E+00  1.00000E+00  6.00543E-05
 7.37108E-02  7.73711E-01  4.67912E-03  1.00000E+00  1.00000E+00  6.00543E-05
 7.37108E-02  8.07044E-01  2.67306E-03  1.00000E+00  1.00000E+00  6.00543E-05
 7.37108E-02  8.40377E-01  2.68626E-03  1.00000E+00  1.00000E+00  6.00543E-05
 7.37108E-02  8.73711E-01  4.67396E-03  1.00000E+00  1.00000E+00  6.00543E-05
 7.37108E-02  9.07044E-01  8.63952E-03  1.00000E+00  1.00000E+00  6.00543E-05
 7.37108E-02  9.40377E-01  1.49669E-02  1.00000E+00  1.00000E+00  6.00543E-05
 7.37108E-02  9.73711E-01  2.45066E-02  1.00000E+00  1.00000E+00  6.00543E-05
 1.07044E-01  7.04416E-03  5.23279E-02  1.00000E+00  1.00000E+00  6.00543E-05
 1.07044E-01  4.03775E-02  7.82171E-02  1.00000E+00  1.00000E+00  6.00543E-05
 1.07044E-01  7.37108E-02  1.11766E-01  1.00000E+00  1.00000E+00  6.00543E-05
 1.07044E-01  1.07044E-01  1.52675E-01  1.00000E+00  1.00000E+00  6.00543E-05
 1.07044E-01  1.40377E-01  1.99413E-01  1.00000E+00  1.00000E+00  6.00543E-05
 1.07044E-01  1.73711E-01  2.49076E-01  1.00000E+00  1.00000E+00  6.00543E-05
 1.07044E-01  2.07044E-01  2.97545E-01  1.00000E+00  1.00000E+00  6.00543E-05
 1.07044E-01  2.40377E-01  3.39983E-01  1.00000E+00  1.00000E+00  6.00543E-05
 1.07044E-01  2.73711E-01  3.71601E-01  1.00000E+00  1.00000E+00  6.00543E-05
 1.07044E-01  3.07044E-01  3.88539E-01  1.00000E+00  1.00000E+00  6.00543E-05
 1.07044E-01  3.40377E-01  3.88636E-01  1.00000E+00  1.00000E+00  6.00543E-05
 1.07044E-01  3.73711E-01  3.71880E-01  1.00000E+00  1.00000E+00  6.00543E-05
 1.07044E-01  4.07044E-01  3.40414E-01  1.00000E+00  1.00000E+00  6.00543E-05
 1.07044E-01  4.40377E-01  2.98083E-01  1.00000E+00  1.00000E+00  6.00543E-05
 1.07044E-01  4.73711E-01  2.49668E-01  1.00000E+00  1.00000E+00  6.00543E-05
 1.07044E-01  5.07044E-01  2.00007E-01  1.00000E+00  1.00000E+00  6.00543E-05
 1.07044E-01  5.40377E-01  1.53228E-01  1.00000E+00  1.00000E+00  6.00543E-05
 1.07044E-01  5.73711E-01  1.12246E-01  1.00000E+00  1.00000E+00  6.00543E-05
 1.07044E-01  6.07044E-01  7.86023E-02  1.00000E+00  1.00000E+00  6.00543E-05
 1.07044E-01  6.40377E-01  5.26190E-02  1.00000E+00  1.00000E+00  6.00543E-05
 1.07044E-01  6.73711E-01  3.36991E-02  1.00000E+00  1.00000E+00  6.00543E-05
 1.07044E-01  7.07044E-01  2.06164E-02  1.00000E+00  1.00000E+00  6.00543E-05
 1.07044E-01  7.40377E-01  1.18975E-02  1.00000E+00  1.00000E+00  6.00543E-05
 1.07044E-01  7.73711E-01  6.39208E-03  1.00000E+00  1.00000E+00  6.00543E-05
 1.07044E-01  8.07044E-01  3.65272E-03  1.00000E+00  1.00000E+00  6.00543E-05
 1.07044E-01  8.40377E-01  3.66781E-03  1.00000E+00  1.00000E+00  6.00543E-05
 1.07044E-01  8.73711E-01  6.38163E-03  1.00000E+00  1.00000E+00  6.00543E-05
 1.07044E-01  9.07044E-01  1.18000E-02  1.00000E+00  1.00000E+00  6.00543E-05
 1.07044E-01  9.40377E-01  2.04446E-02  1.00000E+00  1.00000E+00  6.00543E-05
 1.07044E-01  9.73711E-01  3.34759E-02  1.00000E+00  1.00000E+00  6.00543E-05
 1.40377E-01  7.04416E-03  6.83462E-02  1.00000E+00  1.00000E+00  6.00543E-05
 1.40377E-01  4.03775E-02  1.02161E-01  1.00000E+00  1.00000E+00  6.00543E-05
 1.40377E-01  7.37108E-02  1.45981E-01  1.00000E+00  1.00000E+00  6.00543E-05
 1.40377E-01  1.07044E-01  1.99413E-01  1.00000E+00  1.00000E+00  6.00543E-05
 1.40377E-01  1.40377E-01  2.60458E-01  1.00000E+00  1.00000E+00  6.00543E-05
 1.40377E-01  1.73711E-01  3.25325E-01  1.00000E+00  1.00000E+00  6.00543E-05
 1.40377E-01  2.07044E-01  3.88632E-01  1.00000E+00  1.00000E+00  6.00543E-05
 1.40377E-01  2.40377E-01  4.44061E-01  1.00000E+00  1.00000E+00  6.00543E-05
 1.40377E-01  2.73711E-01  4.85359E-01  1.00000E+00  1.00000E+00  6.00543E-05
 1.40377E-01  3.07044E-01  5.07483E-01  1.00000E+00  1.00000E+00  6.00543E-05
 1.40377E-01  3.40377E-01  5.07609E-01  1.00000E+00  1.00000E+00  6.00543E-05
 1.40377E-01  3.73711E-01  4.85723E-01  1.00000E+00  1.00000E+00  6.00543E-05
 1.40377E-01  4.07044E-01  4.44624E-01  1.00000E+00  1.00000E+00  6.00543E-05
 1.40377E-01  4.40377E-01  3.89334E-01  1.00000E+00  1.00000E+00  6.00543E-05
 1.40377E-01  4.73711E-01  3.26098E-01  1.00000E+00  1.00000E+00  6.00543E-05
 1.40377E-01  5.07044E-01  2.61235E-01  1.00000E+00  1.00000E+00  6.00543E-05
 1.40377E-01  5.40377E-01  2.00135E-01  1.00000E+00  1.00000E+00  6.00543E-05
 1.40377E-01  5.73711E-01  1.46607E-01  1.00000E+00  1.00000E+00  6.00543E-05
 1.40377E-01  6.07044E-01  1.02664E-01  1.00000E+00  1.00000E+00  6.00543E-05
 1.40377E-01  6.40377E-01  6.87269E-02  1.00000E+00  1.00000E+00  6.00543E-05
 1.40377E-01  6.73711E-01  4.40141E-02  1.00000E+00  1.00000E+00  6.00543E-05
 1.40377E-01  7.07044E-01  2.69247E-02  1.00000E+00  1.00000E+00  6.00543E-05
 1.40377E-01  7.40377E-01  1.55369E-02  1.00000E+00  1.00000E+00  6.00543E-05
 1.40377E-01  7.73711E-01  8.34923E-03  1.00000E+00  1.00000E+00  6.00543E-05
 1.40377E-01  8.07044E-01  4.77227E-03  1.00000E+00  1.00000E+00  6.00543E-05
 1.40377E-01  8.40377E-01  4.78903E-03  1.00000E+00  1.00000E+00  6.00543E-05
 1.40377E-01  8.73711E-01  8.33221E-03  1.00000E+00  1.00000E+00  6.00543E-05
 1.40377E-01  9.07044E-01  1.54107E-02  1.00000E+00  1.00000E+00  6.00543E-05
 1.40377E-01  9.40377E-01  2.67027E-02  1.00000E+00  1.00000E+00  6.00543E-05
 1.40377E-01  9.73711E-01  4.37233E-02  1.00000E+00  1.00000E+00  6.00543E-05
 1.73711E-01  7.04416E-03  8.53670E-02  1.00000E+00  1.00000E+00  6.00543E-05
 1.73711E-01  4.03775E-02  1.27603E-01  1.00000E+00  1.00000E+00  6.00543E-05
 1.73711E-01  7.37108E-02  1.82336E-01  1.00000E+00  1.00000E+00  6.00543E-05
 1.73711E-01  1.07044E-01  2.49076E-01  1.00000E+00  1.00000E+00  6.00543E-05
 1.73711E-01  1.40377E-01  3.25325E-01  1.00000E+00  1.00000E+00  6.00543E-05
 1.73711E-01  1.73711E-01  4.06346E-01  1.00000E+00  1.00000E+00  6.00543E-05
 1.73711E-01  2.07044E-01  4.85420E-01  1.00000E+00  1.00000E+00  6.00543E-05
 1.73711E-01  2.40377E-01  5.54654E-01  1.00000E+00  1.00000E+00  6.00543E-05
 1.73711E-01  2.73711E-01  6.06237E-01  1.00000E+00  1.00000E+00  6.00543E-05
 1.73711E-01  3.07044E-01  6.33870E-01  1.00000E+00  1.00000E+00  6.00543E-05
 1.73711E-01  3.40377E-01  6.34028E-01  1.00000E+00  1.00000E+00  6.00543E-05
 1.73711E-01  3.73711E-01  6.06692E-01  1.00000E+00  1.00000E+00  6.00543E-05
 1.73711E-01  4.07044E-01  5.55357E-01  1.00000E+00  1.00000E+00  6.00543E-05
 1.73711E-01  4.40377E-01  4.86297E-01  1.00000E+00  1.00000E+00  6.00543E-05
 1.73711E-01  4.73711E-01  4.07312E-01  1.00000E+00  1.00000E+00  6.00543E-05
 1.73711E-01  5.07044E-01  3.26294E-01  1.00000E+00  1.00000E+00  6.00543E-05
 1.73711E-01  5.40377E-01  2.49978E-01  1.00000E+00  1.00000E+00  6.00543E-05
 1.73711E-01  5.73711E-01  1.83119E-01  1.00000E+00  1.00000E+00  6.00543E-05
 1.73711E-01  6.07044E-01  1.28232E-01  1.00000E+00  1.00000E+00  6.00543E-05
 1.73711E-01  6.40377E-01  8.58430E-02  1.00000E+00  1.00000E+00  6.00543E-05
 1.73711E-01  6.73711E-01  5.49747E-02  1.00000E+00  1.00000E+00  6.00543E-05
 1.73711E-01  7.07044E-01  3.36274E-02  1.00000E+00  1.00000E+00  6.00543E-05
 1.73711E-01  7.40377E-01  1.94038E-02  1.00000E+00  1.00000E+00  6.00543E-05
 1.73711E-01  7.73711E-01  1.04289E-02  1.00000E+00  1.00000E+00  6.00543E-05
 1.73711E-01  8.07044E-01  5.96210E-03  1.00000E+00  1.00000E+00  6.00543E-05
 1.73711E-01  8.40377E-01  5.98027E-03  1.00000E+00  1.00000E+00  6.00543E-05
 1.73711E-01  8.73711E-01  1.04045E-02  1.00000E+00  1.00000E+00  6.00543E-05
 1.73711E-01  9.07044E-01  1.92472E-02  1.00000E+00  1.00000E+00  6.00543E-05
 1.73711E-01  9.40377E-01  3.33525E-02  1.00000E+00  1.00000E+00  6.00543E-05
 1.73711E-01  9.73711E-01  5.46120E-02  1.00000E+00  1.00000E+00  6.00543E-05
 2.07044E-01  7.04416E-03  1.01979E-01  1.00000E+00  1.00000E+00  6.00543E-05
 2.07044E-01  4.03775E-02  1.52434E-01  1.00000E+00  1.00000E+00  6.00543E-05
 2.07044E-01  7.37108E-02  2.17818E-01  1.00000E+00  1.00000E+00  6.00543E-05
 2.07044E-01  1.07044E-01  2.97545E-01  1.00000E+00  1.00000E+00  6.00543E-05
 2.07044E-01  1.40377E-01  3.88632E-01  1.00000E+00  1.00000E+00  6.00543E-05
 2.07044E-01  1.73711E-01  4.85420E-01  1.00000E+00  1.00000E+00  6.00543E-05
 2.07044E-01  2.07044E-01  5.79881E-01  1.00000E+00  1.00000E+00  6.00543E-05
 2.07044E-01  2.40377E-01  6.62588E-01  1.00000E+00  1.00000E+00  6.00543E-05
 2.07044E-01  2.73711E-01  7.24209E-01  1.00000E+00  1.00000E+00  6.00543E-05
 2.07044E-01  3.07044E-01  7.57219E-01  1.00000E+00  1.00000E+00  6.00543E-05
 2.07044E-01  3.40377E-01  7.57407E-01  1.00000E+00  1.00000E+00  6.00543E-05
 2.07044E-01  3.73711E-01  7.24752E-01  1.00000E+00  1.00000E+00  6.00543E-05
 2.07044E-01  4.07044E-01  6.63428E-01  1.00000E+00  1.00000E+00  6.00543E-05
 2.07044E-01  4.40377E-01  5.80929E-01  1.00000E+00  1.00000E+00  6.00543E-05
 2.07044E-01  4.73711E-01  4.86573E-01  1.00000E+00  1.00000E+00  6.00543E-05
 2.07044E-01  5.07044E-01  3.89790E-01  1.00000E+00  1.00000E+00  6.00543E-05
 2.07044E-01  5.40377E-01  2.98623E-01  1.00000E+00  1.00000E+00  6.00543E-05
 2.07044E-01  5.73711E-01  2.18753E-01  1.00000E+00  1.00000E+00  6.00543E-05
 2.07044E-01  6.07044E-01  1.53185E-01  1.00000E+00  1.00000E+00  6.00543E-05
 2.07044E-01  6.40377E-01  1.02548E-01  1.00000E+00  1.00000E+00  6.00543E-05
 2.07044E-01  6.73711E-01  6.56717E-02  1.00000E+00  1.00000E+00  6.00543E-05
 2.07044E-01  7.07044E-01  4.01688E-02  1.00000E+00  1.00000E+00  6.00543E-05
 2.07044E-01  7.40377E-01  2.31776E-02  1.00000E+00  1.00000E+00  6.00543E-05
 2.07044E-01  7.73711E-01  1.24587E-02  1.00000E+00  1.00000E+00  6.00543E-05
 2.07044E-01  8.07044E-01  7.12348E-03  1.00000E+00  1.00000E+00  6.00543E-05
 2.07044E-01  8.40377E-01  7.14276E-03  1.00000E+00  1.00000E+00  6.00543E-05
 2.07044E-01  8.73711E-01  1.24268E-02  1.00000E+00  1.00000E+00  6.00543E-05
 2.07044E-01  9.07044E-01  2.29913E-02  1.00000E+00  1.00000E+00  6.00543E-05
 2.07044E-01  9.40377E-01  3.98424E-02  1.00000E+00  1.00000E+00  6.00543E-05
 2.07044E-01  9.73711E-01  6.52389E-02  1.00000E+00  1.00000E+00  6.00543E-05
 2.40377E-01  7.04416E-03  1.16523E-01  1.00000E+00  1.00000E+00  6.00543E-05
 2.40377E-01  4.03775E-02  1.74175E-01  1.00000E+00  1.00000E+00  6.00543E-05
 2.40377E-01  7.37108E-02  2.48885E-01  1.00000E+00  1.00000E+00  6.00543E-05
 2.40377E-01  1.07044E-01  3.39983E-01  1.00000E+00  1.00000E+00  6.00543E-05
 2.40377E-01  1.40377E-01  4.44061E-01  1.00000E+00  1.00000E+00  6.00543E-05
 2.40377E-01  1.73711E-01  5.54654E-01  1.00000E+00  1.00000E+00  6.00543E-05
 2.40377E-01  2.07044E-01  6.62588E-01  1.00000E+00  1.00000E+00  6.00543E-05
 2.40377E-01  2.40377E-01  7.57091E-01  1.00000E+00  1.00000E+00  6.00543E-05
 2.40377E-01  2.73711E-01  8.27501E-01  1.00000E+00  1.00000E+00  6.00543E-05
 2.40377E-01  3.07044E-01  8.65220E-01  1.00000E+00  1.00000E+00  6.00543E-05
 2.40377E-01  3.40377E-01  8.65435E-01  1.00000E+00  1.00000E+00  6.00543E-05
 2.40377E-01  3.73711E-01  8.28122E-01  1.00000E+00  1.00000E+00  6.00543E-05
 2.40377E-01  4.07044E-01  7.58051E-01  1.00000E+00  1.00000E+00  6.00543E-05
 2.40377E-01  4.40377E-01  6.63785E-01  1.00000E+00  1.00000E+00  6.00543E-05
 2.40377E-01  4.73711E-01  5.55972E-01  1.00000E+00  1.00000E+00  6.00543E-05
 2.40377E-01  5.07044E-01  4.45384E-01  1.00000E+00  1.00000E+00  6.00543E-05
 2.40377E-01  5.40377E-01  3.41214E-01  1.00000E+00  1.00000E+00  6.00543E-05
 2.40377E-01  5.73711E-01  2.49953E-01  1.00000E+00  1.00000E+00  6.00543E-05
 2.40377E-01  6.07044E-01  1.75033E-01  1.00000E+00  1.00000E+00  6.00543E-05
 2.40377E-01  6.40377E-01  1.17174E-01  1.00000E+00  1.00000E+00  6.00543E-05
 2.40377E-01  6.73711E-01  7.50376E-02  1.00000E+00  1.00000E+00  6.00543E-05
 2.40377E-01  7.07044E-01  4.58961E-02  1.00000E+00  1.00000E+00  6.00543E-05
 2.40377E-01  7.40377E-01  2.64816E-02  1.00000E+00  1.00000E+00  6.00543E-05
 2.40377E-01  7.73711E-01  1.42359E-02  1.00000E+00  1.00000E+00  6.00543E-05
 2.40377E-01  8.07044E-01  8.14045E-03  1.00000E+00  1.00000E+00  6.00543E-05
 2.40377E-01  8.40377E-01  8.16054E-03  1.00000E+00  1.00000E+00  6.00543E-05
 2.40377E-01  8.73711E-01  1.41972E-02  1.00000E+00  1.00000E+00  6.00543E-05
 2.40377E-01  9.07044E-01  2.62695E-02  1.00000E+00  1.00000E+00  6.00543E-05
 2.40377E-01  9.40377E-01  4.55248E-02  1.00000E+00  1.00000E+00  6.00543E-05
 2.40377E-01  9.73711E-01  7.45435E-02  1.00000E+00  1.00000E+00  6.00543E-05
 2.73711E-01  7.04416E-03  1.27360E-01  1.00000E+00  1.00000E+00  6.00543E-05
 2.73711E-01  4.03775E-02  1.90373E-01  1.00000E+00  1.00000E+00  6.00543E-05
 2.73711E-01  7.37108E-02  2.72031E-01  1.00000E+00  1.00000E+00  6.00543E-05
 2.73711E-01  1.07044E-01  3.71601E-01  1.00000E+00  1.00000E+00  6.00543E-05
 2.73711E-01  1.40377E-01  4.85359E-01  1.00000E+00  1.00000E+00  6.00543E-05
 2.73711E-01  1.73711E-01  6.06237E-01  1.00000E+00  1.00000E+00  6.00543E-05
 2.73711E-01  2.07044E-01  7.24209E-01  1.00000E+00  1.00000E+00  6.00543E-05
 2.73711E-01  2.40377E-01  8.27501E-01  1.00000E+00  1.00000E+00  6.00543E-05
 2.73711E-01  2.73711E-01  9.04459E-01  1.00000E+00  1.00000E+00  6.00543E-05
 2.73711E-01  3.07044E-01  9.45686E-01  1.00000E+00  1.00000E+00  6.00543E-05
 2.73711E-01  3.40377E-01  9.45921E-01  1.00000E+00  1.00000E+00  6.00543E-05
 2.73711E-01  3.73711E-01  9.05138E-01  1.00000E+00  1.00000E+00  6.00543E-05
 2.73711E-01  4.07044E-01  8.28550E-01  1.00000E+00  1.00000E+00  6.00543E-05
 2.73711E-01  4.40377E-01  7.25517E-01  1.00000E+00  1.00000E+00  6.00543E-05
 2.73711E-01  4.73711E-01  6.07677E-01  1.00000E+00  1.00000E+00  6.00543E-05
 2.73711E-01  5.07044E-01  4.86805E-01  1.00000E+00  1.00000E+00  6.00543E-05
 2.73711E-01  5.40377E-01  3.72947E-01  1.00000E+00  1.00000E+00  6.00543E-05
 2.73711E-01  5.73711E-01  2.73198E-01  1.00000E+00  1.00000E+00  6.00543E-05
 2.73711E-01  6.07044E-01  1.91311E-01  1.00000E+00  1.00000E+00  6.00543E-05
 2.73711E-01  6.40377E-01  1.28071E-01  1.00000E+00  1.00000E+00  6.00543E-05
 2.73711E-01  6.73711E-01  8.20156E-02  1.00000E+00  1.00000E+00  6.00543E-05
 2.73711E-01  7.07044E-01  5.01632E-02  1.00000E+00  1.00000E+00  6.00543E-05
 2.73711E-01  7.40377E-01  2.89432E-02  1.00000E+00  1.00000E+00  6.00543E-05
 2.73711E-01  7.73711E-01  1.55601E-02  1.00000E+00  1.00000E+00  6.00543E-05
 2.73711E-01  8.07044E-01  8.89819E-03  1.00000E+00  1.00000E+00  6.00543E-05
 2.73711E-01  8.40377E-01  8.91879E-03  1.00000E+00  1.00000E+00  6.00543E-05
 2.73711E-01  8.73711E-01  1.55162E-02  1.00000E+00  1.00000E+00  6.00543E-05
 2.73711E-01  9.07044E-01  2.87118E-02  1.00000E+00  1.00000E+00  6.00543E-05
 2.73711E-01  9.40377E-01  4.97585E-02  1.00000E+00  1.00000E+00  6.00543E-05
 2.73711E-01  9.73711E-01  8.14758E-02  1.00000E+00  1.00000E+00  6.00543E-05
 3.07044E-01  7.04416E-03  1.33165E-01  1.00000E+00  1.00000E+00  6.00543E-05
 3.07044E-01  4.03775E-02  1.99050E-01  1.00000E+00  1.00000E+00  6.00543E-05
 3.07044E-01  7.37108E-02  2.84430E-01  1.00000E+00  1.00000E+00  6.00543E-05
 3.07044E-01  1.07044E-01  3.88539E-01  1.00000E+00  1.00000E+00  6.00543E-05
 3.07044E-01  1.40377E-01  5.07483E-01  1.00000E+00  1.00000E+00  6.00543E-05
 3.07044E-01  1.73711E-01  6.33870E-01  1.00000E+00  1.00000E+00  6.00543E-05
 3.07044E-01  2.07044E-01  7.57219E-01  1.00000E+00  1.00000E+00  6.00543E-05
 3.07044E-01  2.40377E-01  8.65220E-01  1.00000E+00  1.00000E+00  6.00543E-05
 3.07044E-01  2.73711E-01  9.45686E-01  1.00000E+00  1.00000E+00  6.00543E-05
 3.07044E-01  3.07044E-01  9.88792E-01  1.00000E+00  1.00000E+00  6.00543E-05
 3.07044E-01  3.40377E-01  9.89037E-01  1.00000E+00  1.00000E+00  6.00543E-05
 3.07044E-01  3.73711E-01  9.46395E-01  1.00000E+00  1.00000E+00  6.00543E-05
 3.07044E-01  4.07044E-01  8.66316E-01  1.00000E+00  1.00000E+00  6.00543E-05
 3.07044E-01  4.40377E-01  7.58588E-01  1.00000E+00  1.00000E+00  6.00543E-05
 3.07044E-01  4.73711E-01  6.35376E-01  1.00000E+00  1.00000E+00  6.00543E-05
 3.07044E-01  5.07044E-01  5.08994E-01  1.00000E+00  1.00000E+00  6.00543E-05
 3.07044E-01  5.40377E-01  3.89947E-01  1.00000E+00  1.00000E+00  6.00543E-05
 3.07044E-01  5.73711E-01  2.85651E-01  1.00000E+00  1.00000E+00  6.00543E-05
 3.07044E-01  6.07044E-01  2.00032E-01  1.00000E+00  1.00000E+00  6.00543E-05
 3.07044E-01  6.40377E-01  1.33909E-01  1.00000E+00  1.00000E+00  6.00543E-05
 3.07044E-01  6.73711E-01  8.57538E-02  1.00000E+00  1.00000E+00  6.00543E-05
 3.07044E-01  7.07044E-01  5.24491E-02  1.00000E+00  1.00000E+00  6.00543E-05
 3.07044E-01  7.40377E-01  3.02619E-02  1.00000E+00  1.00000E+00  6.00543E-05
 3.07044E-01  7.73711E-01  1.62694E-02  1.00000E+00  1.00000E+00  6.00543E-05
 3.07044E-01  8.07044E-01  9.30412E-03  1.00000E+00  1.00000E+00  6.00543E-05
 3.07044E-01  8.40377E-01  9.32498E-03  1.00000E+00  1.00000E+00  6.00543E-05
 3.07044E-01  8.73711E-01  1.62228E-02  1.00000E+00  1.00000E+00  6.00543E-05
 3.07044E-01  9.07044E-01  3.00202E-02  1.00000E+00  1.00000E+00  6.00543E-05
 3.07044E-01  9.40377E-01  5.20264E-02  1.00000E+00  1.00000E+00  6.00543E-05
 3.07044E-01  9.73711E-01  8.51896E-02  1.00000E+00  1.00000E+00  6.00543E-05
 3.40377E-01  7.04416E-03  1.33198E-01  1.00000E+00  1.00000E+00  6.00543E-05
 3.40377E-01  4.03775E-02  1.99100E-01  1.00000E+00  1.00000E+00  6.00543E-05
 3.40377E-01  7.37108E-02  2.84501E-01  1.00000E+00  1.00000E+00  6.00543E-05
 3.40377E-01  1.07044E-01  3.88636E-01  1.00000E+00  1.00000E+00  6.00543E-05
 3.40377E-01  1.40377E-01  5.07609E-01  1.00000E+00  1.00000E+00  6.00543E-05
 3.40377E-01  1.73711E-01  6.34028E-01  1.00000E+00  1.00000E+00  6.00543E-05
 3.40377E-01  2.07044E-01  7.57407E-01  1.00000E+00  1.00000E+00  6.00543E-05
 3.40377E-01  2.40377E-01  8.65435E-01  1.00000E+00  1.00000E+00  6.00543E-05
 3.40377E-01  2.73711E-01  9.45921E-01  1.00000E+00  1.00000E+00  6.00543E-05
 3.40377E-01  3.07044E-01  9.89037E-01  1.00000E+00  1.00000E+00  6.00543E-05
 3.40377E-01  3.40377E-01  9.89283E-01  1.00000E+00  1.00000E+00  6.00543E-05
 3.40377E-01  3.73711E-01  9.46631E-01  1.00000E+00  1.00000E+00  6.00543E-05
 3.40377E-01  4.07044E-01  8.66532E-01  1.00000E+00  1.00000E+00  6.00543E-05
 3.40377E-01  4.40377E-01  7.58776E-01  1.00000E+00  1.00000E+00  6.00543E-05
 3.40377E-01  4.73711E-01  6.35534E-01  1.00000E+00  1.00000E+00  6.00543E-05
 3.40377E-01  5.07044E-01  5.09121E-01  1.00000E+00  1.00000E+00  6.00543E-05
 3.40377E-01  5.40377E-01  3.90044E-01  1.00000E+00  1.00000E+00  6.00543E-05
 3.40377E-01  5.73711E-01  2.85722E-01  1.00000E+00  1.00000E+00  6.00543E-05
 3.40377E-01  6.07044E-01  2.00081E-01  1.00000E+00  1.00000E+00  6.00543E-05
 3.40377E-01  6.40377E-01  1.33942E-01  1.00000E+00  1.00000E+00  6.00543E-05
 3.40377E-01  6.73711E-01  8.57751E-02  1.00000E+00  1.00000E+00  6.00543E-05
 3.40377E-01  7.07044E-01  5.24621E-02  1.00000E+00  1.00000E+00  6.00543E-05
 3.40377E-01  7.40377E-01  3.02694E-02  1.00000E+00  1.00000E+00  6.00543E-05
 3.40377E-01  7.73711E-01  1.62734E-02  1.00000E+00  1.00000E+00  6.00543E-05
 3.40377E-01  8.07044E-01  9.30643E-03  1.00000E+00  1.00000E+00  6.00543E-05
 3.40377E-01  8.40377E-01  9.32729E-03  1.00000E+00  1.00000E+00  6.00543E-05
 3.40377E-01  8.73711E-01  1.62268E-02  1.00000E+00  1.00000E+00  6.00543E-05
 3.40377E-01  9.07044E-01  3.00277E-02  1.00000E+00  1.00000E+00  6.00543E-05
 3.40377E-01  9.40377E-01  5.20394E-02  1.00000E+00  1.00000E+00  6.00543E-05
 3.40377E-01  9.73711E-01  8.52107E-02  1.00000E+00  1.00000E+00  6.00543E-05
 3.73711E-01  7.04416E-03  1.27455E-01  1.00000E+00  1.00000E+00  6.00543E-05
 3.73711E-01  4.03775E-02  1.90516E-01  1.00000E+00  1.00000E+00  6.00543E-05
 3.73711E-01  7.37108E-02  2.72235E-01  1.00000E+00  1.00000E+00  6.00543E-05
 3.73711E-01  1.07044E-01  3.71880E-01  1.00000E+00  1.00000E+00  6.00543E-05
 3.73711E-01  1.40377E-01  4.85723E-01  1.00000E+00  1.00000E+00  6.00543E-05
 3.73711E-01  1.73711E-01  6.06692E-01  1.00000E+00  1.00000E+00  6.00543E-05
 3.73711E-01  2.07044E-01  7.24752E-01  1.00000E+00  1.00000E+00  6.00543E-05
 3.73711E-01  2.40377E-01  8.28122E-01  1.00000E+00  1.00000E+00  6.00543E-05
 3.73711E-01  2.73711E-01  9.05138E-01  1.00000E+00  1.00000E+00  6.00543E-05
 3.73711E-01  3.07044E-01  9.46395E-01  1.00000E+00  1.00000E+00  6.00543E-05
 3.73711E-01  3.40377E-01  9.46631E-01  1.00000E+00  1.00000E+00  6.00543E-05
 3.73711E-01  3.73711E-01  9.05817E-01  1.00000E+00  1.00000E+00  6.00543E-05
 3.73711E-01  4.07044E-01  8.29172E-01  1.00000E+00  1.00000E+00  6.00543E-05
 3.73711E-01  4.40377E-01  7.26062E-01  1.00000E+00  1.00000E+00  6.00543E-05
 3.73711E-01  4.73711E-01  6.08133E-01  1.00000E+00  1.00000E+00  6.00543E-05
 3.73711E-01  5.07044E-01  4.87171E-01  1.00000E+00  1.00000E+00  6.00543E-05
 3.73711E-01  5.40377E-01  3.73227E-01  1.00000E+00  1.00000E+00  6.00543E-05
 3.73711E-01  5.73711E-01  2.73403E-01  1.00000E+00  1.00000E+00  6.00543E-05
 3.73711E-01  6.07044E-01  1.91455E-01  1.00000E+00  1.00000E+00  6.00543E-05
 3.73711E-01  6.40377E-01  1.28167E-01  1.00000E+00  1.00000E+00  6.00543E-05
 3.73711E-01  6.73711E-01  8.20772E-02  1.00000E+00  1.00000E+00  6.00543E-05
 3.73711E-01  7.07044E-01  5.02008E-02  1.00000E+00  1.00000E+00  6.00543E-05
 3.73711E-01  7.40377E-01  2.89649E-02  1.00000E+00  1.00000E+00  6.00543E-05
 3.73711E-01  7.73711E-01  1.55717E-02  1.00000E+00  1.00000E+00  6.00543E-05
 3.73711E-01  8.07044E-01  8.90486E-03  1.00000E+00  1.00000E+00  6.00543E-05
 3.73711E-01  8.40377E-01  8.92546E-03  1.00000E+00  1.00000E+00  6.00543E-05
 3.73711E-01  8.73711E-01  1.55278E-02  1.00000E+00  1.00000E+00  6.00543E-05
 3.73711E-01  9.07044E-01  2.87334E-02  1.00000E+00  1.00000E+00  6.00543E-05
 3.73711E-01  9.40377E-01  4.97958E-02  1.00000E+00  1.00000E+00  6.00543E-05
 3.73711E-01  9.73711E-01  8.15370E-02  1.00000E+00  1.00000E+00  6.00543E-05
 4.07044E-01  7.04416E-03  1.16671E-01  1.00000E+00  1.00000E+00  6.00543E-05
 4.07044E-01  4.03775E-02  1.74396E-01  1.00000E+00  1.00000E+00  6.00543E-05
 4.07044E-01  7.37108E-02  2.49200E-01  1.00000E+00  1.00000E+00  6.00543E-05
 4.07044E-01  1.07044E-01  3.40414E-01  1.00000E+00  1.00000E+00  6.00543E-05
 4.07044E-01  1.40377E-01  4.44624E-01  1.00000E+00  1.00000E+00  6.00543E-05
 4.07044E-01  1.73711E-01  5.55357E-01  1.00000E+00  1.00000E+00  6.00543E-05
 4.07044E-01  2.07044E-01  6.63428E-01  1.00000E+00  1.00000E+00  6.00543E-05
 4.07044E-01  2.40377E-01  7.58051E-01  1.00000E+00  1.00000E+00  6.00543E-05
 4.07044E-01  2.73711E-01  8.28550E-01  1.00000E+00  1.00000E+00  6.00543E-05
 4.07044E-01  3.07044E-01  8.66316E-01  1.00000E+00  1.00000E+00  6.00543E-05
 4.07044E-01  3.40377E-01  8.66532E-01  1.00000E+00  1.00000E+00  6.00543E-05
 4.07044E-01  3.73711E-01  8.29172E-01  1.00000E+00  1.00000E+00  6.00543E-05
 4.07044E-01  4.07044E-01  7.59012E-01  1.00000E+00  1.00000E+00  6.00543E-05
 4.07044E-01  4.40377E-01  6.64627E-01  1.00000E+00  1.00000E+00  6.00543E-05
 4.07044E-01  4.73711E-01  5.56676E-01  1.00000E+00  1.00000E+00  6.00543E-05
 4.07044E-01  5.07044E-01  4.45949E-01  1.00000E+00  1.00000E+00  6.00543E-05
 4.07044E-01  5.40377E-01  3.41647E-01  1.00000E+00  1.00000E+00  6.00543E-05
 4.07044E-01  5.73711E-01  2.50269E-01  1.00000E+00  1.00000E+00  6.00543E-05
 4.07044E-01  6.07044E-01  1.75255E-01  1.00000E+00  1.00000E+00  6.00543E-05
 4.07044E-01  6.40377E-01  1.17322E-01  1.00000E+00  1.00000E+00  6.00543E-05
 4.07044E-01  6.73711E-01  7.51327E-02  1.00000E+00  1.00000E+00  6.00543E-05
 4.07044E-01  7.07044E-01  4.59543E-02  1.00000E+00  1.00000E+00  6.00543E-05
 4.07044E-01  7.40377E-01  2.65152E-02  1.00000E+00  1.00000E+00  6.00543E-05
 4.07044E-01  7.73711E-01  1.42540E-02  1.00000E+00  1.00000E+00  6.00543E-05
 4.07044E-01  8.07044E-01  8.15076E-03  1.00000E+00  1.00000E+00  6.00543E-05
 4.07044E-01  8.40377E-01  8.17085E-03  1.00000E+00  1.00000E+00  6.00543E-05
 4.07044E-01  8.73711E-01  1.42152E-02  1.00000E+00  1.00000E+00  6.00543E-05
 4.07044E-01  9.07044E-01  2.63028E-02  1.00000E+00  1.00000E+00  6.00543E-05
 4.07044E-01  9.40377E-01  4.55825E-02  1.00000E+00  1.00000E+00  6.00543E-05
 4.07044E-01  9.73711E-01  7.46380E-02  1.00000E+00  1.00000E+00  6.00543E-05
 4.40377E-01  7.04416E-03  1.02163E-01  1.00000E+00  1.00000E+00  6.00543E-05
 4.40377E-01  4.03775E-02  1.52710E-01  1.00000E+00  1.00000E+00  6.00543E-05
 4.40377E-01  7.37108E-02  2.18212E-01  1.00000E+00  1.00000E+00  6.00543E-05
 4.40377E-01  1.07044E-01  2.98083E-01  1.00000E+00  1.00000E+00  6.00543E-05
 4.40377E-01  1.40377E-01  3.89334E-01  1.00000E+00  1.00000E+00  6.00543E-05
 4.40377E-01  1.73711E-01  4.86297E-01  1.00000E+00  1.00000E+00  6.00543E-05
 4.40377E-01  2.07044E-01  5.80929E-01  1.00000E+00  1.00000E+00  6.00543E-05
 4.40377E-01  2.40377E-01  6.63785E-01  1.00000E+00  1.00000E+00  6.00543E-05
 4.40377E-01  2.73711E-01  7.25517E-01  1.00000E+00  1.00000E+00  6.00543E-05
 4.40377E-01  3.07044E-01  7.58588E-01  1.00000E+00  1.00000E+00  6.00543E-05
 4.40377E-01  3.40377E-01  7.58776E-01  1.00000E+00  1.00000E+00  6.00543E-05
 4.40377E-01  3.73711E-01  7.26062E-01  1.00000E+00  1.00000E+00  6.00543E-05
 4.40377E-01  4.07044E-01  6.64627E-01  1.00000E+00  1.00000E+00  6.00543E-05
 4.40377E-01  4.40377E-01  5.81979E-01  1.00000E+00  1.00000E+00  6.00543E-05
 4.40377E-01  4.73711E-01  4.87452E-01  1.00000E+00  1.00000E+00  6.00543E-05
 4.40377E-01  5.07044E-01  3.90494E-01  1.00000E+00  1.00000E+00  6.00543E-05
 4.40377E-01  5.40377E-01  2.99163E-01  1.00000E+00  1.00000E+00  6.00543E-05
 4.40377E-01  5.73711E-01  2.19148E-01  1.00000E+00  1.00000E+00  6.00543E-05
 4.40377E-01  6.07044E-01  1.53462E-01  1.00000E+00  1.00000E+00  6.00543E-05
 4.40377E-01  6.40377E-01  1.02733E-01  1.00000E+00  1.00000E+00  6.00543E-05
 4.40377E-01  6.73711E-01  6.57904E-02  1.00000E+00  1.00000E+00  6.00543E-05
 4.40377E-01  7.07044E-01  4.02415E-02  1.00000E+00  1.00000E+00  6.00543E-05
 4.40377E-01  7.40377E-01  2.32195E-02  1.00000E+00  1.00000E+00  6.00543E-05
 4.40377E-01  7.73711E-01  1.24812E-02  1.00000E+00  1.00000E+00  6.00543E-05
 4.40377E-01  8.07044E-01  7.13637E-03  1.00000E+00  1.00000E+00  6.00543E-05
 4.40377E-01  8.40377E-01  7.15566E-03  1.00000E+00  1.00000E+00  6.00543E-05
 4.40377E-01  8.73711E-01  1.24492E-02  1.00000E+00  1.00000E+00  6.00543E-05
 4.40377E-01  9.07044E-01  2.30329E-02  1.00000E+00  1.00000E+00  6.00543E-05
 4.40377E-01  9.40377E-01  3.99145E-02  1.00000E+00  1.00000E+00  6.00543E-05
 4.40377E-01  9.73711E-01  6.53568E-02  1.00000E+00  1.00000E+00  6.00543E-05
 4.73711E-01  7.04416E-03  8.55699E-02  1.00000E+00  1.00000E+00  6.00543E-05
 4.73711E-01  4.03775E-02  1.27907E-01  1.00000E+00  1.00000E+00  6.00543E-05
 4.73711E-01  7.37108E-02  1.82770E-01  1.00000E+00  1.00000E+00  6.00543E-05
 4.73711E-01  1.07044E-01  2.49668E-01  1.00000E+00  1.00000E+00  6.00543E-05
 4.73711E-01  1.40377E-01  3.26098E-01  1.00000E+00  1.00000E+00  6.00543E-05
 4.73711E-01  1.73711E-01  4.07312E-01  1.00000E+00  1.00000E+00  6.00543E-05
 4.73711E-01  2.07044E-01  4.86573E-01  1.00000E+00  1.00000E+00  6.00543E-05
 4.73711E-01  2.40377E-01  5.55972E-01  1.00000E+00  1.00000E+00  6.00543E-05
 4.73711E-01  2.73711E-01  6.07677E-01  1.00000E+00  1.00000E+00  6.00543E-05
 4.73711E-01  3.07044E-01  6.35376E-01  1.00000E+00  1.00000E+00  6.00543E-05
 4.73711E-01  3.40377E-01  6.35534E-01  1.00000E+00  1.00000E+00  6.00543E-05
 4.73711E-01  3.73711E-01  6.08133E-01  1.00000E+00  1.00000E+00  6.00543E-05
 4.73711E-01  4.07044E-01  5.56676E-01  1.00000E+00  1.00000E+00  6.00543E-05
 4.73711E-01  4.40377E-01  4.87452E-01  1.00000E+00  1.00000E+00  6.00543E-05
 4.73711E-01  4.73711E-01  4.08279E-01  1.00000E+00  1.00000E+00  6.00543E-05
 4.73711E-01  5.07044E-01  3.27069E-01  1.00000E+00  1.00000E+00  6.00543E-05
 4.73711E-01  5.40377E-01  2.50572E-01  1.00000E+00  1.00000E+00  6.00543E-05
 4.73711E-01  5.73711E-01  1.83554E-01  1.00000E+00  1.00000E+00  6.00543E-05
 4.73711E-01  6.07044E-01  1.28537E-01  1.00000E+00  1.00000E+00  6.00543E-05
 4.73711E-01  6.40377E-01  8.60471E-02  1.00000E+00  1.00000E+00  6.00543E-05
 4.73711E-01  6.73711E-01  5.51054E-02  1.00000E+00  1.00000E+00  6.00543E-05
 4.73711E-01  7.07044E-01  3.37074E-02  1.00000E+00  1.00000E+00  6.00543E-05
 4.73711E-01  7.40377E-01  1.94500E-02  1.00000E+00  1.00000E+00  6.00543E-05
 4.73711E-01  7.73711E-01  1.04538E-02  1.00000E+00  1.00000E+00  6.00543E-05
 4.73711E-01  8.07044E-01  5.97629E-03  1.00000E+00  1.00000E+00  6.00543E-05
 4.73711E-01  8.40377E-01  5.99448E-03  1.00000E+00  1.00000E+00  6.00543E-05
 4.73711E-01  8.73711E-01  1.04293E-02  1.00000E+00  1.00000E+00  6.00543E-05
 4.73711E-01  9.07044E-01  1.92930E-02  1.00000E+00  1.00000E+00  6.00543E-05
 4.73711E-01  9.40377E-01  3.34318E-02  1.00000E+00  1.00000E+00  6.00543E-05
 4.73711E-01  9.73711E-01  5.47418E-02  1.00000E+00  1.00000E+00  6.00543E-05
 5.07044E-01  7.04416E-03  6.85499E-02  1.00000E+00  1.00000E+00  6.00543E-05
 5.07044E-01  4.03775E-02  1.02465E-01  1.00000E+00  1.00000E+00  6.00543E-05
 5.07044E-01  7.37108E-02  1.46416E-01  1.00000E+00  1.00000E+00  6.00543E-05
 5.07044E-01  1.07044E-01  2.00007E-01  1.00000E+00  1.00000E+00  6.00543E-05
 5.07044E-01  1.40377E-01  2.61235E-01  1.00000E+00  1.00000E+00  6.00543E-05
 5.07044E-01  1.73711E-01  3.26294E-01  1.00000E+00  1.00000E+00  6.00543E-05
 5.07044E-01  2.07044E-01  3.89790E-01  1.00000E+00  1.00000E+00  6.00543E-05
 5.07044E-01  2.40377E-01  4.45384E-01  1.00000E+00  1.00000E+00  6.00543E-05
 5.07044E-01  2.73711E-01  4.86805E-01  1.00000E+00  1.00000E+00  6.00543E-05
 5.07044E-01  3.07044E-01  5.08994E-01  1.00000E+00  1.00000E+00  6.00543E-05
 5.07044E-01  3.40377E-01  5.09121E-01  1.00000E+00  1.00000E+00  6.00543E-05
 5.07044E-01  3.73711E-01  4.87171E-01  1.00000E+00  1.00000E+00  6.00543E-05
 5.07044E-01  4.07044E-01  4.45949E-01  1.00000E+00  1.00000E+00  6.00543E-05
 5.07044E-01  4.40377E-01  3.90494E-01  1.00000E+00  1.00000E+00  6.00543E-05
 5.07044E-01  4.73711E-01  3.27069E-01  1.00000E+00  1.00000E+00  6.00543E-05
 5.07044E-01  5.07044E-01  2.62013E-01  1.00000E+00  1.00000E+00  6.00543E-05
 5.07044E-01  5.40377E-01  2.00732E-01  1.00000E+00  1.00000E+00  6.00543E-05
 5.07044E-01  5.73711E-01  1.47044E-01  1.00000E+00  1.00000E+00  6.00543E-05
 5.07044E-01  6.07044E-01  1.02970E-01  1.00000E+00  1.00000E+00  6.00543E-05
 5.07044E-01  6.40377E-01  6.89318E-02  1.00000E+00  1.00000E+00  6.00543E-05
 5.07044E-01  6.73711E-01  4.41454E-02  1.00000E+00  1.00000E+00  6.00543E-05
 5.07044E-01  7.07044E-01  2.70050E-02  1.00000E+00  1.00000E+00  6.00543E-05
 5.07044E-01  7.40377E-01  1.55833E-02  1.00000E+00  1.00000E+00  6.00543E-05
 5.07044E-01  7.73711E-01  8.37415E-03  1.00000E+00  1.00000E+00  6.00543E-05
 5.07044E-01  8.07044E-01  4.78652E-03  1.00000E+00  1.00000E+00  6.00543E-05
 5.07044E-01  8.40377E-01  4.80330E-03  1.00000E+00  1.00000E+00  6.00543E-05
 5.07044E-01  8.73711E-01  8.35705E-03  1.00000E+00  1.00000E+00  6.00543E-05
 5.07044E-01  9.07044E-01  1.54567E-02  1.00000E+00  1.00000E+00  6.00543E-05
 5.07044E-01  9.40377E-01  2.67823E-02  1.00000E+00  1.00000E+00  6.00543E-05
 5.07044E-01  9.73711E-01  4.38536E-02  1.00000E+00  1.00000E+00  6.00543E-05
 5.40377E-01  7.04416E-03  5.25178E-02  1.00000E+00  1.00000E+00  6.00543E-05
 5.40377E-01  4.03775E-02  7.85009E-02  1.00000E+00  1.00000E+00  6.00543E-05
 5.40377E-01  7.37108E-02  1.12172E-01  1.00000E+00  1.00000E+00  6.00543E-05
 5.40377E-01  1.07044E-01  1.53228E-01  1.00000E+00  1.00000E+00  6.00543E-05
 5.40377E-01  1.40377E-01  2.00135E-01  1.00000E+00  1.00000E+00  6.00543E-05
 5.40377E-01  1.73711E-01  2.49978E-01  1.00000E+00  1.00000E+00  6.00543E-05
 5.40377E-01  2.07044E-01  2.98623E-01  1.00000E+00  1.00000E+00  6.00543E-05
 5.40377E-01  2.40377E-01  3.41214E-01  1.00000E+00  1.00000E+00  6.00543E-05
 5.40377E-01  2.73711E-01  3.72947E-01  1.00000E+00  1.00000E+00  6.00543E-05
 5.40377E-01  3.07044E-01  3.89947E-01  1.00000E+00  1.00000E+00  6.00543E-05
 5.40377E-01  3.40377E-01  3.90044E-01  1.00000E+00  1.00000E+00  6.00543E-05
 5.40377E-01  3.73711E-01  3.73227E-01  1.00000E+00  1.00000E+00  6.00543E-05
 5.40377E-01  4.07044E-01  3.41647E-01  1.00000E+00  1.00000E+00  6.00543E-05
 5.40377E-01  4.40377E-01  2.99163E-01  1.00000E+00  1.00000E+00  6.00543E-05
 5.40377E-01  4.73711E-01  2.50572E-01  1.00000E+00  1.00000E+00  6.00543E-05
 5.40377E-01  5.07044E-01  2.00732E-01  1.00000E+00  1.00000E+00  6.00543E-05
 5.40377E-01  5.40377E-01  1.53784E-01  1.00000E+00  1.00000E+00  6.00543E-05
 5.40377E-01  5.73711E-01  1.12653E-01  1.00000E+00  1.00000E+00  6.00543E-05
 5.40377E-01  6.07044E-01  7.88874E-02  1.00000E+00  1.00000E+00  6.00543E-05
 5.40377E-01  6.40377E-01  5.28100E-02  1.00000E+00  1.00000E+00  6.00543E-05
 5.40377E-01  6.73711E-01  3.38215E-02  1.00000E+00  1.00000E+00  6.00543E-05
 5.40377E-01  7.07044E-01  2.06914E-02  1.00000E+00  1.00000E+00  6.00543E-05
 5.40377E-01  7.40377E-01  1.19408E-02  1.00000E+00  1.00000E+00  6.00543E-05
 5.40377E-01  7.73711E-01  6.41541E-03  1.00000E+00  1.00000E+00  6.00543E-05
 5.40377E-01  8.07044E-01  3.66609E-03  1.00000E+00  1.00000E+00  6.00543E-05
 5.40377E-01  8.40377E-01  3.68120E-03  1.00000E+00  1.00000E+00  6.00543E-05
 5.40377E-01  8.73711E-01  6.40489E-03  1.00000E+00  1.00000E+00  6.00543E-05
 5.40377E-01  9.07044E-01  1.18430E-02  1.00000E+00  1.00000E+00  6.00543E-05
 5.40377E-01  9.40377E-01  2.05189E-02  1.00000E+00  1.00000E+00  6.00543E-05
 5.40377E-01  9.73711E-01  3.35975E-02  1.00000E+00  1.00000E+00  6.00543E-05
 5.73711E-01  7.04416E-03  3.84723E-02  1.00000E+00  1.00000E+00  6.00543E-05
 5.73711E-01  4.03775E-02  5.75058E-02  1.00000E+00  1.00000E+00  6.00543E-05
 5.73711E-01  7.37108E-02  8.21707E-02  1.00000E+00  1.00000E+00  6.00543E-05
 5.73711E-01  1.07044E-01  1.12246E-01  1.00000E+00  1.00000E+00  6.00543E-05
 5.73711E-01  1.40377E-01  1.46607E-01  1.00000E+00  1.00000E+00  6.00543E-05
 5.73711E-01  1.73711E-01  1.83119E-01  1.00000E+00  1.00000E+00  6.00543E-05
 5.73711E-01  2.07044E-01  2.18753E-01  1.00000E+00  1.00000E+00  6.00543E-05
 5.73711E-01  2.40377E-01  2.49953E-01  1.00000E+00  1.00000E+00  6.00543E-05
 5.73711E-01  2.73711E-01  2.73198E-01  1.00000E+00  1.00000E+00  6.00543E-05
 5.73711E-01  3.07044E-01  2.85651E-01  1.00000E+00  1.00000E+00  6.00543E-05
 5.73711E-01  3.40377E-01  2.85722E-01  1.00000E+00  1.00000E+00  6.00543E-05
 5.73711E-01  3.73711E-01  2.73403E-01  1.00000E+00  1.00000E+00  6.00543E-05
 5.73711E-01  4.07044E-01  2.50269E-01  1.00000E+00  1.00000E+00  6.00543E-05
 5.73711E-01  4.40377E-01  2.19148E-01  1.00000E+00  1.00000E+00  6.00543E-05
 5.73711E-01  4.73711E-01  1.83554E-01  1.00000E+00  1.00000E+00  6.00543E-05
 5.73711E-01  5.07044E-01  1.47044E-01  1.00000E+00  1.00000E+00  6.00543E-05
 5.73711E-01  5.40377E-01  1.12653E-01  1.00000E+00  1.00000E+00  6.00543E-05
 5.73711E-01  5.73711E-01  8.25238E-02  1.00000E+00  1.00000E+00  6.00543E-05
 5.73711E-01  6.07044E-01  5.77889E-02  1.00000E+00  1.00000E+00  6.00543E-05
 5.73711E-01  6.40377E-01  3.86859E-02  1.00000E+00  1.00000E+00  6.00543E-05
 5.73711E-01  6.73711E-01  2.47768E-02  1.00000E+00  1.00000E+00  6.00543E-05
 5.73711E-01  7.07044E-01  1.51598E-02  1.00000E+00  1.00000E+00  6.00543E-05
 5.73711E-01  7.40377E-01  8.74937E-03  1.00000E+00  1.00000E+00  6.00543E-05
 5.73711E-01  7.73711E-01  4.69949E-03  1.00000E+00  1.00000E+00  6.00543E-05
 5.73711E-01  8.07044E-01  2.68477E-03  1.00000E+00  1.00000E+00  6.00543E-05
 5.73711E-01  8.40377E-01  2.69800E-03  1.00000E+00  1.00000E+00  6.00543E-05
 5.73711E-01  8.73711E-01  4.69426E-03  1.00000E+00  1.00000E+00  6.00543E-05
 5.73711E-01  9.07044E-01  8.67693E-03  1.00000E+00  1.00000E+00  6.00543E-05
 5.73711E-01  9.40377E-01  1.50316E-02  1.00000E+00  1.00000E+00  6.00543E-05
 5.73711E-01  9.73711E-01  2.46122E-02  1.00000E+00  1.00000E+00  6.00543E-05
 6.07044E-01  7.04416E-03  2.69411E-02  1.00000E+00  1.00000E+00  6.00543E-05
 6.07044E-01  4.03775E-02  4.02695E-02  1.00000E+00  1.00000E+00  6.00543E-05
 6.07044E-01  7.37108E-02  5.75414E-02  1.00000E+00  1.00000E+00  6.00543E-05
 6.07044E-01  1.07044E-01  7.86023E-02  1.00000E+00  1.00000E+00  6.00543E-05
 6.07044E-01  1.40377E-01  1.02664E-01  1.00000E+00  1.00000E+00  6.00543E-05
 6.07044E-01  1.73711E-01  1.28232E-01  1.00000E+00  1.00000E+00  6.00543E-05
 6.07044E-01  2.07044E-01  1.53185E-01  1.00000E+00  1.00000E+00  6.00543E-05
 6.07044E-01  2.40377E-01  1.75033E-01  1.00000E+00  1.00000E+00  6.00543E-05
 6.07044E-01  2.73711E-01  1.91311E-01  1.00000E+00  1.00000E+00  6.00543E-05
 6.07044E-01  3.07044E-01  2.00032E-01  1.00000E+00  1.00000E+00  6.00543E-05
 6.07044E-01  3.40377E-01  2.00081E-01  1.00000E+00  1.00000E+00  6.00543E-05
 6.07044E-01  3.73711E-01  1.91455E-01  1.00000E+00  1.00000E+00  6.00543E-05
 6.07044E-01  4.07044E-01  1.75255E-01  1.00000E+00  1.00000E+00  6.00543E-05
 6.07044E-01  4.40377E-01  1.53462E-01  1.00000E+00  1.00000E+00  6.00543E-05
 6.07044E-01  4.73711E-01  1.28537E-01  1.00000E+00  1.00000E+00  6.00543E-05
 6.07044E-01  5.07044E-01  1.02970E-01  1.00000E+00  1.00000E+00  6.00543E-05
 6.07044E-01  5.40377E-01  7.88874E-02  1.00000E+00  1.00000E+00  6.00543E-05
 6.07044E-01  5.73711E-01  5.77889E-02  1.00000E+00  1.00000E+00  6.00543E-05
 6.07044E-01  6.07044E-01  4.04677E-02  1.00000E+00  1.00000E+00  6.00543E-05
 6.07044E-01  6.40377E-01  2.70903E-02  1.00000E+00  1.00000E+00  6.00543E-05
 6.07044E-01  6.73711E-01  1.73509E-02  1.00000E+00  1.00000E+00  6.00543E-05
 6.07044E-01  7.07044E-01  1.06177E-02  1.00000E+00  1.00000E+00  6.00543E-05
 6.07044E-01  7.40377E-01  6.12855E-03  1.00000E+00  1.00000E+00  6.00543E-05
 6.07044E-01  7.73711E-01  3.29051E-03  1.00000E+00  1.00000E+00  6.00543E-05
 6.07044E-01  8.07044E-01  1.87909E-03  1.00000E+00  1.00000E+00  6.00543E-05
 6.07044E-01  8.40377E-01  1.89033E-03  1.00000E+00  1.00000E+00  6.00543E-05
 6.07044E-01  8.73711E-01  3.28913E-03  1.00000E+00  1.00000E+00  6.00543E-05
 6.07044E-01  9.07044E-01  6.07708E-03  1.00000E+00  1.00000E+00  6.00543E-05
 6.07044E-01  9.40377E-01  1.05262E-02  1.00000E+00  1.00000E+00  6.00543E-05
 6.07044E-01  9.73711E-01  1.72352E-02  1.00000E+00  1.00000E+00  6.00543E-05
 6.40377E-01  7.04416E-03  1.80353E-02  1.00000E+00  1.00000E+00  6.00543E-05
 6.40377E-01  4.03775E-02  2.69578E-02  1.00000E+00  1.00000E+00  6.00543E-05
 6.40377E-01  7.37108E-02  3.85201E-02  1.00000E+00  1.00000E+00  6.00543E-05
 6.40377E-01  1.07044E-01  5.26190E-02  1.00000E+00  1.00000E+00  6.00543E-05
 6.40377E-01  1.40377E-01  6.87269E-02  1.00000E+00  1.00000E+00  6.00543E-05
 6.40377E-01  1.73711E-01  8.58430E-02  1.00000E+00  1.00000E+00  6.00543E-05
 6.40377E-01  2.07044E-01  1.02548E-01  1.00000E+00  1.00000E+00  6.00543E-05
 6.40377E-01  2.40377E-01  1.17174E-01  1.00000E+00  1.00000E+00  6.00543E-05
 6.40377E-01  2.73711E-01  1.28071E-01  1.00000E+00  1.00000E+00  6.00543E-05
 6.40377E-01  3.07044E-01  1.33909E-01  1.00000E+00  1.00000E+00  6.00543E-05
 6.40377E-01  3.40377E-01  1.33942E-01  1.00000E+00  1.00000E+00  6.00543E-05
 6.40377E-01  3.73711E-01  1.28167E-01  1.00000E+00  1.00000E+00  6.00543E-05
 6.40377E-01  4.07044E-01  1.17322E-01  1.00000E+00  1.00000E+00  6.00543E-05
 6.40377E-01  4.40377E-01  1.02733E-01  1.00000E+00  1.00000E+00  6.00543E-05
 6.40377E-01  4.73711E-01  8.60471E-02  1.00000E+00  1.00000E+00  6.00543E-05
 6.40377E-01  5.07044E-01  6.89318E-02  1.00000E+00  1.00000E+00  6.00543E-05
 6.40377E-01  5.40377E-01  5.28100E-02  1.00000E+00  1.00000E+00  6.00543E-05
 6.40377E-01  5.73711E-01  3.86859E-02  1.00000E+00  1.00000E+00  6.00543E-05
 6.40377E-01  6.07044E-01  2.70903E-02  1.00000E+00  1.00000E+00  6.00543E-05
 6.40377E-01  6.40377E-01  1.81349E-02  1.00000E+00  1.00000E+00  6.00543E-05
 6.40377E-01  6.73711E-01  1.16155E-02  1.00000E+00  1.00000E+00  6.00543E-05
 6.40377E-01  7.07044E-01  7.10926E-03  1.00000E+00  1.00000E+00  6.00543E-05
 6.40377E-01  7.40377E-01  4.10392E-03  1.00000E+00  1.00000E+00  6.00543E-05
 6.40377E-01  7.73711E-01  2.20229E-03  1.00000E+00  1.00000E+00  6.00543E-05
 6.40377E-01  8.07044E-01  1.25700E-03  1.00000E+00  1.00000E+00  6.00543E-05
 6.40377E-01  8.40377E-01  1.26623E-03  1.00000E+00  1.00000E+00  6.00543E-05
 6.40377E-01  8.73711E-01  2.20335E-03  1.00000E+00  1.00000E+00  6.00543E-05
 6.40377E-01  9.07044E-01  4.06882E-03  1.00000E+00  1.00000E+00  6.00543E-05
 6.40377E-01  9.40377E-01  7.04651E-03  1.00000E+00  1.00000E+00  6.00543E-05
 6.40377E-01  9.73711E-01  1.15377E-02  1.00000E+00  1.00000E+00  6.00543E-05
 6.73711E-01  7.04416E-03  1.15520E-02  1.00000E+00  1.00000E+00  6.00543E-05
 6.73711E-01  4.03775E-02  1.72660E-02  1.00000E+00  1.00000E+00  6.00543E-05
 6.73711E-01  7.37108E-02  2.46704E-02  1.00000E+00  1.00000E+00  6.00543E-05
 6.73711E-01  1.07044E-01  3.36991E-02  1.00000E+00  1.00000E+00  6.00543E-05
 6.73711E-01  1.40377E-01  4.40141E-02  1.00000E+00  1.00000E+00  6.00543E-05
 6.73711E-01  1.73711E-01  5.49747E-02  1.00000E+00  1.00000E+00  6.00543E-05
 6.73711E-01  2.07044E-01  6.56717E-02  1.00000E+00  1.00000E+00  6.00543E-05
 6.73711E-01  2.40377E-01  7.50376E-02  1.00000E+00  1.00000E+00  6.00543E-05
 6.73711E-01  2.73711E-01  8.20156E-02  1.00000E+00  1.00000E+00  6.00543E-05
 6.73711E-01  3.07044E-01  8.57538E-02  1.00000E+00  1.00000E+00  6.00543E-05
 6.73711E-01  3.40377E-01  8.57751E-02  1.00000E+00  1.00000E+00  6.00543E-05
 6.73711E-01  3.73711E-01  8.20772E-02  1.00000E+00  1.00000E+00  6.00543E-05
 6.73711E-01  4.07044E-01  7.51327E-02  1.00000E+00  1.00000E+00  6.00543E-05
 6.73711E-01  4.40377E-01  6.57904E-02  1.00000E+00  1.00000E+00  6.00543E-05
 6.73711E-01  4.73711E-01  5.51054E-02  1.00000E+00  1.00000E+00  6.00543E-05
 6.73711E-01  5.07044E-01  4.41454E-02  1.00000E+00  1.00000E+00  6.00543E-05
 6.73711E-01  5.40377E-01  3.38215E-02  1.00000E+00  1.00000E+00  6.00543E-05
 6.73711E-01  5.73711E-01  2.47768E-02  1.00000E+00  1.00000E+00  6.00543E-05
 6.73711E-01  6.07044E-01  1.73509E-02  1.00000E+00  1.00000E+00  6.00543E-05
 6.73711E-01  6.40377E-01  1.16155E-02  1.00000E+00  1.00000E+00  6.00543E-05
 6.73711E-01  6.73711E-01  7.44084E-03  1.00000E+00  1.00000E+00  6.00543E-05
 6.73711E-01  7.07044E-01  4.55572E-03  1.00000E+00  1.00000E+00  6.00543E-05
 6.73711E-01  7.40377E-01  2.63061E-03  1.00000E+00  1.00000E+00  6.00543E-05
 6.73711E-01  7.73711E-01  1.41098E-03  1.00000E+00  1.00000E+00  6.00543E-05
 6.73711E-01  8.07044E-01  8.05085E-04  1.00000E+00  1.00000E+00  6.00543E-05
 6.73711E-01  8.40377E-01  8.12417E-04  1.00000E+00  1.00000E+00  6.00543E-05
 6.73711E-01  8.73711E-01  1.41333E-03  1.00000E+00  1.00000E+00  6.00543E-05
 6.73711E-01  9.07044E-01  2.60757E-03  1.00000E+00  1.00000E+00  6.00543E-05
 6.73711E-01  9.40377E-01  4.51423E-03  1.00000E+00  1.00000E+00  6.00543E-05
 6.73711E-01  9.73711E-01  7.39071E-03  1.00000E+00  1.00000E+00  6.00543E-05
 7.07044E-01  7.04416E-03  7.07067E-03  1.00000E+00  1.00000E+00  6.00543E-05
 7.07044E-01  4.03775E-02  1.05659E-02  1.00000E+00  1.00000E+00  6.00543E-05
 7.07044E-01  7.37108E-02  1.50946E-02  1.00000E+00  1.00000E+00  6.00543E-05
 7.07044E-01  1.07044E-01  2.06164E-02  1.00000E+00  1.00000E+00  6.00543E-05
 7.07044E-01  1.40377E-01  2.69247E-02  1.00000E+00  1.00000E+00  6.00543E-05
 7.07044E-01  1.73711E-01  3.36274E-02  1.00000E+00  1.00000E+00  6.00543E-05
 7.07044E-01  2.07044E-01  4.01688E-02  1.00000E+00  1.00000E+00  6.00543E-05
 7.07044E-01  2.40377E-01  4.58961E-02  1.00000E+00  1.00000E+00  6.00543E-05
 7.07044E-01  2.73711E-01  5.01632E-02  1.00000E+00  1.00000E+00  6.00543E-05
 7.07044E-01  3.07044E-01  5.24491E-02  1.00000E+00  1.00000E+00  6.00543E-05
 7.07044E-01  3.40377E-01  5.24621E-02  1.00000E+00  1.00000E+00  6.00543E-05
 7.07044E-01  3.73711E-01  5.02008E-02  1.00000E+00  1.00000E+00  6.00543E-05
 7.07044E-01  4.07044E-01  4.59543E-02  1.00000E+00  1.00000E+00  6.00543E-05
 7.07044E-01  4.40377E-01  4.02415E-02  1.00000E+00  1.00000E+00  6.00543E-05
 7.07044E-01  4.73711E-01  3.37074E-02  1.00000E+00  1.00000E+00  6.00543E-05
 7.07044E-01  5.07044E-01  2.70050E-02  1.00000E+00  1.00000E+00  6.00543E-05
 7.07044E-01  5.40377E-01  2.06914E-02  1.00000E+00  1.00000E+00  6.00543E-05
 7.07044E-01  5.73711E-01  1.51598E-02  1.00000E+00  1.00000E+00  6.00543E-05
 7.07044E-01  6.07044E-01  1.06177E-02  1.00000E+00  1.00000E+00  6.00543E-05
 7.07044E-01  6.40377E-01  7.10926E-03  1.00000E+00  1.00000E+00  6.00543E-05
 7.07044E-01  6.73711E-01  4.55572E-03  1.00000E+00  1.00000E+00  6.00543E-05
 7.07044E-01  7.07044E-01  2.79116E-03  1.00000E+00  1.00000E+00  6.00543E-05
 7.07044E-01  7.40377E-01  1.61275E-03  1.00000E+00  1.00000E+00  6.00543E-05
 7.07044E-01  7.73711E-01  8.64842E-04  1.00000E+00  1.00000E+00  6.00543E-05
 7.07044E-01  8.07044E-01  4.93555E-04  1.00000E+00  1.00000E+00  6.00543E-05
 7.07044E-01  8.40377E-01  4.99161E-04  1.00000E+00  1.00000E+00  6.00543E-05
 7.07044E-01  8.73711E-01  8.67606E-04  1.00000E+00  1.00000E+00  6.00543E-05
 7.07044E-01  9.07044E-01  1.59821E-03  1.00000E+00  1.00000E+00  6.00543E-05
 7.07044E-01  9.40377E-01  2.76473E-03  1.00000E+00  1.00000E+00  6.00543E-05
 7.07044E-01  9.73711E-01  4.52480E-03  1.00000E+00  1.00000E+00  6.00543E-05
 7.40377E-01  7.04416E-03  4.08184E-03  1.00000E+00  1.00000E+00  6.00543E-05
 7.40377E-01  4.03775E-02  6.09866E-03  1.00000E+00  1.00000E+00  6.00543E-05
 7.40377E-01  7.37108E-02  8.71166E-03  1.00000E+00  1.00000E+00  6.00543E-05
 7.40377E-01  1.07044E-01  1.18975E-02  1.00000E+00  1.00000E+00  6.00543E-05
 7.40377E-01  1.40377E-01  1.55369E-02  1.00000E+00  1.00000E+00  6.00543E-05
 7.40377E-01  1.73711E-01  1.94038E-02  1.00000E+00  1.00000E+00  6.00543E-05
 7.40377E-01  2.07044E-01  2.31776E-02  1.00000E+00  1.00000E+00  6.00543E-05
 7.40377E-01  2.40377E-01  2.64816E-02  1.00000E+00  1.00000E+00  6.00543E-05
 7.40377E-01  2.73711E-01  2.89432E-02  1.00000E+00  1.00000E+00  6.00543E-05
 7.40377E-01  3.07044E-01  3.02619E-02  1.00000E+00  1.00000E+00  6.00543E-05
 7.40377E-01  3.40377E-01  3.02694E-02  1.00000E+00  1.00000E+00  6.00543E-05
 7.40377E-01  3.73711E-01  2.89649E-02  1.00000E+00  1.00000E+00  6.00543E-05
 7.40377E-01  4.07044E-01  2.65152E-02  1.00000E+00  1.00000E+00  6.00543E-05
 7.40377E-01  4.40377E-01  2.32195E-02  1.00000E+00  1.00000E+00  6.00543E-05
 7.40377E-01  4.73711E-01  1.94500E-02  1.00000E+00  1.00000E+00  6.00543E-05
 7.40377E-01  5.07044E-01  1.55833E-02  1.00000E+00  1.00000E+00  6.00543E-05
 7.40377E-01  5.40377E-01  1.19408E-02  1.00000E+00  1.00000E+00  6.00543E-05
 7.40377E-01  5.73711E-01  8.74937E-03  1.00000E+00  1.00000E+00  6.00543E-05
 7.40377E-01  6.07044E-01  6.12855E-03  1.00000E+00  1.00000E+00  6.00543E-05
 7.40377E-01  6.40377E-01  4.10392E-03  1.00000E+00  1.00000E+00  6.00543E-05
 7.40377E-01  6.73711E-01  2.63061E-03  1.00000E+00  1.00000E+00  6.00543E-05
 7.40377E-01  7.07044E-01  1.61275E-03  1.00000E+00  1.00000E+00  6.00543E-05
 7.40377E-01  7.40377E-01  9.32342E-04  1.00000E+00  1.00000E+00  6.00543E-05
 7.40377E-01  7.73711E-01  4.99594E-04  1.00000E+00  1.00000E+00  6.00543E-05
 7.40377E-01  8.07044E-01  2.85036E-04  1.00000E+00  1.00000E+00  6.00543E-05
 7.40377E-01  8.40377E-01  2.89080E-04  1.00000E+00  1.00000E+00  6.00543E-05
 7.40377E-01  8.73711E-01  5.02163E-04  1.00000E+00  1.00000E+00  6.00543E-05
 7.40377E-01  9.07044E-01  9.23618E-04  1.00000E+00  1.00000E+00  6.00543E-05
 7.40377E-01  9.40377E-01  1.59670E-03  1.00000E+00  1.00000E+00  6.00543E-05
 7.40377E-01  9.73711E-01  2.61258E-03  1.00000E+00  1.00000E+00  6.00543E-05
 7.73711E-01  7.04416E-03  2.19056E-03  1.00000E+00  1.00000E+00  6.00543E-05
 7.73711E-01  4.03775E-02  3.27446E-03  1.00000E+00  1.00000E+00  6.00543E-05
 7.73711E-01  7.37108E-02  4.67912E-03  1.00000E+00  1.00000E+00  6.00543E-05
 7.73711E-01  1.07044E-01  6.39208E-03  1.00000E+00  1.00000E+00  6.00543E-05
 7.73711E-01  1.40377E-01  8.34923E-03  1.00000E+00  1.00000E+00  6.00543E-05
 7.73711E-01  1.73711E-01  1.04289E-02  1.00000E+00  1.00000E+00  6.00543E-05
 7.73711E-01  2.07044E-01  1.24587E-02  1.00000E+00  1.00000E+00  6.00543E-05
 7.73711E-01  2.40377E-01  1.42359E-02  1.00000E+00  1.00000E+00  6.00543E-05
 7.73711E-01  2.73711E-01  1.55601E-02  1.00000E+00  1.00000E+00  6.00543E-05
 7.73711E-01  3.07044E-01  1.62694E-02  1.00000E+00  1.00000E+00  6.00543E-05
 7.73711E-01  3.40377E-01  1.62734E-02  1.00000E+00  1.00000E+00  6.00543E-05
 7.73711E-01  3.73711E-01  1.55717E-02  1.00000E+00  1.00000E+00  6.00543E-05
 7.73711E-01  4.07044E-01  1.42540E-02  1.00000E+00  1.00000E+00  6.00543E-05
 7.73711E-01  4.40377E-01  1.24812E-02  1.00000E+00  1.00000E+00  6.00543E-05
 7.73711E-01  4.73711E-01  1.04538E-02  1.00000E+00  1.00000E+00  6.00543E-05
 7.73711E-01  5.07044E-01  8.37415E-03  1.00000E+00  1.00000E+00  6.00543E-05
 7.73711E-01  5.40377E-01  6.41541E-03  1.00000E+00  1.00000E+00  6.00543E-05
 7.73711E-01  5.73711E-01  4.69949E-03  1.00000E+00  1.00000E+00  6.00543E-05
 7.73711E-01  6.07044E-01  3.29051E-03  1.00000E+00  1.00000E+00  6.00543E-05
 7.73711E-01  6.40377E-01  2.20229E-03  1.00000E+00  1.00000E+00  6.00543E-05
 7.73711E-01  6.73711E-01  1.41098E-03  1.00000E+00  1.00000E+00  6.00543E-05
 7.73711E-01  7.07044E-01  8.64842E-04  1.00000E+00  1.00000E+00  6.00543E-05
 7.73711E-01  7.40377E-01  4.99594E-04  1.00000E+00  1.00000E+00  6.00543E-05
 7.73711E-01  7.73711E-01  2.66965E-04  1.00000E+00  1.00000E+00  6.00543E-05
 7.73711E-01  8.07044E-01  1.51985E-04  1.00000E+00  1.00000E+00  6.00543E-05
 7.73711E-01  8.40377E-01  1.54697E-04  1.00000E+00  1.00000E+00  6.00543E-05
 7.73711E-01  8.73711E-01  2.69019E-04  1.00000E+00  1.00000E+00  6.00543E-05
 7.73711E-01  9.07044E-01  4.94685E-04  1.00000E+00  1.00000E+00  6.00543E-05
 7.73711E-01  9.40377E-01  8.55652E-04  1.00000E+00  1.00000E+00  6.00543E-05
 7.73711E-01  9.73711E-01  1.40117E-03  1.00000E+00  1.00000E+00  6.00543E-05
 8.07044E-01  7.04416E-03  1.25040E-03  1.00000E+00  1.00000E+00  6.00543E-05
 8.07044E-01  4.03775E-02  1.86992E-03  1.00000E+00  1.00000E+00  6.00543E-05
 8.07044E-01  7.37108E-02  2.67306E-03  1.00000E+00  1.00000E+00  6.00543E-05
 8.07044E-01  1.07044E-01  3.65272E-03  1.00000E+00  1.00000E+00  6.00543E-05
 8.07044E-01  1.40377E-01  4.77227E-03  1.00000E+00  1.00000E+00  6.00543E-05
 8.07044E-01  1.73711E-01  5.96210E-03  1.00000E+00  1.00000E+00  6.00543E-05
 8.07044E-01  2.07044E-01  7.12348E-03  1.00000E+00  1.00000E+00  6.00543E-05
 8.07044E-01  2.40377E-01  8.14045E-03  1.00000E+00  1.00000E+00  6.00543E-05
 8.07044E-01  2.73711E-01  8.89819E-03  1.00000E+00  1.00000E+00  6.00543E-05
 8.07044E-01  3.07044E-01  9.30412E-03  1.00000E+00  1.00000E+00  6.00543E-05
 8.07044E-01  3.40377E-01  9.30643E-03  1.00000E+00  1.00000E+00  6.00543E-05
 8.07044E-01  3.73711E-01  8.90486E-03  1.00000E+00  1.00000E+00  6.00543E-05
 8.07044E-01  4.07044E-01  8.15076E-03  1.00000E+00  1.00000E+00  6.00543E-05
 8.07044E-01  4.40377E-01  7.13637E-03  1.00000E+00  1.00000E+00  6.00543E-05
 8.07044E-01  4.73711E-01  5.97629E-03  1.00000E+00  1.00000E+00  6.00543E-05
 8.07044E-01  5.07044E-01  4.78652E-03  1.00000E+00  1.00000E+00  6.00543E-05
 8.07044E-01  5.40377E-01  3.66609E-03  1.00000E+00  1.00000E+00  6.00543E-05
 8.07044E-01  5.73711E-01  2.68477E-03  1.00000E+00  1.00000E+00  6.00543E-05
 8.07044E-01  6.07044E-01  1.87909E-03  1.00000E+00  1.00000E+00  6.00543E-05
 8.07044E-01  6.40377E-01  1.25700E-03  1.00000E+00  1.00000E+00  6.00543E-05
 8.07044E-01  6.73711E-01  8.05085E-04  1.00000E+00  1.00000E+00  6.00543E-05
 8.07044E-01  7.07044E-01  4.93555E-04  1.00000E+00  1.00000E+00  6.00543E-05
 8.07044E-01  7.40377E-01  2.85036E-04  1.00000E+00  1.00000E+00  6.00543E-05
 8.07044E-01  7.73711E-01  1.51985E-04  1.00000E+00  1.00000E+00  6.00543E-05
 8.07044E-01  8.07044E-01  8.64855E-05  1.00000E+00  1.00000E+00  6.00543E-05
 8.07044E-01  8.40377E-01  8.83989E-05  1.00000E+00  1.00000E+00  6.00543E-05
 8.07044E-01  8.73711E-01  1.53633E-04  1.00000E+00  1.00000E+00  6.00543E-05
 8.07044E-01  9.07044E-01  2.82083E-04  1.00000E+00  1.00000E+00  6.00543E-05
 8.07044E-01  9.40377E-01  4.87887E-04  1.00000E+00  1.00000E+00  6.00543E-05
 8.07044E-01  9.73711E-01  7.99372E-04  1.00000E+00  1.00000E+00  6.00543E-05
 8.40377E-01  7.04416E-03  1.25961E-03  1.00000E+00  1.00000E+00  6.00543E-05
 8.40377E-01  4.03775E-02  1.88114E-03  1.00000E+00  1.00000E+00  6.00543E-05
 8.40377E-01  7.37108E-02  2.68626E-03  1.00000E+00  1.00000E+00  6.00543E-05
 8.40377E-01  1.07044E-01  3.66781E-03  1.00000E+00  1.00000E+00  6.00543E-05
 8.40377E-01  1.40377E-01  4.78903E-03  1.00000E+00  1.00000E+00  6.00543E-05
 8.40377E-01  1.73711E-01  5.98027E-03  1.00000E+00  1.00000E+00  6.00543E-05
 8.40377E-01  2.07044E-01  7.14276E-03  1.00000E+00  1.00000E+00  6.00543E-05
 8.40377E-01  2.40377E-01  8.16054E-03  1.00000E+00  1.00000E+00  6.00543E-05
 8.40377E-01  2.73711E-01  8.91879E-03  1.00000E+00  1.00000E+00  6.00543E-05
 8.40377E-01  3.07044E-01  9.32498E-03  1.00000E+00  1.00000E+00  6.00543E-05
 8.40377E-01  3.40377E-01  9.32729E-03  1.00000E+00  1.00000E+00  6.00543E-05
 8.40377E-01  3.73711E-01  8.92546E-03  1.00000E+00  1.00000E+00  6.00543E-05
 8.40377E-01  4.07044E-01  8.17085E-03  1.00000E+00  1.00000E+00  6.00543E-05
 8.40377E-01  4.40377E-01  7.15566E-03  1.00000E+00  1.00000E+00  6.00543E-05
 8.40377E-01  4.73711E-01  5.99448E-03  1.00000E+00  1.00000E+00  6.00543E-05
 8.40377E-01  5.07044E-01  4.80330E-03  1.00000E+00  1.00000E+00  6.00543E-05
 8.40377E-01  5.40377E-01  3.68120E-03  1.00000E+00  1.00000E+00  6.00543E-05
 8.40377E-01  5.73711E-01  2.69800E-03  1.00000E+00  1.00000E+00  6.00543E-05
 8.40377E-01  6.07044E-01  1.89033E-03  1.00000E+00  1.00000E+00  6.00543E-05
 8.40377E-01  6.40377E-01  1.26623E-03  1.00000E+00  1.00000E+00  6.00543E-05
 8.40377E-01  6.73711E-01  8.12417E-04  1.00000E+00  1.00000E+00  6.00543E-05
 8.40377E-01  7.07044E-01  4.99161E-04  1.00000E+00  1.00000E+00  6.00543E-05
 8.40377E-01  7.40377E-01  2.89080E-04  1.00000E+00  1.00000E+00  6.00543E-05
 8.40377E-01  7.73711E-01  1.54697E-04  1.00000E+00  1.00000E+00  6.00543E-05
 8.40377E-01  8.07044E-01  8.83989E-05  1.00000E+00  1.00000E+00  6.00543E-05
 8.40377E-01  8.40377E-01  9.03436E-05  1.00000E+00  1.00000E+00  6.00543E-05
 8.40377E-01  8.73711E-01  1.56376E-04  1.00000E+00  1.00000E+00  6.00543E-05
 8.40377E-01  9.07044E-01  2.86100E-04  1.00000E+00  1.00000E+00  6.00543E-05
 8.40377E-01  9.40377E-01  4.93445E-04  1.00000E+00  1.00000E+00  6.00543E-05
 8.40377E-01  9.73711E-01  8.06673E-04  1.00000E+00  1.00000E+00  6.00543E-05
 8.73711E-01  7.04416E-03  2.19165E-03  1.00000E+00  1.00000E+00  6.00543E-05
 8.73711E-01  4.03775E-02  3.27312E-03  1.00000E+00  1.00000E+00  6.00543E-05
 8.73711E-01  7.37108E-02  4.67396E-03  1.00000E+00  1.00000E+00  6.00543E-05
 8.73711E-01  1.07044E-01  6.38163E-03  1.00000E+00  1.00000E+00  6.00543E-05
 8.73711E-01  1.40377E-01  8.33221E-03  1.00000E+00  1.00000E+00  6.00543E-05
 8.73711E-01  1.73711E-01  1.04045E-02  1.00000E+00  1.00000E+00  6.00543E-05
 8.73711E-01  2.07044E-01  1.24268E-02  1.00000E+00  1.00000E+00  6.00543E-05
 8.73711E-01  2.40377E-01  1.41972E-02  1.00000E+00  1.00000E+00  6.00543E-05
 8.73711E-01  2.73711E-01  1.55162E-02  1.00000E+00  1.00000E+00  6.00543E-05
 8.73711E-01  3.07044E-01  1.62228E-02  1.00000E+00  1.00000E+00  6.00543E-05
 8.73711E-01  3.40377E-01  1.62268E-02  1.00000E+00  1.00000E+00  6.00543E-05
 8.73711E-01  3.73711E-01  1.55278E-02  1.00000E+00  1.00000E+00  6.00543E-05
 8.73711E-01  4.07044E-01  1.42152E-02  1.00000E+00  1.00000E+00  6.00543E-05
 8.73711E-01  4.40377E-01  1.24492E-02  1.00000E+00  1.00000E+00  6.00543E-05
 8.73711E-01  4.73711E-01  1.04293E-02  1.00000E+00  1.00000E+00  6.00543E-05
 8.73711E-01  5.07044E-01  8.35705E-03  1.00000E+00  1.00000E+00  6.00543E-05
 8.73711E-01  5.40377E-01  6.40489E-03  1.00000E+00  1.00000E+00  6.00543E-05
 8.73711E-01  5.73711E-01  4.69426E-03  1.00000E+00  1.00000E+00  6.00543E-05
 8.73711E-01  6.07044E-01  3.28913E-03  1.00000E+00  1.00000E+00  6.00543E-05
 8.73711E-01  6.40377E-01  2.20335E-03  1.00000E+00  1.00000E+00  6.00543E-05
 8.73711E-01  6.73711E-01  1.41333E-03  1.00000E+00  1.00000E+00  6.00543E-05
 8.73711E-01  7.07044E-01  8.67606E-04  1.00000E+00  1.00000E+00  6.00543E-05
 8.73711E-01  7.40377E-01  5.02163E-04  1.00000E+00  1.00000E+00  6.00543E-05
 8.73711E-01  7.73711E-01  2.69019E-04  1.00000E+00  1.00000E+00  6.00543E-05
 8.73711E-01  8.07044E-01  1.53633E-04  1.00000E+00  1.00000E+00  6.00543E-05
 8.73711E-01  8.40377E-01  1.56376E-04  1.00000E+00  1.00000E+00  6.00543E-05
 8.73711E-01  8.73711E-01  2.71114E-04  1.00000E+00  1.00000E+00  6.00543E-05
 8.73711E-01  9.07044E-01  4.97247E-04  1.00000E+00  1.00000E+00  6.00543E-05
 8.73711E-01  9.40377E-01  8.58393E-04  1.00000E+00  1.00000E+00  6.00543E-05
 8.73711E-01  9.73711E-01  1.40351E-03  1.00000E+00  1.00000E+00  6.00543E-05
 9.07044E-01  7.04416E-03  4.04691E-03  1.00000E+00  1.00000E+00  6.00543E-05
 9.07044E-01  4.03775E-02  6.04743E-03  1.00000E+00  1.00000E+00  6.00543E-05
 9.07044E-01  7.37108E-02  8.63952E-03  1.00000E+00  1.00000E+00  6.00543E-05
 9.07044E-01  1.07044E-01  1.18000E-02  1.00000E+00  1.00000E+00  6.00543E-05
 9.07044E-01  1.40377E-01  1.54107E-02  1.00000E+00  1.00000E+00  6.00543E-05
 9.07044E-01  1.73711E-01  1.92472E-02  1.00000E+00  1.00000E+00  6.00543E-05
 9.07044E-01  2.07044E-01  2.29913E-02  1.00000E+00  1.00000E+00  6.00543E-05
 9.07044E-01  2.40377E-01  2.62695E-02  1.00000E+00  1.00000E+00  6.00543E-05
 9.07044E-01  2.73711E-01  2.87118E-02  1.00000E+00  1.00000E+00  6.00543E-05
 9.07044E-01  3.07044E-01  3.00202E-02  1.00000E+00  1.00000E+00  6.00543E-05
 9.07044E-01  3.40377E-01  3.00277E-02  1.00000E+00  1.00000E+00  6.00543E-05
 9.07044E-01  3.73711E-01  2.87334E-02  1.00000E+00  1.00000E+00  6.00543E-05
 9.07044E-01  4.07044E-01  2.63028E-02  1.00000E+00  1.00000E+00  6.00543E-05
 9.07044E-01  4.40377E-01  2.30329E-02  1.00000E+00  1.00000E+00  6.00543E-05
 9.07044E-01  4.73711E-01  1.92930E-02  1.00000E+00  1.00000E+00  6.00543E-05
 9.07044E-01  5.07044E-01  1.54567E-02  1.00000E+00  1.00000E+00  6.00543E-05
 9.07044E-01  5.40377E-01  1.18430E-02  1.00000E+00  1.00000E+00  6.00543E-05
 9.07044E-01  5.73711E-01  8.67693E-03  1.00000E+00  1.00000E+00  6.00543E-05
 9.07044E-01  6.07044E-01  6.07708E-03  1.00000E+00  1.00000E+00  6.00543E-05
 9.07044E-01  6.40377E-01  4.06882E-03  1.00000E+00  1.00000E+00  6.00543E-05
 9.07044E-01  6.73711E-01  2.60757E-03  1.00000E+00  1.00000E+00  6.00543E-05
 9.07044E-01  7.07044E-01  1.59821E-03  1.00000E+00  1.00000E+00  6.00543E-05
 9.07044E-01  7.40377E-01  9.23618E-04  1.00000E+00  1.00000E+00  6.00543E-05
 9.07044E-01  7.73711E-01  4.94685E-04  1.00000E+00  1.00000E+00  6.00543E-05
 9.07044E-01  8.07044E-01  2.82083E-04  1.00000E+00  1.00000E+00  6.00543E-05
 9.07044E-01  8.40377E-01  2.86100E-04  1.00000E+00  1.00000E+00  6.00543E-05
 9.07044E-01  8.73711E-01  4.97247E-04  1.00000E+00  1.00000E+00  6.00543E-05
 9.07044E-01  9.07044E-01  9.14966E-04  1.00000E+00  1.00000E+00  6.00543E-05
 9.07044E-01  9.40377E-01  1.58229E-03  1.00000E+00  1.00000E+00  6.00543E-05
 9.07044E-01  9.73711E-01  2.58969E-03  1.00000E+00  1.00000E+00  6.00543E-05
 9.40377E-01  7.04416E-03  7.00823E-03  1.00000E+00  1.00000E+00  6.00543E-05
 9.40377E-01  4.03775E-02  1.04748E-02  1.00000E+00  1.00000E+00  6.00543E-05
 9.40377E-01  7.37108E-02  1.49669E-02  1.00000E+00  1.00000E+00  6.00543E-05
 9.40377E-01  1.07044E-01  2.04446E-02  1.00000E+00  1.00000E+00  6.00543E-05
 9.40377E-01  1.40377E-01  2.67027E-02  1.00000E+00  1.00000E+00  6.00543E-05
 9.40377E-01  1.73711E-01  3.33525E-02  1.00000E+00  1.00000E+00  6.00543E-05
 9.40377E-01  2.07044E-01  3.98424E-02  1.00000E+00  1.00000E+00  6.00543E-05
 9.40377E-01  2.40377E-01  4.55248E-02  1.00000E+00  1.00000E+00  6.00543E-05
 9.40377E-01  2.73711E-01  4.97585E-02  1.00000E+00  1.00000E+00  6.00543E-05
 9.40377E-01  3.07044E-01  5.20264E-02  1.00000E+00  1.00000E+00  6.00543E-05
 9.40377E-01  3.40377E-01  5.20394E-02  1.00000E+00  1.00000E+00  6.00543E-05
 9.40377E-01  3.73711E-01  4.97958E-02  1.00000E+00  1.00000E+00  6.00543E-05
 9.40377E-01  4.07044E-01  4.55825E-02  1.00000E+00  1.00000E+00  6.00543E-05
 9.40377E-01  4.40377E-01  3.99145E-02  1.00000E+00  1.00000E+00  6.00543E-05
 9.40377E-01  4.73711E-01  3.34318E-02  1.00000E+00  1.00000E+00  6.00543E-05
 9.40377E-01  5.07044E-01  2.67823E-02  1.00000E+00  1.00000E+00  6.00543E-05
 9.40377E-01  5.40377E-01  2.05189E-02  1.00000E+00  1.00000E+00  6.00543E-05
 9.40377E-01  5.73711E-01  1.50316E-02  1.00000E+00  1.00000E+00  6.00543E-05
 9.40377E-01  6.07044E-01  1.05262E-02  1.00000E+00  1.00000E+00  6.00543E-05
 9.40377E-01  6.40377E-01  7.04651E-03  1.00000E+00  1.00000E+00  6.00543E-05
 9.40377E-01  6.73711E-01  4.51423E-03  1.00000E+00  1.00000E+00  6.00543E-05
 9.40377E-01  7.07044E-01  2.76473E-03  1.00000E+00  1.00000E+00  6.00543E-05
 9.40377E-01  7.40377E-01  1.59670E-03  1.00000E+00  1.00000E+00  6.00543E-05
 9.40377E-01  7.73711E-01  8.55652E-04  1.00000E+00  1.00000E+00  6.00543E-05
 9.40377E-01  8.07044E-01  4.87887E-04  1.00000E+00  1.00000E+00  6.00543E-05
 9.40377E-01  8.40377E-01  4.93445E-04  1.00000E+00  1.00000E+00  6.00543E-05
 9.40377E-01  8.73711E-01  8.58393E-04  1.00000E+00  1.00000E+00  6.00543E-05
 9.40377E-01  9.07044E-01  1.58229E-03  1.00000E+00  1.00000E+00  6.00543E-05
 9.40377E-01  9.40377E-01  2.73851E-03  1.00000E+00  1.00000E+00  6.00543E-05
 9.40377E-01  9.73711E-01  4.48357E-03  1.00000E+00  1.00000E+00  6.00543E-05
 9.73711E-01  7.04416E-03  1.14747E-02  1.00000E+00  1.00000E+00  6.00543E-05
 9.73711E-01  4.03775E-02  1.71510E-02  1.00000E+00  1.00000E+00  6.00543E-05
 9.73711E-01  7.37108E-02  2.45066E-02  1.00000E+00  1.00000E+00  6.00543E-05
 9.73711E-01  1.07044E-01  3.34759E-02  1.00000E+00  1.00000E+00  6.00543E-05
 9.73711E-01  1.40377E-01  4.37233E-02  1.00000E+00  1.00000E+00  6.00543E-05
 9.73711E-01  1.73711E-01  5.46120E-02  1.00000E+00  1.00000E+00  6.00543E-05
 9.73711E-01  2.07044E-01  6.52389E-02  1.00000E+00  1.00000E+00  6.00543E-05
 9.73711E-01  2.40377E-01  7.45435E-02  1.00000E+00  1.00000E+00  6.00543E-05
 9.73711E-01  2.73711E-01  8.14758E-02  1.00000E+00  1.00000E+00  6.00543E-05
 9.73711E-01  3.07044E-01  8.51896E-02  1.00000E+00  1.00000E+00  6.00543E-05
 9.73711E-01  3.40377E-01  8.52107E-02  1.00000E+00  1.00000E+00  6.00543E-05
 9.73711E-01  3.73711E-01  8.15370E-02  1.00000E+00  1.00000E+00  6.00543E-05
 9.73711E-01  4.07044E-01  7.46380E-02  1.00000E+00  1.00000E+00  6.00543E-05
 9.73711E-01  4.40377E-01  6.53568E-02  1.00000E+00  1.00000E+00  6.00543E-05
 9.73711E-01  4.73711E-01  5.47418E-02  1.00000E+00  1.00000E+00  6.00543E-05
 9.73711E-01  5.07044E-01  4.38536E-02  1.00000E+00  1.00000E+00  6.00543E-05
 9.73711E-01  5.40377E-01  3.35975E-02  1.00000E+00  1.00000E+00  6.00543E-05
 9.73711E-01  5.73711E-01  2.46122E-02  1.00000E+00  1.00000E+00  6.00543E-05
 9.73711E-01  6.07044E-01  1.72352E-02  1.00000E+00  1.00000E+00  6.00543E-05
 9.73711E-01  6.40377E-01  1.15377E-02  1.00000E+00  1.00000E+00  6.00543E-05
 9.73711E-01  6.73711E-01  7.39071E-03  1.00000E+00  1.00000E+00  6.00543E-05
 9.73711E-01  7.07044E-01  4.52480E-03  1.00000E+00  1.00000E+00  6.00543E-05
 9.73711E-01  7.40377E-01  2.61258E-03  1.00000E+00  1.00000E+00  6.00543E-05
 9.73711E-01  7.73711E-01  1.40117E-03  1.00000E+00  1.00000E+00  6.00543E-05
 9.73711E-01  8.07044E-01  7.99372E-04  1.00000E+00  1.00000E+00  6.00543E-05
 9.73711E-01  8.40377E-01  8.06673E-04  1.00000E+00  1.00000E+00  6.00543E-05
 9.73711E-01  8.73711E-01  1.40351E-03  1.00000E+00  1.00000E+00  6.00543E-05
 9.73711E-01  9.07044E-01  2.58969E-03  1.00000E+00  1.00000E+00  6.00543E-05
 9.73711E-01  9.40377E-01  4.48357E-03  1.00000E+00  1.00000E+00  6.00543E-05
 9.73711E-01  9.73711E-01  7.34091E-03  1.00000E+00  1.00000E+00  6.00543E-05
