 7.04416E-03  7.04416E-03  3.34629E-03  1.00000E+00  1.00000E+00  6.00565E-05
 7.04416E-03  4.03775E-02  1.98546E-03  1.00000E+00  1.00000E+00  6.00565E-05
 7.04416E-03  7.37108E-02  1.10725E-03  1.00000E+00  1.00000E+00  6.00565E-05
 7.04416E-03  1.07044E-01  5.75667E-04  1.00000E+00  1.00000E+00  6.00565E-05
 7.04416E-03  1.40377E-01  4.91023E-04  1.00000E+00  1.00000E+00  6.00565E-05
 7.04416E-03  1.73711E-01  8.68919E-04  1.00000E+00  1.00000E+00  6.00565E-05
 7.04416E-03  2.07044E-01  1.60308E-03  1.00000E+00  1.00000E+00  6.00565E-05
 7.04416E-03  2.40377E-01  2.75850E-03  1.00000E+00  1.00000E+00  6.00565E-05
 7.04416E-03  2.73711E-01  4.54018E-03  1.00000E+00  1.00000E+00  6.00565E-05
 7.04416E-03  3.07044E-01  7.15112E-03  1.00000E+00  1.00000E+00  6.00565E-05
 7.04416E-03  3.40377E-01  1.07708E-02  1.00000E+00  1.00000E+00  6.00565E-05
 7.04416E-03  3.73711E-01  1.55152E-02  1.00000E+00  1.00000E+00  6.00565E-05
 7.04416E-03  4.07044E-01  2.13742E-02  1.00000E+00  1.00000E+00  6.00565E-05
 7.04416E-03  4.40377E-01  2.81615E-02  1.00000E+00  1.00000E+00  6.00565E-05
 7.04416E-03  4.73711E-01  3.54862E-02  1.00000E+00  1.00000E+00  6.00565E-05
 7.04416E-03  5.07044E-01  4.27666E-02  1.00000E+00  1.00000E+00  6.00565E-05
 7.04416E-03  5.40377E-01  4.92945E-02  1.00000E+00  1.00000E+00  6.00565E-05
 7.04416E-03  5.73711E-01  5.43432E-02  1.00000E+00  1.00000E+00  6.00565E-05
 7.04416E-03  6.07044E-01  5.72991E-02  1.00000E+00  1.00000E+00  6.00565E-05
 7.04416E-03  6.40377E-01  5.77841E-02  1.00000E+00  1.00000E+00  6.00565E-05
 7.04416E-03  6.73711E-01  5.57350E-02  1.00000E+00  1.00000E+00  6.00565E-05
 7.04416E-03  7.07044E-01  5.14168E-02  1.00000E+00  1.00000E+00  6.00565E-05
 7.04416E-03  7.40377E-01  4.53668E-02  1.00000E+00  1.00000E+00  6.00565E-05
 7.04416E-03  7.73711E-01  3.82845E-02  1.00000E+00  1.00000E+00  6.00565E-05
 7.04416E-03  8.07044E-01  3.08998E-02  1.00000E+00  1.00000E+00  6.00565E-05
 7.04416E-03  8.40377E-01  2.38522E-02  1.00000E+00  1.00000E+00  6.00565E-05
 7.04416E-03  8.73711E-01  1.76090E-02  1.00000E+00  1.00000E+00  6.00565E-05
 7.04416E-03  9.07044E-01  1.24327E-02  1.00000E+00  1.00000E+00  6.00565E-05
 7.04416E-03  9.40377E-01  8.39530E-03  1.00000E+00  1.00000E+00  6.00565E-05
 7.04416E-03  9.73711E-01  5.42048E-03  1.00000E+00  1.00000E+00  6.00565E-05
 4.03775E-02  7.04416E-03  1.98546E-03  1.00000E+00  1.00000E+00  6.00565E-05
 4.03775E-02  4.03775E-02  1.17939E-03  1.00000E+00  1.00000E+00  6.00565E-05
 4.03775E-02  7.37108E-02  6.58200E-04  1.00000E+00  1.00000E+00  6.00565E-05
 4.03775E-02  1.07044E-01  3.42172E-04  1.00000E+00  1.00000E+00  6.00565E-05
 4.03775E-02  1.40377E-01  2.92826E-04  1.00000E+00  1.00000E+00  6.00565E-05
 4.03775E-02  1.73711E-01  5.16911E-04  1.00000E+00  1.00000E+00  6.00565E-05
 4.03775E-02  2.07044E-01  9.52144E-04  1.00000E+00  1.00000E+00  6.00565E-05
 4.03775E-02  2.40377E-01  1.63736E-03  1.00000E+00  1.00000E+00  6.00565E-05
 4.03775E-02  2.73711E-01  2.69333E-03  1.00000E+00  1.00000E+00  6.00565E-05
 4.03775E-02  3.07044E-01  4.24039E-03  1.00000E+00  1.00000E+00  6.00565E-05
 4.03775E-02  3.40377E-01  6.38480E-03  1.00000E+00  1.00000E+00  6.00565E-05
 4.03775E-02  3.73711E-01  9.19505E-03  1.00000E+00  1.00000E+00  6.00565E-05
 4.03775E-02  4.07044E-01  1.26653E-02  1.00000E+00  1.00000E+00  6.00565E-05
 4.03775E-02  4.40377E-01  1.66850E-02  1.00000E+00  1.00000E+00  6.00565E-05
 4.03775E-02  4.73711E-01  2.10226E-02  1.00000E+00  1.00000E+00  6.00565E-05
 4.03775E-02  5.07044E-01  2.53340E-02  1.00000E+00  1.00000E+00  6.00565E-05
 4.03775E-02  5.40377E-01  2.91997E-02  1.00000E+00  1.00000E+00  6.00565E-05
 4.03775E-02  5.73711E-01  3.21893E-02  1.00000E+00  1.00000E+00  6.00565E-05
 4.03775E-02  6.07044E-01  3.39397E-02  1.00000E+00  1.00000E+00  6.00565E-05
 4.03775E-02  6.40377E-01  3.42269E-02  1.00000E+00  1.00000E+00  6.00565E-05
 4.03775E-02  6.73711E-01  3.30135E-02  1.00000E+00  1.00000E+00  6.00565E-05
 4.03775E-02  7.07044E-01  3.04565E-02  1.00000E+00  1.00000E+00  6.00565E-05
 4.03775E-02  7.40377E-01  2.68740E-02  1.00000E+00  1.00000E+00  6.00565E-05
 4.03775E-02  7.73711E-01  2.26800E-02  1.00000E+00  1.00000E+00  6.00565E-05
 4.03775E-02  8.07044E-01  1.83068E-02  1.00000E+00  1.00000E+00  6.00565E-05
 4.03775E-02  8.40377E-01  1.41330E-02  1.00000E+00  1.00000E+00  6.00565E-05
 4.03775E-02  8.73711E-01  1.04353E-02  1.00000E+00  1.00000E+00  6.00565E-05
 4.03775E-02  9.07044E-01  7.36923E-03  1.00000E+00  1.00000E+00  6.00565E-05
 4.03775E-02  9.40377E-01  4.97755E-03  1.00000E+00  1.00000E+00  6.00565E-05
 4.03775E-02  9.73711E-01  3.21487E-03  1.00000E+00  1.00000E+00  6.00565E-05
 7.37108E-02  7.04416E-03  1.10725E-03  1.00000E+00  1.00000E+00  6.00565E-05
 7.37108E-02  4.03775E-02  6.58200E-04  1.00000E+00  1.00000E+00  6.00565E-05
 7.37108E-02  7.37108E-02  3.67270E-04  1.00000E+00  1.00000E+00  6.00565E-05
 7.37108E-02  1.07044E-01  1.90621E-04  1.00000E+00  1.00000E+00  6.00565E-05
 7.37108E-02  1.40377E-01  1.63719E-04  1.00000E+00  1.00000E+00  6.00565E-05
 7.37108E-02  1.73711E-01  2.88567E-04  1.00000E+00  1.00000E+00  6.00565E-05
 7.37108E-02  2.07044E-01  5.31109E-04  1.00000E+00  1.00000E+00  6.00565E-05
 7.37108E-02  2.40377E-01  9.13372E-04  1.00000E+00  1.00000E+00  6.00565E-05
 7.37108E-02  2.73711E-01  1.50224E-03  1.00000E+00  1.00000E+00  6.00565E-05
 7.37108E-02  3.07044E-01  2.36493E-03  1.00000E+00  1.00000E+00  6.00565E-05
 7.37108E-02  3.40377E-01  3.56066E-03  1.00000E+00  1.00000E+00  6.00565E-05
 7.37108E-02  3.73711E-01  5.12762E-03  1.00000E+00  1.00000E+00  6.00565E-05
 7.37108E-02  4.07044E-01  7.06252E-03  1.00000E+00  1.00000E+00  6.00565E-05
 7.37108E-02  4.40377E-01  9.30378E-03  1.00000E+00  1.00000E+00  6.00565E-05
 7.37108E-02  4.73711E-01  1.17223E-02  1.00000E+00  1.00000E+00  6.00565E-05
 7.37108E-02  5.07044E-01  1.41262E-02  1.00000E+00  1.00000E+00  6.00565E-05
 7.37108E-02  5.40377E-01  1.62815E-02  1.00000E+00  1.00000E+00  6.00565E-05
 7.37108E-02  5.73711E-01  1.79484E-02  1.00000E+00  1.00000E+00  6.00565E-05
 7.37108E-02  6.07044E-01  1.89244E-02  1.00000E+00  1.00000E+00  6.00565E-05
 7.37108E-02  6.40377E-01  1.90845E-02  1.00000E+00  1.00000E+00  6.00565E-05
 7.37108E-02  6.73711E-01  1.84080E-02  1.00000E+00  1.00000E+00  6.00565E-05
 7.37108E-02  7.07044E-01  1.69824E-02  1.00000E+00  1.00000E+00  6.00565E-05
 7.37108E-02  7.40377E-01  1.49849E-02  1.00000E+00  1.00000E+00  6.00565E-05
 7.37108E-02  7.73711E-01  1.26466E-02  1.00000E+00  1.00000E+00  6.00565E-05
 7.37108E-02  8.07044E-01  1.02082E-02  1.00000E+00  1.00000E+00  6.00565E-05
 7.37108E-02  8.40377E-01  7.88100E-03  1.00000E+00  1.00000E+00  6.00565E-05
 7.37108E-02  8.73711E-01  5.81926E-03  1.00000E+00  1.00000E+00  6.00565E-05
 7.37108E-02  9.07044E-01  4.10959E-03  1.00000E+00  1.00000E+00  6.00565E-05
 7.37108E-02  9.40377E-01  2.77600E-03  1.00000E+00  1.00000E+00  6.00565E-05
 7.37108E-02  9.73711E-01  1.79300E-03  1.00000E+00  1.00000E+00  6.00565E-05
 1.07044E-01  7.04416E-03  5.75667E-04  1.00000E+00  1.00000E+00  6.00565E-05
 1.07044E-01  4.03775E-02  3.42172E-04  1.00000E+00  1.00000E+00  6.00565E-05
 1.07044E-01  7.37108E-02  1.90621E-04  1.00000E+00  1.00000E+00  6.00565E-05
 1.07044E-01  1.07044E-01  9.85834E-05  1.00000E+00  1.00000E+00  6.00565E-05
 1.07044E-01  1.40377E-01  8.50219E-05  1.00000E+00  1.00000E+00  6.00565E-05
 1.07044E-01  1.73711E-01  1.49796E-04  1.00000E+00  1.00000E+00  6.00565E-05
 1.07044E-01  2.07044E-01  2.75784E-04  1.00000E+00  1.00000E+00  6.00565E-05
 1.07044E-01  2.40377E-01  4.74864E-04  1.00000E+00  1.00000E+00  6.00565E-05
 1.07044E-01  2.73711E-01  7.81658E-04  1.00000E+00  1.00000E+00  6.00565E-05
 1.07044E-01  3.07044E-01  1.23135E-03  1.00000E+00  1.00000E+00  6.00565E-05
 1.07044E-01  3.40377E-01  1.85493E-03  1.00000E+00  1.00000E+00  6.00565E-05
 1.07044E-01  3.73711E-01  2.67237E-03  1.00000E+00  1.00000E+00  6.00565E-05
 1.07044E-01  4.07044E-01  3.68201E-03  1.00000E+00  1.00000E+00  6.00565E-05
 1.07044E-01  4.40377E-01  4.85173E-03  1.00000E+00  1.00000E+00  6.00565E-05
 1.07044E-01  4.73711E-01  6.11416E-03  1.00000E+00  1.00000E+00  6.00565E-05
 1.07044E-01  5.07044E-01  7.36906E-03  1.00000E+00  1.00000E+00  6.00565E-05
 1.07044E-01  5.40377E-01  8.49431E-03  1.00000E+00  1.00000E+00  6.00565E-05
 1.07044E-01  5.73711E-01  9.36463E-03  1.00000E+00  1.00000E+00  6.00565E-05
 1.07044E-01  6.07044E-01  9.87421E-03  1.00000E+00  1.00000E+00  6.00565E-05
 1.07044E-01  6.40377E-01  9.95786E-03  1.00000E+00  1.00000E+00  6.00565E-05
 1.07044E-01  6.73711E-01  9.60468E-03  1.00000E+00  1.00000E+00  6.00565E-05
 1.07044E-01  7.07044E-01  8.86035E-03  1.00000E+00  1.00000E+00  6.00565E-05
 1.07044E-01  7.40377E-01  7.81750E-03  1.00000E+00  1.00000E+00  6.00565E-05
 1.07044E-01  7.73711E-01  6.59675E-03  1.00000E+00  1.00000E+00  6.00565E-05
 1.07044E-01  8.07044E-01  5.32390E-03  1.00000E+00  1.00000E+00  6.00565E-05
 1.07044E-01  8.40377E-01  4.10924E-03  1.00000E+00  1.00000E+00  6.00565E-05
 1.07044E-01  8.73711E-01  3.03330E-03  1.00000E+00  1.00000E+00  6.00565E-05
 1.07044E-01  9.07044E-01  2.14127E-03  1.00000E+00  1.00000E+00  6.00565E-05
 1.07044E-01  9.40377E-01  1.44572E-03  1.00000E+00  1.00000E+00  6.00565E-05
 1.07044E-01  9.73711E-01  9.33134E-04  1.00000E+00  1.00000E+00  6.00565E-05
 1.40377E-01  7.04416E-03  4.91023E-04  1.00000E+00  1.00000E+00  6.00565E-05
 1.40377E-01  4.03775E-02  2.92826E-04  1.00000E+00  1.00000E+00  6.00565E-05
 1.40377E-01  7.37108E-02  1.63719E-04  1.00000E+00  1.00000E+00  6.00565E-05
 1.40377E-01  1.07044E-01  8.50219E-05  1.00000E+00  1.00000E+00  6.00565E-05
 1.40377E-01  1.40377E-01  7.35231E-05  1.00000E+00  1.00000E+00  6.00565E-05
 1.40377E-01  1.73711E-01  1.28893E-04  1.00000E+00  1.00000E+00  6.00565E-05
 1.40377E-01  2.07044E-01  2.36267E-04  1.00000E+00  1.00000E+00  6.00565E-05
 1.40377E-01  2.40377E-01  4.05511E-04  1.00000E+00  1.00000E+00  6.00565E-05
 1.40377E-01  2.73711E-01  6.65749E-04  1.00000E+00  1.00000E+00  6.00565E-05
 1.40377E-01  3.07044E-01  1.04660E-03  1.00000E+00  1.00000E+00  6.00565E-05
 1.40377E-01  3.40377E-01  1.57411E-03  1.00000E+00  1.00000E+00  6.00565E-05
 1.40377E-01  3.73711E-01  2.26500E-03  1.00000E+00  1.00000E+00  6.00565E-05
 1.40377E-01  4.07044E-01  3.11778E-03  1.00000E+00  1.00000E+00  6.00565E-05
 1.40377E-01  4.40377E-01  4.10529E-03  1.00000E+00  1.00000E+00  6.00565E-05
 1.40377E-01  4.73711E-01  5.17069E-03  1.00000E+00  1.00000E+00  6.00565E-05
 1.40377E-01  5.07044E-01  6.22944E-03  1.00000E+00  1.00000E+00  6.00565E-05
 1.40377E-01  5.40377E-01  7.17864E-03  1.00000E+00  1.00000E+00  6.00565E-05
 1.40377E-01  5.73711E-01  7.91269E-03  1.00000E+00  1.00000E+00  6.00565E-05
 1.40377E-01  6.07044E-01  8.34246E-03  1.00000E+00  1.00000E+00  6.00565E-05
 1.40377E-01  6.40377E-01  8.41301E-03  1.00000E+00  1.00000E+00  6.00565E-05
 1.40377E-01  6.73711E-01  8.11515E-03  1.00000E+00  1.00000E+00  6.00565E-05
 1.40377E-01  7.07044E-01  7.48740E-03  1.00000E+00  1.00000E+00  6.00565E-05
 1.40377E-01  7.40377E-01  6.60777E-03  1.00000E+00  1.00000E+00  6.00565E-05
 1.40377E-01  7.73711E-01  5.57790E-03  1.00000E+00  1.00000E+00  6.00565E-05
 1.40377E-01  8.07044E-01  4.50384E-03  1.00000E+00  1.00000E+00  6.00565E-05
 1.40377E-01  8.40377E-01  3.47853E-03  1.00000E+00  1.00000E+00  6.00565E-05
 1.40377E-01  8.73711E-01  2.56993E-03  1.00000E+00  1.00000E+00  6.00565E-05
 1.40377E-01  9.07044E-01  1.81618E-03  1.00000E+00  1.00000E+00  6.00565E-05
 1.40377E-01  9.40377E-01  1.22802E-03  1.00000E+00  1.00000E+00  6.00565E-05
 1.40377E-01  9.73711E-01  7.94083E-04  1.00000E+00  1.00000E+00  6.00565E-05
 1.73711E-01  7.04416E-03  8.68919E-04  1.00000E+00  1.00000E+00  6.00565E-05
 1.73711E-01  4.03775E-02  5.16911E-04  1.00000E+00  1.00000E+00  6.00565E-05
 1.73711E-01  7.37108E-02  2.88567E-04  1.00000E+00  1.00000E+00  6.00565E-05
 1.73711E-01  1.07044E-01  1.49796E-04  1.00000E+00  1.00000E+00  6.00565E-05
 1.73711E-01  1.40377E-01  1.28893E-04  1.00000E+00  1.00000E+00  6.00565E-05
 1.73711E-01  1.73711E-01  2.26845E-04  1.00000E+00  1.00000E+00  6.00565E-05
 1.73711E-01  2.07044E-01  4.17083E-04  1.00000E+00  1.00000E+00  6.00565E-05
 1.73711E-01  2.40377E-01  7.16961E-04  1.00000E+00  1.00000E+00  6.00565E-05
 1.73711E-01  2.73711E-01  1.17875E-03  1.00000E+00  1.00000E+00  6.00565E-05
 1.73711E-01  3.07044E-01  1.85515E-03  1.00000E+00  1.00000E+00  6.00565E-05
 1.73711E-01  3.40377E-01  2.79258E-03  1.00000E+00  1.00000E+00  6.00565E-05
 1.73711E-01  3.73711E-01  4.02095E-03  1.00000E+00  1.00000E+00  6.00565E-05
 1.73711E-01  4.07044E-01  5.53766E-03  1.00000E+00  1.00000E+00  6.00565E-05
 1.73711E-01  4.40377E-01  7.29444E-03  1.00000E+00  1.00000E+00  6.00565E-05
 1.73711E-01  4.73711E-01  9.19014E-03  1.00000E+00  1.00000E+00  6.00565E-05
 1.73711E-01  5.07044E-01  1.10743E-02  1.00000E+00  1.00000E+00  6.00565E-05
 1.73711E-01  5.40377E-01  1.27636E-02  1.00000E+00  1.00000E+00  6.00565E-05
 1.73711E-01  5.73711E-01  1.40701E-02  1.00000E+00  1.00000E+00  6.00565E-05
 1.73711E-01  6.07044E-01  1.48350E-02  1.00000E+00  1.00000E+00  6.00565E-05
 1.73711E-01  6.40377E-01  1.49606E-02  1.00000E+00  1.00000E+00  6.00565E-05
 1.73711E-01  6.73711E-01  1.44304E-02  1.00000E+00  1.00000E+00  6.00565E-05
 1.73711E-01  7.07044E-01  1.33130E-02  1.00000E+00  1.00000E+00  6.00565E-05
 1.73711E-01  7.40377E-01  1.17474E-02  1.00000E+00  1.00000E+00  6.00565E-05
 1.73711E-01  7.73711E-01  9.91462E-03  1.00000E+00  1.00000E+00  6.00565E-05
 1.73711E-01  8.07044E-01  8.00340E-03  1.00000E+00  1.00000E+00  6.00565E-05
 1.73711E-01  8.40377E-01  6.17927E-03  1.00000E+00  1.00000E+00  6.00565E-05
 1.73711E-01  8.73711E-01  4.56314E-03  1.00000E+00  1.00000E+00  6.00565E-05
 1.73711E-01  9.07044E-01  3.22291E-03  1.00000E+00  1.00000E+00  6.00565E-05
 1.73711E-01  9.40377E-01  2.17745E-03  1.00000E+00  1.00000E+00  6.00565E-05
 1.73711E-01  9.73711E-01  1.40670E-03  1.00000E+00  1.00000E+00  6.00565E-05
 2.07044E-01  7.04416E-03  1.60308E-03  1.00000E+00  1.00000E+00  6.00565E-05
 2.07044E-01  4.03775E-02  9.52144E-04  1.00000E+00  1.00000E+00  6.00565E-05
 2.07044E-01  7.37108E-02  5.31109E-04  1.00000E+00  1.00000E+00  6.00565E-05
 2.07044E-01  1.07044E-01  2.75784E-04  1.00000E+00  1.00000E+00  6.00565E-05
 2.07044E-01  1.40377E-01  2.36267E-04  1.00000E+00  1.00000E+00  6.00565E-05
 2.07044E-01  1.73711E-01  4.17083E-04  1.00000E+00  1.00000E+00  6.00565E-05
 2.07044E-01  2.07044E-01  7.68427E-04  1.00000E+00  1.00000E+00  6.00565E-05
 2.07044E-01  2.40377E-01  1.32198E-03  1.00000E+00  1.00000E+00  6.00565E-05
 2.07044E-01  2.73711E-01  2.17513E-03  1.00000E+00  1.00000E+00  6.00565E-05
 2.07044E-01  3.07044E-01  3.42527E-03  1.00000E+00  1.00000E+00  6.00565E-05
 2.07044E-01  3.40377E-01  5.15831E-03  1.00000E+00  1.00000E+00  6.00565E-05
 2.07044E-01  3.73711E-01  7.42967E-03  1.00000E+00  1.00000E+00  6.00565E-05
 2.07044E-01  4.07044E-01  1.02346E-02  1.00000E+00  1.00000E+00  6.00565E-05
 2.07044E-01  4.40377E-01  1.34839E-02  1.00000E+00  1.00000E+00  6.00565E-05
 2.07044E-01  4.73711E-01  1.69904E-02  1.00000E+00  1.00000E+00  6.00565E-05
 2.07044E-01  5.07044E-01  2.04757E-02  1.00000E+00  1.00000E+00  6.00565E-05
 2.07044E-01  5.40377E-01  2.36007E-02  1.00000E+00  1.00000E+00  6.00565E-05
 2.07044E-01  5.73711E-01  2.60176E-02  1.00000E+00  1.00000E+00  6.00565E-05
 2.07044E-01  6.07044E-01  2.74327E-02  1.00000E+00  1.00000E+00  6.00565E-05
 2.07044E-01  6.40377E-01  2.76649E-02  1.00000E+00  1.00000E+00  6.00565E-05
 2.07044E-01  6.73711E-01  2.66840E-02  1.00000E+00  1.00000E+00  6.00565E-05
 2.07044E-01  7.07044E-01  2.46169E-02  1.00000E+00  1.00000E+00  6.00565E-05
 2.07044E-01  7.40377E-01  2.17207E-02  1.00000E+00  1.00000E+00  6.00565E-05
 2.07044E-01  7.73711E-01  1.83303E-02  1.00000E+00  1.00000E+00  6.00565E-05
 2.07044E-01  8.07044E-01  1.47950E-02  1.00000E+00  1.00000E+00  6.00565E-05
 2.07044E-01  8.40377E-01  1.14211E-02  1.00000E+00  1.00000E+00  6.00565E-05
 2.07044E-01  8.73711E-01  8.43222E-03  1.00000E+00  1.00000E+00  6.00565E-05
 2.07044E-01  9.07044E-01  5.95396E-03  1.00000E+00  1.00000E+00  6.00565E-05
 2.07044E-01  9.40377E-01  4.02100E-03  1.00000E+00  1.00000E+00  6.00565E-05
 2.07044E-01  9.73711E-01  2.59651E-03  1.00000E+00  1.00000E+00  6.00565E-05
 2.40377E-01  7.04416E-03  2.75850E-03  1.00000E+00  1.00000E+00  6.00565E-05
 2.40377E-01  4.03775E-02  1.63736E-03  1.00000E+00  1.00000E+00  6.00565E-05
 2.40377E-01  7.37108E-02  9.13372E-04  1.00000E+00  1.00000E+00  6.00565E-05
 2.40377E-01  1.07044E-01  4.74864E-04  1.00000E+00  1.00000E+00  6.00565E-05
 2.40377E-01  1.40377E-01  4.05511E-04  1.00000E+00  1.00000E+00  6.00565E-05
 2.40377E-01  1.73711E-01  7.16961E-04  1.00000E+00  1.00000E+00  6.00565E-05
 2.40377E-01  2.07044E-01  1.32198E-03  1.00000E+00  1.00000E+00  6.00565E-05
 2.40377E-01  2.40377E-01  2.27427E-03  1.00000E+00  1.00000E+00  6.00565E-05
 2.40377E-01  2.73711E-01  3.74243E-03  1.00000E+00  1.00000E+00  6.00565E-05
 2.40377E-01  3.07044E-01  5.89376E-03  1.00000E+00  1.00000E+00  6.00565E-05
 2.40377E-01  3.40377E-01  8.87610E-03  1.00000E+00  1.00000E+00  6.00565E-05
 2.40377E-01  3.73711E-01  1.27849E-02  1.00000E+00  1.00000E+00  6.00565E-05
 2.40377E-01  4.07044E-01  1.76119E-02  1.00000E+00  1.00000E+00  6.00565E-05
 2.40377E-01  4.40377E-01  2.32035E-02  1.00000E+00  1.00000E+00  6.00565E-05
 2.40377E-01  4.73711E-01  2.92377E-02  1.00000E+00  1.00000E+00  6.00565E-05
 2.40377E-01  5.07044E-01  3.52354E-02  1.00000E+00  1.00000E+00  6.00565E-05
 2.40377E-01  5.40377E-01  4.06132E-02  1.00000E+00  1.00000E+00  6.00565E-05
 2.40377E-01  5.73711E-01  4.47723E-02  1.00000E+00  1.00000E+00  6.00565E-05
 2.40377E-01  6.07044E-01  4.72074E-02  1.00000E+00  1.00000E+00  6.00565E-05
 2.40377E-01  6.40377E-01  4.76069E-02  1.00000E+00  1.00000E+00  6.00565E-05
 2.40377E-01  6.73711E-01  4.59189E-02  1.00000E+00  1.00000E+00  6.00565E-05
 2.40377E-01  7.07044E-01  4.23616E-02  1.00000E+00  1.00000E+00  6.00565E-05
 2.40377E-01  7.40377E-01  3.73776E-02  1.00000E+00  1.00000E+00  6.00565E-05
 2.40377E-01  7.73711E-01  3.15431E-02  1.00000E+00  1.00000E+00  6.00565E-05
 2.40377E-01  8.07044E-01  2.54594E-02  1.00000E+00  1.00000E+00  6.00565E-05
 2.40377E-01  8.40377E-01  1.96534E-02  1.00000E+00  1.00000E+00  6.00565E-05
 2.40377E-01  8.73711E-01  1.45100E-02  1.00000E+00  1.00000E+00  6.00565E-05
 2.40377E-01  9.07044E-01  1.02453E-02  1.00000E+00  1.00000E+00  6.00565E-05
 2.40377E-01  9.40377E-01  6.91889E-03  1.00000E+00  1.00000E+00  6.00565E-05
 2.40377E-01  9.73711E-01  4.46773E-03  1.00000E+00  1.00000E+00  6.00565E-05
 2.73711E-01  7.04416E-03  4.54018E-03  1.00000E+00  1.00000E+00  6.00565E-05
 2.73711E-01  4.03775E-02  2.69333E-03  1.00000E+00  1.00000E+00  6.00565E-05
 2.73711E-01  7.37108E-02  1.50224E-03  1.00000E+00  1.00000E+00  6.00565E-05
 2.73711E-01  1.07044E-01  7.81658E-04  1.00000E+00  1.00000E+00  6.00565E-05
 2.73711E-01  1.40377E-01  6.65749E-04  1.00000E+00  1.00000E+00  6.00565E-05
 2.73711E-01  1.73711E-01  1.17875E-03  1.00000E+00  1.00000E+00  6.00565E-05
 2.73711E-01  2.07044E-01  2.17513E-03  1.00000E+00  1.00000E+00  6.00565E-05
 2.73711E-01  2.40377E-01  3.74243E-03  1.00000E+00  1.00000E+00  6.00565E-05
 2.73711E-01  2.73711E-01  6.15948E-03  1.00000E+00  1.00000E+00  6.00565E-05
 2.73711E-01  3.07044E-01  9.70142E-03  1.00000E+00  1.00000E+00  6.00565E-05
 2.73711E-01  3.40377E-01  1.46118E-02  1.00000E+00  1.00000E+00  6.00565E-05
 2.73711E-01  3.73711E-01  2.10476E-02  1.00000E+00  1.00000E+00  6.00565E-05
 2.73711E-01  4.07044E-01  2.89956E-02  1.00000E+00  1.00000E+00  6.00565E-05
 2.73711E-01  4.40377E-01  3.82026E-02  1.00000E+00  1.00000E+00  6.00565E-05
 2.73711E-01  4.73711E-01  4.81385E-02  1.00000E+00  1.00000E+00  6.00565E-05
 2.73711E-01  5.07044E-01  5.80144E-02  1.00000E+00  1.00000E+00  6.00565E-05
 2.73711E-01  5.40377E-01  6.68694E-02  1.00000E+00  1.00000E+00  6.00565E-05
 2.73711E-01  5.73711E-01  7.37179E-02  1.00000E+00  1.00000E+00  6.00565E-05
 2.73711E-01  6.07044E-01  7.77275E-02  1.00000E+00  1.00000E+00  6.00565E-05
 2.73711E-01  6.40377E-01  7.83853E-02  1.00000E+00  1.00000E+00  6.00565E-05
 2.73711E-01  6.73711E-01  7.56057E-02  1.00000E+00  1.00000E+00  6.00565E-05
 2.73711E-01  7.07044E-01  6.97481E-02  1.00000E+00  1.00000E+00  6.00565E-05
 2.73711E-01  7.40377E-01  6.15413E-02  1.00000E+00  1.00000E+00  6.00565E-05
 2.73711E-01  7.73711E-01  5.19342E-02  1.00000E+00  1.00000E+00  6.00565E-05
 2.73711E-01  8.07044E-01  4.19168E-02  1.00000E+00  1.00000E+00  6.00565E-05
 2.73711E-01  8.40377E-01  3.23568E-02  1.00000E+00  1.00000E+00  6.00565E-05
 2.73711E-01  8.73711E-01  2.38879E-02  1.00000E+00  1.00000E+00  6.00565E-05
 2.73711E-01  9.07044E-01  1.68661E-02  1.00000E+00  1.00000E+00  6.00565E-05
 2.73711E-01  9.40377E-01  1.13892E-02  1.00000E+00  1.00000E+00  6.00565E-05
 2.73711E-01  9.73711E-01  7.35379E-03  1.00000E+00  1.00000E+00  6.00565E-05
 3.07044E-01  7.04416E-03  7.15112E-03  1.00000E+00  1.00000E+00  6.00565E-05
 3.07044E-01  4.03775E-02  4.24039E-03  1.00000E+00  1.00000E+00  6.00565E-05
 3.07044E-01  7.37108E-02  2.36493E-03  1.00000E+00  1.00000E+00  6.00565E-05
 3.07044E-01  1.07044E-01  1.23135E-03  1.00000E+00  1.00000E+00  6.00565E-05
 3.07044E-01  1.40377E-01  1.04660E-03  1.00000E+00  1.00000E+00  6.00565E-05
 3.07044E-01  1.73711E-01  1.85515E-03  1.00000E+00  1.00000E+00  6.00565E-05
 3.07044E-01  2.07044E-01  3.42527E-03  1.00000E+00  1.00000E+00  6.00565E-05
 3.07044E-01  2.40377E-01  5.89376E-03  1.00000E+00  1.00000E+00  6.00565E-05
 3.07044E-01  2.73711E-01  9.70142E-03  1.00000E+00  1.00000E+00  6.00565E-05
 3.07044E-01  3.07044E-01  1.52813E-02  1.00000E+00  1.00000E+00  6.00565E-05
 3.07044E-01  3.40377E-01  2.30171E-02  1.00000E+00  1.00000E+00  6.00565E-05
 3.07044E-01  3.73711E-01  3.31564E-02  1.00000E+00  1.00000E+00  6.00565E-05
 3.07044E-01  4.07044E-01  4.56781E-02  1.00000E+00  1.00000E+00  6.00565E-05
 3.07044E-01  4.40377E-01  6.01834E-02  1.00000E+00  1.00000E+00  6.00565E-05
 3.07044E-01  4.73711E-01  7.58372E-02  1.00000E+00  1.00000E+00  6.00565E-05
 3.07044E-01  5.07044E-01  9.13964E-02  1.00000E+00  1.00000E+00  6.00565E-05
 3.07044E-01  5.40377E-01  1.05347E-01  1.00000E+00  1.00000E+00  6.00565E-05
 3.07044E-01  5.73711E-01  1.16137E-01  1.00000E+00  1.00000E+00  6.00565E-05
 3.07044E-01  6.07044E-01  1.22454E-01  1.00000E+00  1.00000E+00  6.00565E-05
 3.07044E-01  6.40377E-01  1.23490E-01  1.00000E+00  1.00000E+00  6.00565E-05
 3.07044E-01  6.73711E-01  1.19111E-01  1.00000E+00  1.00000E+00  6.00565E-05
 3.07044E-01  7.07044E-01  1.09882E-01  1.00000E+00  1.00000E+00  6.00565E-05
 3.07044E-01  7.40377E-01  9.69525E-02  1.00000E+00  1.00000E+00  6.00565E-05
 3.07044E-01  7.73711E-01  8.18168E-02  1.00000E+00  1.00000E+00  6.00565E-05
 3.07044E-01  8.07044E-01  6.60347E-02  1.00000E+00  1.00000E+00  6.00565E-05
 3.07044E-01  8.40377E-01  5.09732E-02  1.00000E+00  1.00000E+00  6.00565E-05
 3.07044E-01  8.73711E-01  3.76309E-02  1.00000E+00  1.00000E+00  6.00565E-05
 3.07044E-01  9.07044E-01  2.65686E-02  1.00000E+00  1.00000E+00  6.00565E-05
 3.07044E-01  9.40377E-01  1.79402E-02  1.00000E+00  1.00000E+00  6.00565E-05
 3.07044E-01  9.73711E-01  1.15831E-02  1.00000E+00  1.00000E+00  6.00565E-05
 3.40377E-01  7.04416E-03  1.07708E-02  1.00000E+00  1.00000E+00  6.00565E-05
 3.40377E-01  4.03775E-02  6.38480E-03  1.00000E+00  1.00000E+00  6.00565E-05
 3.40377E-01  7.37108E-02  3.56066E-03  1.00000E+00  1.00000E+00  6.00565E-05
 3.40377E-01  1.07044E-01  1.85493E-03  1.00000E+00  1.00000E+00  6.00565E-05
 3.40377E-01  1.40377E-01  1.57411E-03  1.00000E+00  1.00000E+00  6.00565E-05
 3.40377E-01  1.73711E-01  2.79258E-03  1.00000E+00  1.00000E+00  6.00565E-05
 3.40377E-01  2.07044E-01  5.15831E-03  1.00000E+00  1.00000E+00  6.00565E-05
 3.40377E-01  2.40377E-01  8.87610E-03  1.00000E+00  1.00000E+00  6.00565E-05
 3.40377E-01  2.73711E-01  1.46118E-02  1.00000E+00  1.00000E+00  6.00565E-05
 3.40377E-01  3.07044E-01  2.30171E-02  1.00000E+00  1.00000E+00  6.00565E-05
 3.40377E-01  3.40377E-01  3.46702E-02  1.00000E+00  1.00000E+00  6.00565E-05
 3.40377E-01  3.73711E-01  4.99441E-02  1.00000E+00  1.00000E+00  6.00565E-05
 3.40377E-01  4.07044E-01  6.88068E-02  1.00000E+00  1.00000E+00  6.00565E-05
 3.40377E-01  4.40377E-01  9.06579E-02  1.00000E+00  1.00000E+00  6.00565E-05
 3.40377E-01  4.73711E-01  1.14239E-01  1.00000E+00  1.00000E+00  6.00565E-05
 3.40377E-01  5.07044E-01  1.37678E-01  1.00000E+00  1.00000E+00  6.00565E-05
 3.40377E-01  5.40377E-01  1.58694E-01  1.00000E+00  1.00000E+00  6.00565E-05
 3.40377E-01  5.73711E-01  1.74947E-01  1.00000E+00  1.00000E+00  6.00565E-05
 3.40377E-01  6.07044E-01  1.84463E-01  1.00000E+00  1.00000E+00  6.00565E-05
 3.40377E-01  6.40377E-01  1.86024E-01  1.00000E+00  1.00000E+00  6.00565E-05
 3.40377E-01  6.73711E-01  1.79427E-01  1.00000E+00  1.00000E+00  6.00565E-05
 3.40377E-01  7.07044E-01  1.65525E-01  1.00000E+00  1.00000E+00  6.00565E-05
 3.40377E-01  7.40377E-01  1.46047E-01  1.00000E+00  1.00000E+00  6.00565E-05
 3.40377E-01  7.73711E-01  1.23246E-01  1.00000E+00  1.00000E+00  6.00565E-05
 3.40377E-01  8.07044E-01  9.94718E-02  1.00000E+00  1.00000E+00  6.00565E-05
 3.40377E-01  8.40377E-01  7.67831E-02  1.00000E+00  1.00000E+00  6.00565E-05
 3.40377E-01  8.73711E-01  5.66842E-02  1.00000E+00  1.00000E+00  6.00565E-05
 3.40377E-01  9.07044E-01  4.00201E-02  1.00000E+00  1.00000E+00  6.00565E-05
 3.40377E-01  9.40377E-01  2.70223E-02  1.00000E+00  1.00000E+00  6.00565E-05
 3.40377E-01  9.73711E-01  1.74465E-02  1.00000E+00  1.00000E+00  6.00565E-05
 3.73711E-01  7.04416E-03  1.55152E-02  1.00000E+00  1.00000E+00  6.00565E-05
 3.73711E-01  4.03775E-02  9.19505E-03  1.00000E+00  1.00000E+00  6.00565E-05
 3.73711E-01  7.37108E-02  5.12762E-03  1.00000E+00  1.00000E+00  6.00565E-05
 3.73711E-01  1.07044E-01  2.67237E-03  1.00000E+00  1.00000E+00  6.00565E-05
 3.73711E-01  1.40377E-01  2.26500E-03  1.00000E+00  1.00000E+00  6.00565E-05
 3.73711E-01  1.73711E-01  4.02095E-03  1.00000E+00  1.00000E+00  6.00565E-05
 3.73711E-01  2.07044E-01  7.42967E-03  1.00000E+00  1.00000E+00  6.00565E-05
 3.73711E-01  2.40377E-01  1.27849E-02  1.00000E+00  1.00000E+00  6.00565E-05
 3.73711E-01  2.73711E-01  2.10476E-02  1.00000E+00  1.00000E+00  6.00565E-05
 3.73711E-01  3.07044E-01  3.31564E-02  1.00000E+00  1.00000E+00  6.00565E-05
 3.73711E-01  3.40377E-01  4.99441E-02  1.00000E+00  1.00000E+00  6.00565E-05
 3.73711E-01  3.73711E-01  7.19480E-02  1.00000E+00  1.00000E+00  6.00565E-05
 3.73711E-01  4.07044E-01  9.91222E-02  1.00000E+00  1.00000E+00  6.00565E-05
 3.73711E-01  4.40377E-01  1.30602E-01  1.00000E+00  1.00000E+00  6.00565E-05
 3.73711E-01  4.73711E-01  1.64573E-01  1.00000E+00  1.00000E+00  6.00565E-05
 3.73711E-01  5.07044E-01  1.98340E-01  1.00000E+00  1.00000E+00  6.00565E-05
 3.73711E-01  5.40377E-01  2.28616E-01  1.00000E+00  1.00000E+00  6.00565E-05
 3.73711E-01  5.73711E-01  2.52032E-01  1.00000E+00  1.00000E+00  6.00565E-05
 3.73711E-01  6.07044E-01  2.65741E-01  1.00000E+00  1.00000E+00  6.00565E-05
 3.73711E-01  6.40377E-01  2.67990E-01  1.00000E+00  1.00000E+00  6.00565E-05
 3.73711E-01  6.73711E-01  2.58485E-01  1.00000E+00  1.00000E+00  6.00565E-05
 3.73711E-01  7.07044E-01  2.38457E-01  1.00000E+00  1.00000E+00  6.00565E-05
 3.73711E-01  7.40377E-01  2.10397E-01  1.00000E+00  1.00000E+00  6.00565E-05
 3.73711E-01  7.73711E-01  1.77549E-01  1.00000E+00  1.00000E+00  6.00565E-05
 3.73711E-01  8.07044E-01  1.43299E-01  1.00000E+00  1.00000E+00  6.00565E-05
 3.73711E-01  8.40377E-01  1.10613E-01  1.00000E+00  1.00000E+00  6.00565E-05
 3.73711E-01  8.73711E-01  8.16577E-02  1.00000E+00  1.00000E+00  6.00565E-05
 3.73711E-01  9.07044E-01  5.76511E-02  1.00000E+00  1.00000E+00  6.00565E-05
 3.73711E-01  9.40377E-01  3.89263E-02  1.00000E+00  1.00000E+00  6.00565E-05
 3.73711E-01  9.73711E-01  2.51316E-02  1.00000E+00  1.00000E+00  6.00565E-05
 4.07044E-01  7.04416E-03  2.13742E-02  1.00000E+00  1.00000E+00  6.00565E-05
 4.07044E-01  4.03775E-02  1.26653E-02  1.00000E+00  1.00000E+00  6.00565E-05
 4.07044E-01  7.37108E-02  7.06252E-03  1.00000E+00  1.00000E+00  6.00565E-05
 4.07044E-01  1.07044E-01  3.68201E-03  1.00000E+00  1.00000E+00  6.00565E-05
 4.07044E-01  1.40377E-01  3.11778E-03  1.00000E+00  1.00000E+00  6.00565E-05
 4.07044E-01  1.73711E-01  5.53766E-03  1.00000E+00  1.00000E+00  6.00565E-05
 4.07044E-01  2.07044E-01  1.02346E-02  1.00000E+00  1.00000E+00  6.00565E-05
 4.07044E-01  2.40377E-01  1.76119E-02  1.00000E+00  1.00000E+00  6.00565E-05
 4.07044E-01  2.73711E-01  2.89956E-02  1.00000E+00  1.00000E+00  6.00565E-05
 4.07044E-01  3.07044E-01  4.56781E-02  1.00000E+00  1.00000E+00  6.00565E-05
 4.07044E-01  3.40377E-01  6.88068E-02  1.00000E+00  1.00000E+00  6.00565E-05
 4.07044E-01  3.73711E-01  9.91222E-02  1.00000E+00  1.00000E+00  6.00565E-05
 4.07044E-01  4.07044E-01  1.36561E-01  1.00000E+00  1.00000E+00  6.00565E-05
 4.07044E-01  4.40377E-01  1.79931E-01  1.00000E+00  1.00000E+00  6.00565E-05
 4.07044E-01  4.73711E-01  2.26735E-01  1.00000E+00  1.00000E+00  6.00565E-05
 4.07044E-01  5.07044E-01  2.73256E-01  1.00000E+00  1.00000E+00  6.00565E-05
 4.07044E-01  5.40377E-01  3.14969E-01  1.00000E+00  1.00000E+00  6.00565E-05
 4.07044E-01  5.73711E-01  3.47229E-01  1.00000E+00  1.00000E+00  6.00565E-05
 4.07044E-01  6.07044E-01  3.66117E-01  1.00000E+00  1.00000E+00  6.00565E-05
 4.07044E-01  6.40377E-01  3.69215E-01  1.00000E+00  1.00000E+00  6.00565E-05
 4.07044E-01  6.73711E-01  3.56120E-01  1.00000E+00  1.00000E+00  6.00565E-05
 4.07044E-01  7.07044E-01  3.28527E-01  1.00000E+00  1.00000E+00  6.00565E-05
 4.07044E-01  7.40377E-01  2.89867E-01  1.00000E+00  1.00000E+00  6.00565E-05
 4.07044E-01  7.73711E-01  2.44612E-01  1.00000E+00  1.00000E+00  6.00565E-05
 4.07044E-01  8.07044E-01  1.97424E-01  1.00000E+00  1.00000E+00  6.00565E-05
 4.07044E-01  8.40377E-01  1.52391E-01  1.00000E+00  1.00000E+00  6.00565E-05
 4.07044E-01  8.73711E-01  1.12499E-01  1.00000E+00  1.00000E+00  6.00565E-05
 4.07044E-01  9.07044E-01  7.94248E-02  1.00000E+00  1.00000E+00  6.00565E-05
 4.07044E-01  9.40377E-01  5.36272E-02  1.00000E+00  1.00000E+00  6.00565E-05
 4.07044E-01  9.73711E-01  3.46224E-02  1.00000E+00  1.00000E+00  6.00565E-05
 4.40377E-01  7.04416E-03  2.81615E-02  1.00000E+00  1.00000E+00  6.00565E-05
 4.40377E-01  4.03775E-02  1.66850E-02  1.00000E+00  1.00000E+00  6.00565E-05
 4.40377E-01  7.37108E-02  9.30378E-03  1.00000E+00  1.00000E+00  6.00565E-05
 4.40377E-01  1.07044E-01  4.85173E-03  1.00000E+00  1.00000E+00  6.00565E-05
 4.40377E-01  1.40377E-01  4.10529E-03  1.00000E+00  1.00000E+00  6.00565E-05
 4.40377E-01  1.73711E-01  7.29444E-03  1.00000E+00  1.00000E+00  6.00565E-05
 4.40377E-01  2.07044E-01  1.34839E-02  1.00000E+00  1.00000E+00  6.00565E-05
 4.40377E-01  2.40377E-01  2.32035E-02  1.00000E+00  1.00000E+00  6.00565E-05
 4.40377E-01  2.73711E-01  3.82026E-02  1.00000E+00  1.00000E+00  6.00565E-05
 4.40377E-01  3.07044E-01  6.01834E-02  1.00000E+00  1.00000E+00  6.00565E-05
 4.40377E-01  3.40377E-01  9.06579E-02  1.00000E+00  1.00000E+00  6.00565E-05
 4.40377E-01  3.73711E-01  1.30602E-01  1.00000E+00  1.00000E+00  6.00565E-05
 4.40377E-01  4.07044E-01  1.79931E-01  1.00000E+00  1.00000E+00  6.00565E-05
 4.40377E-01  4.40377E-01  2.37076E-01  1.00000E+00  1.00000E+00  6.00565E-05
 4.40377E-01  4.73711E-01  2.98745E-01  1.00000E+00  1.00000E+00  6.00565E-05
 4.40377E-01  5.07044E-01  3.60042E-01  1.00000E+00  1.00000E+00  6.00565E-05
 4.40377E-01  5.40377E-01  4.15003E-01  1.00000E+00  1.00000E+00  6.00565E-05
 4.40377E-01  5.73711E-01  4.57509E-01  1.00000E+00  1.00000E+00  6.00565E-05
 4.40377E-01  6.07044E-01  4.82395E-01  1.00000E+00  1.00000E+00  6.00565E-05
 4.40377E-01  6.40377E-01  4.86478E-01  1.00000E+00  1.00000E+00  6.00565E-05
 4.40377E-01  6.73711E-01  4.69224E-01  1.00000E+00  1.00000E+00  6.00565E-05
 4.40377E-01  7.07044E-01  4.32866E-01  1.00000E+00  1.00000E+00  6.00565E-05
 4.40377E-01  7.40377E-01  3.81928E-01  1.00000E+00  1.00000E+00  6.00565E-05
 4.40377E-01  7.73711E-01  3.22299E-01  1.00000E+00  1.00000E+00  6.00565E-05
 4.40377E-01  8.07044E-01  2.60124E-01  1.00000E+00  1.00000E+00  6.00565E-05
 4.40377E-01  8.40377E-01  2.00789E-01  1.00000E+00  1.00000E+00  6.00565E-05
 4.40377E-01  8.73711E-01  1.48227E-01  1.00000E+00  1.00000E+00  6.00565E-05
 4.40377E-01  9.07044E-01  1.04648E-01  1.00000E+00  1.00000E+00  6.00565E-05
 4.40377E-01  9.40377E-01  7.06572E-02  1.00000E+00  1.00000E+00  6.00565E-05
 4.40377E-01  9.73711E-01  4.56167E-02  1.00000E+00  1.00000E+00  6.00565E-05
 4.73711E-01  7.04416E-03  3.54862E-02  1.00000E+00  1.00000E+00  6.00565E-05
 4.73711E-01  4.03775E-02  2.10226E-02  1.00000E+00  1.00000E+00  6.00565E-05
 4.73711E-01  7.37108E-02  1.17223E-02  1.00000E+00  1.00000E+00  6.00565E-05
 4.73711E-01  1.07044E-01  6.11416E-03  1.00000E+00  1.00000E+00  6.00565E-05
 4.73711E-01  1.40377E-01  5.17069E-03  1.00000E+00  1.00000E+00  6.00565E-05
 4.73711E-01  1.73711E-01  9.19014E-03  1.00000E+00  1.00000E+00  6.00565E-05
 4.73711E-01  2.07044E-01  1.69904E-02  1.00000E+00  1.00000E+00  6.00565E-05
 4.73711E-01  2.40377E-01  2.92377E-02  1.00000E+00  1.00000E+00  6.00565E-05
 4.73711E-01  2.73711E-01  4.81385E-02  1.00000E+00  1.00000E+00  6.00565E-05
 4.73711E-01  3.07044E-01  7.58372E-02  1.00000E+00  1.00000E+00  6.00565E-05
 4.73711E-01  3.40377E-01  1.14239E-01  1.00000E+00  1.00000E+00  6.00565E-05
 4.73711E-01  3.73711E-01  1.64573E-01  1.00000E+00  1.00000E+00  6.00565E-05
 4.73711E-01  4.07044E-01  2.26735E-01  1.00000E+00  1.00000E+00  6.00565E-05
 4.73711E-01  4.40377E-01  2.98745E-01  1.00000E+00  1.00000E+00  6.00565E-05
 4.73711E-01  4.73711E-01  3.76456E-01  1.00000E+00  1.00000E+00  6.00565E-05
 4.73711E-01  5.07044E-01  4.53699E-01  1.00000E+00  1.00000E+00  6.00565E-05
 4.73711E-01  5.40377E-01  5.22957E-01  1.00000E+00  1.00000E+00  6.00565E-05
 4.73711E-01  5.73711E-01  5.76520E-01  1.00000E+00  1.00000E+00  6.00565E-05
 4.73711E-01  6.07044E-01  6.07880E-01  1.00000E+00  1.00000E+00  6.00565E-05
 4.73711E-01  6.40377E-01  6.13024E-01  1.00000E+00  1.00000E+00  6.00565E-05
 4.73711E-01  6.73711E-01  5.91282E-01  1.00000E+00  1.00000E+00  6.00565E-05
 4.73711E-01  7.07044E-01  5.45466E-01  1.00000E+00  1.00000E+00  6.00565E-05
 4.73711E-01  7.40377E-01  4.81277E-01  1.00000E+00  1.00000E+00  6.00565E-05
 4.73711E-01  7.73711E-01  4.06137E-01  1.00000E+00  1.00000E+00  6.00565E-05
 4.73711E-01  8.07044E-01  3.27788E-01  1.00000E+00  1.00000E+00  6.00565E-05
 4.73711E-01  8.40377E-01  2.53018E-01  1.00000E+00  1.00000E+00  6.00565E-05
 4.73711E-01  8.73711E-01  1.86783E-01  1.00000E+00  1.00000E+00  6.00565E-05
 4.73711E-01  9.07044E-01  1.31868E-01  1.00000E+00  1.00000E+00  6.00565E-05
 4.73711E-01  9.40377E-01  8.90354E-02  1.00000E+00  1.00000E+00  6.00565E-05
 4.73711E-01  9.73711E-01  5.74815E-02  1.00000E+00  1.00000E+00  6.00565E-05
 5.07044E-01  7.04416E-03  4.27666E-02  1.00000E+00  1.00000E+00  6.00565E-05
 5.07044E-01  4.03775E-02  2.53340E-02  1.00000E+00  1.00000E+00  6.00565E-05
 5.07044E-01  7.37108E-02  1.41262E-02  1.00000E+00  1.00000E+00  6.00565E-05
 5.07044E-01  1.07044E-01  7.36906E-03  1.00000E+00  1.00000E+00  6.00565E-05
 5.07044E-01  1.40377E-01  6.22944E-03  1.00000E+00  1.00000E+00  6.00565E-05
 5.07044E-01  1.73711E-01  1.10743E-02  1.00000E+00  1.00000E+00  6.00565E-05
 5.07044E-01  2.07044E-01  2.04757E-02  1.00000E+00  1.00000E+00  6.00565E-05
 5.07044E-01  2.40377E-01  3.52354E-02  1.00000E+00  1.00000E+00  6.00565E-05
 5.07044E-01  2.73711E-01  5.80144E-02  1.00000E+00  1.00000E+00  6.00565E-05
 5.07044E-01  3.07044E-01  9.13964E-02  1.00000E+00  1.00000E+00  6.00565E-05
 5.07044E-01  3.40377E-01  1.37678E-01  1.00000E+00  1.00000E+00  6.00565E-05
 5.07044E-01  3.73711E-01  1.98340E-01  1.00000E+00  1.00000E+00  6.00565E-05
 5.07044E-01  4.07044E-01  2.73256E-01  1.00000E+00  1.00000E+00  6.00565E-05
 5.07044E-01  4.40377E-01  3.60042E-01  1.00000E+00  1.00000E+00  6.00565E-05
 5.07044E-01  4.73711E-01  4.53699E-01  1.00000E+00  1.00000E+00  6.00565E-05
 5.07044E-01  5.07044E-01  5.46790E-01  1.00000E+00  1.00000E+00  6.00565E-05
 5.07044E-01  5.40377E-01  6.30259E-01  1.00000E+00  1.00000E+00  6.00565E-05
 5.07044E-01  5.73711E-01  6.94813E-01  1.00000E+00  1.00000E+00  6.00565E-05
 5.07044E-01  6.07044E-01  7.32607E-01  1.00000E+00  1.00000E+00  6.00565E-05
 5.07044E-01  6.40377E-01  7.38807E-01  1.00000E+00  1.00000E+00  6.00565E-05
 5.07044E-01  6.73711E-01  7.12603E-01  1.00000E+00  1.00000E+00  6.00565E-05
 5.07044E-01  7.07044E-01  6.57387E-01  1.00000E+00  1.00000E+00  6.00565E-05
 5.07044E-01  7.40377E-01  5.80027E-01  1.00000E+00  1.00000E+00  6.00565E-05
 5.07044E-01  7.73711E-01  4.89469E-01  1.00000E+00  1.00000E+00  6.00565E-05
 5.07044E-01  8.07044E-01  3.95044E-01  1.00000E+00  1.00000E+00  6.00565E-05
 5.07044E-01  8.40377E-01  3.04932E-01  1.00000E+00  1.00000E+00  6.00565E-05
 5.07044E-01  8.73711E-01  2.25107E-01  1.00000E+00  1.00000E+00  6.00565E-05
 5.07044E-01  9.07044E-01  1.58924E-01  1.00000E+00  1.00000E+00  6.00565E-05
 5.07044E-01  9.40377E-01  1.07303E-01  1.00000E+00  1.00000E+00  6.00565E-05
 5.07044E-01  9.73711E-01  6.92746E-02  1.00000E+00  1.00000E+00  6.00565E-05
 5.40377E-01  7.04416E-03  4.92945E-02  1.00000E+00  1.00000E+00  6.00565E-05
 5.40377E-01  4.03775E-02  2.91997E-02  1.00000E+00  1.00000E+00  6.00565E-05
 5.40377E-01  7.37108E-02  1.62815E-02  1.00000E+00  1.00000E+00  6.00565E-05
 5.40377E-01  1.07044E-01  8.49431E-03  1.00000E+00  1.00000E+00  6.00565E-05
 5.40377E-01  1.40377E-01  7.17864E-03  1.00000E+00  1.00000E+00  6.00565E-05
 5.40377E-01  1.73711E-01  1.27636E-02  1.00000E+00  1.00000E+00  6.00565E-05
 5.40377E-01  2.07044E-01  2.36007E-02  1.00000E+00  1.00000E+00  6.00565E-05
 5.40377E-01  2.40377E-01  4.06132E-02  1.00000E+00  1.00000E+00  6.00565E-05
 5.40377E-01  2.73711E-01  6.68694E-02  1.00000E+00  1.00000E+00  6.00565E-05
 5.40377E-01  3.07044E-01  1.05347E-01  1.00000E+00  1.00000E+00  6.00565E-05
 5.40377E-01  3.40377E-01  1.58694E-01  1.00000E+00  1.00000E+00  6.00565E-05
 5.40377E-01  3.73711E-01  2.28616E-01  1.00000E+00  1.00000E+00  6.00565E-05
 5.40377E-01  4.07044E-01  3.14969E-01  1.00000E+00  1.00000E+00  6.00565E-05
 5.40377E-01  4.40377E-01  4.15003E-01  1.00000E+00  1.00000E+00  6.00565E-05
 5.40377E-01  4.73711E-01  5.22957E-01  1.00000E+00  1.00000E+00  6.00565E-05
 5.40377E-01  5.07044E-01  6.30259E-01  1.00000E+00  1.00000E+00  6.00565E-05
 5.40377E-01  5.40377E-01  7.26470E-01  1.00000E+00  1.00000E+00  6.00565E-05
 5.40377E-01  5.73711E-01  8.00879E-01  1.00000E+00  1.00000E+00  6.00565E-05
 5.40377E-01  6.07044E-01  8.44442E-01  1.00000E+00  1.00000E+00  6.00565E-05
 5.40377E-01  6.40377E-01  8.51588E-01  1.00000E+00  1.00000E+00  6.00565E-05
 5.40377E-01  6.73711E-01  8.21384E-01  1.00000E+00  1.00000E+00  6.00565E-05
 5.40377E-01  7.07044E-01  7.57739E-01  1.00000E+00  1.00000E+00  6.00565E-05
 5.40377E-01  7.40377E-01  6.68569E-01  1.00000E+00  1.00000E+00  6.00565E-05
 5.40377E-01  7.73711E-01  5.64187E-01  1.00000E+00  1.00000E+00  6.00565E-05
 5.40377E-01  8.07044E-01  4.55348E-01  1.00000E+00  1.00000E+00  6.00565E-05
 5.40377E-01  8.40377E-01  3.51480E-01  1.00000E+00  1.00000E+00  6.00565E-05
 5.40377E-01  8.73711E-01  2.59469E-01  1.00000E+00  1.00000E+00  6.00565E-05
 5.40377E-01  9.07044E-01  1.83184E-01  1.00000E+00  1.00000E+00  6.00565E-05
 5.40377E-01  9.40377E-01  1.23682E-01  1.00000E+00  1.00000E+00  6.00565E-05
 5.40377E-01  9.73711E-01  7.98488E-02  1.00000E+00  1.00000E+00  6.00565E-05
 5.73711E-01  7.04416E-03  5.43432E-02  1.00000E+00  1.00000E+00  6.00565E-05
 5.73711E-01  4.03775E-02  3.21893E-02  1.00000E+00  1.00000E+00  6.00565E-05
 5.73711E-01  7.37108E-02  1.79484E-02  1.00000E+00  1.00000E+00  6.00565E-05
 5.73711E-01  1.07044E-01  9.36463E-03  1.00000E+00  1.00000E+00  6.00565E-05
 5.73711E-01  1.40377E-01  7.91269E-03  1.00000E+00  1.00000E+00  6.00565E-05
 5.73711E-01  1.73711E-01  1.40701E-02  1.00000E+00  1.00000E+00  6.00565E-05
 5.73711E-01  2.07044E-01  2.60176E-02  1.00000E+00  1.00000E+00  6.00565E-05
 5.73711E-01  2.40377E-01  4.47723E-02  1.00000E+00  1.00000E+00  6.00565E-05
 5.73711E-01  2.73711E-01  7.37179E-02  1.00000E+00  1.00000E+00  6.00565E-05
 5.73711E-01  3.07044E-01  1.16137E-01  1.00000E+00  1.00000E+00  6.00565E-05
 5.73711E-01  3.40377E-01  1.74947E-01  1.00000E+00  1.00000E+00  6.00565E-05
 5.73711E-01  3.73711E-01  2.52032E-01  1.00000E+00  1.00000E+00  6.00565E-05
 5.73711E-01  4.07044E-01  3.47229E-01  1.00000E+00  1.00000E+00  6.00565E-05
 5.73711E-01  4.40377E-01  4.57509E-01  1.00000E+00  1.00000E+00  6.00565E-05
 5.73711E-01  4.73711E-01  5.76520E-01  1.00000E+00  1.00000E+00  6.00565E-05
 5.73711E-01  5.07044E-01  6.94813E-01  1.00000E+00  1.00000E+00  6.00565E-05
 5.73711E-01  5.40377E-01  8.00879E-01  1.00000E+00  1.00000E+00  6.00565E-05
 5.73711E-01  5.73711E-01  8.82908E-01  1.00000E+00  1.00000E+00  6.00565E-05
 5.73711E-01  6.07044E-01  9.30934E-01  1.00000E+00  1.00000E+00  6.00565E-05
 5.73711E-01  6.40377E-01  9.38812E-01  1.00000E+00  1.00000E+00  6.00565E-05
 5.73711E-01  6.73711E-01  9.05514E-01  1.00000E+00  1.00000E+00  6.00565E-05
 5.73711E-01  7.07044E-01  8.35350E-01  1.00000E+00  1.00000E+00  6.00565E-05
 5.73711E-01  7.40377E-01  7.37047E-01  1.00000E+00  1.00000E+00  6.00565E-05
 5.73711E-01  7.73711E-01  6.21974E-01  1.00000E+00  1.00000E+00  6.00565E-05
 5.73711E-01  8.07044E-01  5.01987E-01  1.00000E+00  1.00000E+00  6.00565E-05
 5.73711E-01  8.40377E-01  3.87480E-01  1.00000E+00  1.00000E+00  6.00565E-05
 5.73711E-01  8.73711E-01  2.86045E-01  1.00000E+00  1.00000E+00  6.00565E-05
 5.73711E-01  9.07044E-01  2.01946E-01  1.00000E+00  1.00000E+00  6.00565E-05
 5.73711E-01  9.40377E-01  1.36349E-01  1.00000E+00  1.00000E+00  6.00565E-05
 5.73711E-01  9.73711E-01  8.80267E-02  1.00000E+00  1.00000E+00  6.00565E-05
 6.07044E-01  7.04416E-03  5.72991E-02  1.00000E+00  1.00000E+00  6.00565E-05
 6.07044E-01  4.03775E-02  3.39397E-02  1.00000E+00  1.00000E+00  6.00565E-05
 6.07044E-01  7.37108E-02  1.89244E-02  1.00000E+00  1.00000E+00  6.00565E-05
 6.07044E-01  1.07044E-01  9.87421E-03  1.00000E+00  1.00000E+00  6.00565E-05
 6.07044E-01  1.40377E-01  8.34246E-03  1.00000E+00  1.00000E+00  6.00565E-05
 6.07044E-01  1.73711E-01  1.48350E-02  1.00000E+00  1.00000E+00  6.00565E-05
 6.07044E-01  2.07044E-01  2.74327E-02  1.00000E+00  1.00000E+00  6.00565E-05
 6.07044E-01  2.40377E-01  4.72074E-02  1.00000E+00  1.00000E+00  6.00565E-05
 6.07044E-01  2.73711E-01  7.77275E-02  1.00000E+00  1.00000E+00  6.00565E-05
 6.07044E-01  3.07044E-01  1.22454E-01  1.00000E+00  1.00000E+00  6.00565E-05
 6.07044E-01  3.40377E-01  1.84463E-01  1.00000E+00  1.00000E+00  6.00565E-05
 6.07044E-01  3.73711E-01  2.65741E-01  1.00000E+00  1.00000E+00  6.00565E-05
 6.07044E-01  4.07044E-01  3.66117E-01  1.00000E+00  1.00000E+00  6.00565E-05
 6.07044E-01  4.40377E-01  4.82395E-01  1.00000E+00  1.00000E+00  6.00565E-05
 6.07044E-01  4.73711E-01  6.07880E-01  1.00000E+00  1.00000E+00  6.00565E-05
 6.07044E-01  5.07044E-01  7.32607E-01  1.00000E+00  1.00000E+00  6.00565E-05
 6.07044E-01  5.40377E-01  8.44442E-01  1.00000E+00  1.00000E+00  6.00565E-05
 6.07044E-01  5.73711E-01  9.30934E-01  1.00000E+00  1.00000E+00  6.00565E-05
 6.07044E-01  6.07044E-01  9.81572E-01  1.00000E+00  1.00000E+00  6.00565E-05
 6.07044E-01  6.40377E-01  9.89878E-01  1.00000E+00  1.00000E+00  6.00565E-05
 6.07044E-01  6.73711E-01  9.54769E-01  1.00000E+00  1.00000E+00  6.00565E-05
 6.07044E-01  7.07044E-01  8.80788E-01  1.00000E+00  1.00000E+00  6.00565E-05
 6.07044E-01  7.40377E-01  7.77139E-01  1.00000E+00  1.00000E+00  6.00565E-05
 6.07044E-01  7.73711E-01  6.55805E-01  1.00000E+00  1.00000E+00  6.00565E-05
 6.07044E-01  8.07044E-01  5.29292E-01  1.00000E+00  1.00000E+00  6.00565E-05
 6.07044E-01  8.40377E-01  4.08557E-01  1.00000E+00  1.00000E+00  6.00565E-05
 6.07044E-01  8.73711E-01  3.01604E-01  1.00000E+00  1.00000E+00  6.00565E-05
 6.07044E-01  9.07044E-01  2.12930E-01  1.00000E+00  1.00000E+00  6.00565E-05
 6.07044E-01  9.40377E-01  1.43766E-01  1.00000E+00  1.00000E+00  6.00565E-05
 6.07044E-01  9.73711E-01  9.28147E-02  1.00000E+00  1.00000E+00  6.00565E-05
 6.40377E-01  7.04416E-03  5.77841E-02  1.00000E+00  1.00000E+00  6.00565E-05
 6.40377E-01  4.03775E-02  3.42269E-02  1.00000E+00  1.00000E+00  6.00565E-05
 6.40377E-01  7.37108E-02  1.90845E-02  1.00000E+00  1.00000E+00  6.00565E-05
 6.40377E-01  1.07044E-01  9.95786E-03  1.00000E+00  1.00000E+00  6.00565E-05
 6.40377E-01  1.40377E-01  8.41301E-03  1.00000E+00  1.00000E+00  6.00565E-05
 6.40377E-01  1.73711E-01  1.49606E-02  1.00000E+00  1.00000E+00  6.00565E-05
 6.40377E-01  2.07044E-01  2.76649E-02  1.00000E+00  1.00000E+00  6.00565E-05
 6.40377E-01  2.40377E-01  4.76069E-02  1.00000E+00  1.00000E+00  6.00565E-05
 6.40377E-01  2.73711E-01  7.83853E-02  1.00000E+00  1.00000E+00  6.00565E-05
 6.40377E-01  3.07044E-01  1.23490E-01  1.00000E+00  1.00000E+00  6.00565E-05
 6.40377E-01  3.40377E-01  1.86024E-01  1.00000E+00  1.00000E+00  6.00565E-05
 6.40377E-01  3.73711E-01  2.67990E-01  1.00000E+00  1.00000E+00  6.00565E-05
 6.40377E-01  4.07044E-01  3.69215E-01  1.00000E+00  1.00000E+00  6.00565E-05
 6.40377E-01  4.40377E-01  4.86478E-01  1.00000E+00  1.00000E+00  6.00565E-05
 6.40377E-01  4.73711E-01  6.13024E-01  1.00000E+00  1.00000E+00  6.00565E-05
 6.40377E-01  5.07044E-01  7.38807E-01  1.00000E+00  1.00000E+00  6.00565E-05
 6.40377E-01  5.40377E-01  8.51588E-01  1.00000E+00  1.00000E+00  6.00565E-05
 6.40377E-01  5.73711E-01  9.38812E-01  1.00000E+00  1.00000E+00  6.00565E-05
 6.40377E-01  6.07044E-01  9.89878E-01  1.00000E+00  1.00000E+00  6.00565E-05
 6.40377E-01  6.40377E-01  9.98255E-01  1.00000E+00  1.00000E+00  6.00565E-05
 6.40377E-01  6.73711E-01  9.62849E-01  1.00000E+00  1.00000E+00  6.00565E-05
 6.40377E-01  7.07044E-01  8.88242E-01  1.00000E+00  1.00000E+00  6.00565E-05
 6.40377E-01  7.40377E-01  7.83715E-01  1.00000E+00  1.00000E+00  6.00565E-05
 6.40377E-01  7.73711E-01  6.61355E-01  1.00000E+00  1.00000E+00  6.00565E-05
 6.40377E-01  8.07044E-01  5.33771E-01  1.00000E+00  1.00000E+00  6.00565E-05
 6.40377E-01  8.40377E-01  4.12014E-01  1.00000E+00  1.00000E+00  6.00565E-05
 6.40377E-01  8.73711E-01  3.04156E-01  1.00000E+00  1.00000E+00  6.00565E-05
 6.40377E-01  9.07044E-01  2.14732E-01  1.00000E+00  1.00000E+00  6.00565E-05
 6.40377E-01  9.40377E-01  1.44982E-01  1.00000E+00  1.00000E+00  6.00565E-05
 6.40377E-01  9.73711E-01  9.36003E-02  1.00000E+00  1.00000E+00  6.00565E-05
 6.73711E-01  7.04416E-03  5.57350E-02  1.00000E+00  1.00000E+00  6.00565E-05
 6.73711E-01  4.03775E-02  3.30135E-02  1.00000E+00  1.00000E+00  6.00565E-05
 6.73711E-01  7.37108E-02  1.84080E-02  1.00000E+00  1.00000E+00  6.00565E-05
 6.73711E-01  1.07044E-01  9.60468E-03  1.00000E+00  1.00000E+00  6.00565E-05
 6.73711E-01  1.40377E-01  8.11515E-03  1.00000E+00  1.00000E+00  6.00565E-05
 6.73711E-01  1.73711E-01  1.44304E-02  1.00000E+00  1.00000E+00  6.00565E-05
 6.73711E-01  2.07044E-01  2.66840E-02  1.00000E+00  1.00000E+00  6.00565E-05
 6.73711E-01  2.40377E-01  4.59189E-02  1.00000E+00  1.00000E+00  6.00565E-05
 6.73711E-01  2.73711E-01  7.56057E-02  1.00000E+00  1.00000E+00  6.00565E-05
 6.73711E-01  3.07044E-01  1.19111E-01  1.00000E+00  1.00000E+00  6.00565E-05
 6.73711E-01  3.40377E-01  1.79427E-01  1.00000E+00  1.00000E+00  6.00565E-05
 6.73711E-01  3.73711E-01  2.58485E-01  1.00000E+00  1.00000E+00  6.00565E-05
 6.73711E-01  4.07044E-01  3.56120E-01  1.00000E+00  1.00000E+00  6.00565E-05
 6.73711E-01  4.40377E-01  4.69224E-01  1.00000E+00  1.00000E+00  6.00565E-05
 6.73711E-01  4.73711E-01  5.91282E-01  1.00000E+00  1.00000E+00  6.00565E-05
 6.73711E-01  5.07044E-01  7.12603E-01  1.00000E+00  1.00000E+00  6.00565E-05
 6.73711E-01  5.40377E-01  8.21384E-01  1.00000E+00  1.00000E+00  6.00565E-05
 6.73711E-01  5.73711E-01  9.05514E-01  1.00000E+00  1.00000E+00  6.00565E-05
 6.73711E-01  6.07044E-01  9.54769E-01  1.00000E+00  1.00000E+00  6.00565E-05
 6.73711E-01  6.40377E-01  9.62849E-01  1.00000E+00  1.00000E+00  6.00565E-05
 6.73711E-01  6.73711E-01  9.28699E-01  1.00000E+00  1.00000E+00  6.00565E-05
 6.73711E-01  7.07044E-01  8.56738E-01  1.00000E+00  1.00000E+00  6.00565E-05
 6.73711E-01  7.40377E-01  7.55919E-01  1.00000E+00  1.00000E+00  6.00565E-05
 6.73711E-01  7.73711E-01  6.37899E-01  1.00000E+00  1.00000E+00  6.00565E-05
 6.73711E-01  8.07044E-01  5.14840E-01  1.00000E+00  1.00000E+00  6.00565E-05
 6.73711E-01  8.40377E-01  3.97401E-01  1.00000E+00  1.00000E+00  6.00565E-05
 6.73711E-01  8.73711E-01  2.93369E-01  1.00000E+00  1.00000E+00  6.00565E-05
 6.73711E-01  9.07044E-01  2.07117E-01  1.00000E+00  1.00000E+00  6.00565E-05
 6.73711E-01  9.40377E-01  1.39841E-01  1.00000E+00  1.00000E+00  6.00565E-05
 6.73711E-01  9.73711E-01  9.02809E-02  1.00000E+00  1.00000E+00  6.00565E-05
 7.07044E-01  7.04416E-03  5.14168E-02  1.00000E+00  1.00000E+00  6.00565E-05
 7.07044E-01  4.03775E-02  3.04565E-02  1.00000E+00  1.00000E+00  6.00565E-05
 7.07044E-01  7.37108E-02  1.69824E-02  1.00000E+00  1.00000E+00  6.00565E-05
 7.07044E-01  1.07044E-01  8.86035E-03  1.00000E+00  1.00000E+00  6.00565E-05
 7.07044E-01  1.40377E-01  7.48740E-03  1.00000E+00  1.00000E+00  6.00565E-05
 7.07044E-01  1.73711E-01  1.33130E-02  1.00000E+00  1.00000E+00  6.00565E-05
 7.07044E-01  2.07044E-01  2.46169E-02  1.00000E+00  1.00000E+00  6.00565E-05
 7.07044E-01  2.40377E-01  4.23616E-02  1.00000E+00  1.00000E+00  6.00565E-05
 7.07044E-01  2.73711E-01  6.97481E-02  1.00000E+00  1.00000E+00  6.00565E-05
 7.07044E-01  3.07044E-01  1.09882E-01  1.00000E+00  1.00000E+00  6.00565E-05
 7.07044E-01  3.40377E-01  1.65525E-01  1.00000E+00  1.00000E+00  6.00565E-05
 7.07044E-01  3.73711E-01  2.38457E-01  1.00000E+00  1.00000E+00  6.00565E-05
 7.07044E-01  4.07044E-01  3.28527E-01  1.00000E+00  1.00000E+00  6.00565E-05
 7.07044E-01  4.40377E-01  4.32866E-01  1.00000E+00  1.00000E+00  6.00565E-05
 7.07044E-01  4.73711E-01  5.45466E-01  1.00000E+00  1.00000E+00  6.00565E-05
 7.07044E-01  5.07044E-01  6.57387E-01  1.00000E+00  1.00000E+00  6.00565E-05
 7.07044E-01  5.40377E-01  7.57739E-01  1.00000E+00  1.00000E+00  6.00565E-05
 7.07044E-01  5.73711E-01  8.35350E-01  1.00000E+00  1.00000E+00  6.00565E-05
 7.07044E-01  6.07044E-01  8.80788E-01  1.00000E+00  1.00000E+00  6.00565E-05
 7.07044E-01  6.40377E-01  8.88242E-01  1.00000E+00  1.00000E+00  6.00565E-05
 7.07044E-01  6.73711E-01  8.56738E-01  1.00000E+00  1.00000E+00  6.00565E-05
 7.07044E-01  7.07044E-01  7.90353E-01  1.00000E+00  1.00000E+00  6.00565E-05
 7.07044E-01  7.40377E-01  6.97346E-01  1.00000E+00  1.00000E+00  6.00565E-05
 7.07044E-01  7.73711E-01  5.88471E-01  1.00000E+00  1.00000E+00  6.00565E-05
 7.07044E-01  8.07044E-01  4.74948E-01  1.00000E+00  1.00000E+00  6.00565E-05
 7.07044E-01  8.40377E-01  3.66609E-01  1.00000E+00  1.00000E+00  6.00565E-05
 7.07044E-01  8.73711E-01  2.70638E-01  1.00000E+00  1.00000E+00  6.00565E-05
 7.07044E-01  9.07044E-01  1.91069E-01  1.00000E+00  1.00000E+00  6.00565E-05
 7.07044E-01  9.40377E-01  1.29006E-01  1.00000E+00  1.00000E+00  6.00565E-05
 7.07044E-01  9.73711E-01  8.32861E-02  1.00000E+00  1.00000E+00  6.00565E-05
 7.40377E-01  7.04416E-03  4.53668E-02  1.00000E+00  1.00000E+00  6.00565E-05
 7.40377E-01  4.03775E-02  2.68740E-02  1.00000E+00  1.00000E+00  6.00565E-05
 7.40377E-01  7.37108E-02  1.49849E-02  1.00000E+00  1.00000E+00  6.00565E-05
 7.40377E-01  1.07044E-01  7.81750E-03  1.00000E+00  1.00000E+00  6.00565E-05
 7.40377E-01  1.40377E-01  6.60777E-03  1.00000E+00  1.00000E+00  6.00565E-05
 7.40377E-01  1.73711E-01  1.17474E-02  1.00000E+00  1.00000E+00  6.00565E-05
 7.40377E-01  2.07044E-01  2.17207E-02  1.00000E+00  1.00000E+00  6.00565E-05
 7.40377E-01  2.40377E-01  3.73776E-02  1.00000E+00  1.00000E+00  6.00565E-05
 7.40377E-01  2.73711E-01  6.15413E-02  1.00000E+00  1.00000E+00  6.00565E-05
 7.40377E-01  3.07044E-01  9.69525E-02  1.00000E+00  1.00000E+00  6.00565E-05
 7.40377E-01  3.40377E-01  1.46047E-01  1.00000E+00  1.00000E+00  6.00565E-05
 7.40377E-01  3.73711E-01  2.10397E-01  1.00000E+00  1.00000E+00  6.00565E-05
 7.40377E-01  4.07044E-01  2.89867E-01  1.00000E+00  1.00000E+00  6.00565E-05
 7.40377E-01  4.40377E-01  3.81928E-01  1.00000E+00  1.00000E+00  6.00565E-05
 7.40377E-01  4.73711E-01  4.81277E-01  1.00000E+00  1.00000E+00  6.00565E-05
 7.40377E-01  5.07044E-01  5.80027E-01  1.00000E+00  1.00000E+00  6.00565E-05
 7.40377E-01  5.40377E-01  6.68569E-01  1.00000E+00  1.00000E+00  6.00565E-05
 7.40377E-01  5.73711E-01  7.37047E-01  1.00000E+00  1.00000E+00  6.00565E-05
 7.40377E-01  6.07044E-01  7.77139E-01  1.00000E+00  1.00000E+00  6.00565E-05
 7.40377E-01  6.40377E-01  7.83715E-01  1.00000E+00  1.00000E+00  6.00565E-05
 7.40377E-01  6.73711E-01  7.55919E-01  1.00000E+00  1.00000E+00  6.00565E-05
 7.40377E-01  7.07044E-01  6.97346E-01  1.00000E+00  1.00000E+00  6.00565E-05
 7.40377E-01  7.40377E-01  6.15284E-01  1.00000E+00  1.00000E+00  6.00565E-05
 7.40377E-01  7.73711E-01  5.19221E-01  1.00000E+00  1.00000E+00  6.00565E-05
 7.40377E-01  8.07044E-01  4.19058E-01  1.00000E+00  1.00000E+00  6.00565E-05
 7.40377E-01  8.40377E-01  3.23468E-01  1.00000E+00  1.00000E+00  6.00565E-05
 7.40377E-01  8.73711E-01  2.38791E-01  1.00000E+00  1.00000E+00  6.00565E-05
 7.40377E-01  9.07044E-01  1.68585E-01  1.00000E+00  1.00000E+00  6.00565E-05
 7.40377E-01  9.40377E-01  1.13826E-01  1.00000E+00  1.00000E+00  6.00565E-05
 7.40377E-01  9.73711E-01  7.34861E-02  1.00000E+00  1.00000E+00  6.00565E-05
 7.73711E-01  7.04416E-03  3.82845E-02  1.00000E+00  1.00000E+00  6.00565E-05
 7.73711E-01  4.03775E-02  2.26800E-02  1.00000E+00  1.00000E+00  6.00565E-05
 7.73711E-01  7.37108E-02  1.26466E-02  1.00000E+00  1.00000E+00  6.00565E-05
 7.73711E-01  1.07044E-01  6.59675E-03  1.00000E+00  1.00000E+00  6.00565E-05
 7.73711E-01  1.40377E-01  5.57790E-03  1.00000E+00  1.00000E+00  6.00565E-05
 7.73711E-01  1.73711E-01  9.91462E-03  1.00000E+00  1.00000E+00  6.00565E-05
 7.73711E-01  2.07044E-01  1.83303E-02  1.00000E+00  1.00000E+00  6.00565E-05
 7.73711E-01  2.40377E-01  3.15431E-02  1.00000E+00  1.00000E+00  6.00565E-05
 7.73711E-01  2.73711E-01  5.19342E-02  1.00000E+00  1.00000E+00  6.00565E-05
 7.73711E-01  3.07044E-01  8.18168E-02  1.00000E+00  1.00000E+00  6.00565E-05
 7.73711E-01  3.40377E-01  1.23246E-01  1.00000E+00  1.00000E+00  6.00565E-05
 7.73711E-01  3.73711E-01  1.77549E-01  1.00000E+00  1.00000E+00  6.00565E-05
 7.73711E-01  4.07044E-01  2.44612E-01  1.00000E+00  1.00000E+00  6.00565E-05
 7.73711E-01  4.40377E-01  3.22299E-01  1.00000E+00  1.00000E+00  6.00565E-05
 7.73711E-01  4.73711E-01  4.06137E-01  1.00000E+00  1.00000E+00  6.00565E-05
 7.73711E-01  5.07044E-01  4.89469E-01  1.00000E+00  1.00000E+00  6.00565E-05
 7.73711E-01  5.40377E-01  5.64187E-01  1.00000E+00  1.00000E+00  6.00565E-05
 7.73711E-01  5.73711E-01  6.21974E-01  1.00000E+00  1.00000E+00  6.00565E-05
 7.73711E-01  6.07044E-01  6.55805E-01  1.00000E+00  1.00000E+00  6.00565E-05
 7.73711E-01  6.40377E-01  6.61355E-01  1.00000E+00  1.00000E+00  6.00565E-05
 7.73711E-01  6.73711E-01  6.37899E-01  1.00000E+00  1.00000E+00  6.00565E-05
 7.73711E-01  7.07044E-01  5.88471E-01  1.00000E+00  1.00000E+00  6.00565E-05
 7.73711E-01  7.40377E-01  5.19221E-01  1.00000E+00  1.00000E+00  6.00565E-05
 7.73711E-01  7.73711E-01  4.38157E-01  1.00000E+00  1.00000E+00  6.00565E-05
 7.73711E-01  8.07044E-01  3.53632E-01  1.00000E+00  1.00000E+00  6.00565E-05
 7.73711E-01  8.40377E-01  2.72967E-01  1.00000E+00  1.00000E+00  6.00565E-05
 7.73711E-01  8.73711E-01  2.01510E-01  1.00000E+00  1.00000E+00  6.00565E-05
 7.73711E-01  9.07044E-01  1.42266E-01  1.00000E+00  1.00000E+00  6.00565E-05
 7.73711E-01  9.40377E-01  9.60556E-02  1.00000E+00  1.00000E+00  6.00565E-05
 7.73711E-01  9.73711E-01  6.20139E-02  1.00000E+00  1.00000E+00  6.00565E-05
 8.07044E-01  7.04416E-03  3.08998E-02  1.00000E+00  1.00000E+00  6.00565E-05
 8.07044E-01  4.03775E-02  1.83068E-02  1.00000E+00  1.00000E+00  6.00565E-05
 8.07044E-01  7.37108E-02  1.02082E-02  1.00000E+00  1.00000E+00  6.00565E-05
 8.07044E-01  1.07044E-01  5.32390E-03  1.00000E+00  1.00000E+00  6.00565E-05
 8.07044E-01  1.40377E-01  4.50384E-03  1.00000E+00  1.00000E+00  6.00565E-05
 8.07044E-01  1.73711E-01  8.00340E-03  1.00000E+00  1.00000E+00  6.00565E-05
 8.07044E-01  2.07044E-01  1.47950E-02  1.00000E+00  1.00000E+00  6.00565E-05
 8.07044E-01  2.40377E-01  2.54594E-02  1.00000E+00  1.00000E+00  6.00565E-05
 8.07044E-01  2.73711E-01  4.19168E-02  1.00000E+00  1.00000E+00  6.00565E-05
 8.07044E-01  3.07044E-01  6.60347E-02  1.00000E+00  1.00000E+00  6.00565E-05
 8.07044E-01  3.40377E-01  9.94718E-02  1.00000E+00  1.00000E+00  6.00565E-05
 8.07044E-01  3.73711E-01  1.43299E-01  1.00000E+00  1.00000E+00  6.00565E-05
 8.07044E-01  4.07044E-01  1.97424E-01  1.00000E+00  1.00000E+00  6.00565E-05
 8.07044E-01  4.40377E-01  2.60124E-01  1.00000E+00  1.00000E+00  6.00565E-05
 8.07044E-01  4.73711E-01  3.27788E-01  1.00000E+00  1.00000E+00  6.00565E-05
 8.07044E-01  5.07044E-01  3.95044E-01  1.00000E+00  1.00000E+00  6.00565E-05
 8.07044E-01  5.40377E-01  4.55348E-01  1.00000E+00  1.00000E+00  6.00565E-05
 8.07044E-01  5.73711E-01  5.01987E-01  1.00000E+00  1.00000E+00  6.00565E-05
 8.07044E-01  6.07044E-01  5.29292E-01  1.00000E+00  1.00000E+00  6.00565E-05
 8.07044E-01  6.40377E-01  5.33771E-01  1.00000E+00  1.00000E+00  6.00565E-05
 8.07044E-01  6.73711E-01  5.14840E-01  1.00000E+00  1.00000E+00  6.00565E-05
 8.07044E-01  7.07044E-01  4.74948E-01  1.00000E+00  1.00000E+00  6.00565E-05
 8.07044E-01  7.40377E-01  4.19058E-01  1.00000E+00  1.00000E+00  6.00565E-05
 8.07044E-01  7.73711E-01  3.53632E-01  1.00000E+00  1.00000E+00  6.00565E-05
 8.07044E-01  8.07044E-01  2.85413E-01  1.00000E+00  1.00000E+00  6.00565E-05
 8.07044E-01  8.40377E-01  2.20309E-01  1.00000E+00  1.00000E+00  6.00565E-05
 8.07044E-01  8.73711E-01  1.62638E-01  1.00000E+00  1.00000E+00  6.00565E-05
 8.07044E-01  9.07044E-01  1.14822E-01  1.00000E+00  1.00000E+00  6.00565E-05
 8.07044E-01  9.40377E-01  7.75267E-02  1.00000E+00  1.00000E+00  6.00565E-05
 8.07044E-01  9.73711E-01  5.00519E-02  1.00000E+00  1.00000E+00  6.00565E-05
 8.40377E-01  7.04416E-03  2.38522E-02  1.00000E+00  1.00000E+00  6.00565E-05
 8.40377E-01  4.03775E-02  1.41330E-02  1.00000E+00  1.00000E+00  6.00565E-05
 8.40377E-01  7.37108E-02  7.88100E-03  1.00000E+00  1.00000E+00  6.00565E-05
 8.40377E-01  1.07044E-01  4.10924E-03  1.00000E+00  1.00000E+00  6.00565E-05
 8.40377E-01  1.40377E-01  3.47853E-03  1.00000E+00  1.00000E+00  6.00565E-05
 8.40377E-01  1.73711E-01  6.17927E-03  1.00000E+00  1.00000E+00  6.00565E-05
 8.40377E-01  2.07044E-01  1.14211E-02  1.00000E+00  1.00000E+00  6.00565E-05
 8.40377E-01  2.40377E-01  1.96534E-02  1.00000E+00  1.00000E+00  6.00565E-05
 8.40377E-01  2.73711E-01  3.23568E-02  1.00000E+00  1.00000E+00  6.00565E-05
 8.40377E-01  3.07044E-01  5.09732E-02  1.00000E+00  1.00000E+00  6.00565E-05
 8.40377E-01  3.40377E-01  7.67831E-02  1.00000E+00  1.00000E+00  6.00565E-05
 8.40377E-01  3.73711E-01  1.10613E-01  1.00000E+00  1.00000E+00  6.00565E-05
 8.40377E-01  4.07044E-01  1.52391E-01  1.00000E+00  1.00000E+00  6.00565E-05
 8.40377E-01  4.40377E-01  2.00789E-01  1.00000E+00  1.00000E+00  6.00565E-05
 8.40377E-01  4.73711E-01  2.53018E-01  1.00000E+00  1.00000E+00  6.00565E-05
 8.40377E-01  5.07044E-01  3.04932E-01  1.00000E+00  1.00000E+00  6.00565E-05
 8.40377E-01  5.40377E-01  3.51480E-01  1.00000E+00  1.00000E+00  6.00565E-05
 8.40377E-01  5.73711E-01  3.87480E-01  1.00000E+00  1.00000E+00  6.00565E-05
 8.40377E-01  6.07044E-01  4.08557E-01  1.00000E+00  1.00000E+00  6.00565E-05
 8.40377E-01  6.40377E-01  4.12014E-01  1.00000E+00  1.00000E+00  6.00565E-05
 8.40377E-01  6.73711E-01  3.97401E-01  1.00000E+00  1.00000E+00  6.00565E-05
 8.40377E-01  7.07044E-01  3.66609E-01  1.00000E+00  1.00000E+00  6.00565E-05
 8.40377E-01  7.40377E-01  3.23468E-01  1.00000E+00  1.00000E+00  6.00565E-05
 8.40377E-01  7.73711E-01  2.72967E-01  1.00000E+00  1.00000E+00  6.00565E-05
 8.40377E-01  8.07044E-01  2.20309E-01  1.00000E+00  1.00000E+00  6.00565E-05
 8.40377E-01  8.40377E-01  1.70057E-01  1.00000E+00  1.00000E+00  6.00565E-05
 8.40377E-01  8.73711E-01  1.25540E-01  1.00000E+00  1.00000E+00  6.00565E-05
 8.40377E-01  9.07044E-01  8.86320E-02  1.00000E+00  1.00000E+00  6.00565E-05
 8.40377E-01  9.40377E-01  5.98439E-02  1.00000E+00  1.00000E+00  6.00565E-05
 8.40377E-01  9.73711E-01  3.86360E-02  1.00000E+00  1.00000E+00  6.00565E-05
 8.73711E-01  7.04416E-03  1.76090E-02  1.00000E+00  1.00000E+00  6.00565E-05
 8.73711E-01  4.03775E-02  1.04353E-02  1.00000E+00  1.00000E+00  6.00565E-05
 8.73711E-01  7.37108E-02  5.81926E-03  1.00000E+00  1.00000E+00  6.00565E-05
 8.73711E-01  1.07044E-01  3.03330E-03  1.00000E+00  1.00000E+00  6.00565E-05
 8.73711E-01  1.40377E-01  2.56993E-03  1.00000E+00  1.00000E+00  6.00565E-05
 8.73711E-01  1.73711E-01  4.56314E-03  1.00000E+00  1.00000E+00  6.00565E-05
 8.73711E-01  2.07044E-01  8.43222E-03  1.00000E+00  1.00000E+00  6.00565E-05
 8.73711E-01  2.40377E-01  1.45100E-02  1.00000E+00  1.00000E+00  6.00565E-05
 8.73711E-01  2.73711E-01  2.38879E-02  1.00000E+00  1.00000E+00  6.00565E-05
 8.73711E-01  3.07044E-01  3.76309E-02  1.00000E+00  1.00000E+00  6.00565E-05
 8.73711E-01  3.40377E-01  5.66842E-02  1.00000E+00  1.00000E+00  6.00565E-05
 8.73711E-01  3.73711E-01  8.16577E-02  1.00000E+00  1.00000E+00  6.00565E-05
 8.73711E-01  4.07044E-01  1.12499E-01  1.00000E+00  1.00000E+00  6.00565E-05
 8.73711E-01  4.40377E-01  1.48227E-01  1.00000E+00  1.00000E+00  6.00565E-05
 8.73711E-01  4.73711E-01  1.86783E-01  1.00000E+00  1.00000E+00  6.00565E-05
 8.73711E-01  5.07044E-01  2.25107E-01  1.00000E+00  1.00000E+00  6.00565E-05
 8.73711E-01  5.40377E-01  2.59469E-01  1.00000E+00  1.00000E+00  6.00565E-05
 8.73711E-01  5.73711E-01  2.86045E-01  1.00000E+00  1.00000E+00  6.00565E-05
 8.73711E-01  6.07044E-01  3.01604E-01  1.00000E+00  1.00000E+00  6.00565E-05
 8.73711E-01  6.40377E-01  3.04156E-01  1.00000E+00  1.00000E+00  6.00565E-05
 8.73711E-01  6.73711E-01  2.93369E-01  1.00000E+00  1.00000E+00  6.00565E-05
 8.73711E-01  7.07044E-01  2.70638E-01  1.00000E+00  1.00000E+00  6.00565E-05
 8.73711E-01  7.40377E-01  2.38791E-01  1.00000E+00  1.00000E+00  6.00565E-05
 8.73711E-01  7.73711E-01  2.01510E-01  1.00000E+00  1.00000E+00  6.00565E-05
 8.73711E-01  8.07044E-01  1.62638E-01  1.00000E+00  1.00000E+00  6.00565E-05
 8.73711E-01  8.40377E-01  1.25540E-01  1.00000E+00  1.00000E+00  6.00565E-05
 8.73711E-01  8.73711E-01  9.26777E-02  1.00000E+00  1.00000E+00  6.00565E-05
 8.73711E-01  9.07044E-01  6.54313E-02  1.00000E+00  1.00000E+00  6.00565E-05
 8.73711E-01  9.40377E-01  4.41794E-02  1.00000E+00  1.00000E+00  6.00565E-05
 8.73711E-01  9.73711E-01  2.85231E-02  1.00000E+00  1.00000E+00  6.00565E-05
 9.07044E-01  7.04416E-03  1.24327E-02  1.00000E+00  1.00000E+00  6.00565E-05
 9.07044E-01  4.03775E-02  7.36923E-03  1.00000E+00  1.00000E+00  6.00565E-05
 9.07044E-01  7.37108E-02  4.10959E-03  1.00000E+00  1.00000E+00  6.00565E-05
 9.07044E-01  1.07044E-01  2.14127E-03  1.00000E+00  1.00000E+00  6.00565E-05
 9.07044E-01  1.40377E-01  1.81618E-03  1.00000E+00  1.00000E+00  6.00565E-05
 9.07044E-01  1.73711E-01  3.22291E-03  1.00000E+00  1.00000E+00  6.00565E-05
 9.07044E-01  2.07044E-01  5.95396E-03  1.00000E+00  1.00000E+00  6.00565E-05
 9.07044E-01  2.40377E-01  1.02453E-02  1.00000E+00  1.00000E+00  6.00565E-05
 9.07044E-01  2.73711E-01  1.68661E-02  1.00000E+00  1.00000E+00  6.00565E-05
 9.07044E-01  3.07044E-01  2.65686E-02  1.00000E+00  1.00000E+00  6.00565E-05
 9.07044E-01  3.40377E-01  4.00201E-02  1.00000E+00  1.00000E+00  6.00565E-05
 9.07044E-01  3.73711E-01  5.76511E-02  1.00000E+00  1.00000E+00  6.00565E-05
 9.07044E-01  4.07044E-01  7.94248E-02  1.00000E+00  1.00000E+00  6.00565E-05
 9.07044E-01  4.40377E-01  1.04648E-01  1.00000E+00  1.00000E+00  6.00565E-05
 9.07044E-01  4.73711E-01  1.31868E-01  1.00000E+00  1.00000E+00  6.00565E-05
 9.07044E-01  5.07044E-01  1.58924E-01  1.00000E+00  1.00000E+00  6.00565E-05
 9.07044E-01  5.40377E-01  1.83184E-01  1.00000E+00  1.00000E+00  6.00565E-05
 9.07044E-01  5.73711E-01  2.01946E-01  1.00000E+00  1.00000E+00  6.00565E-05
 9.07044E-01  6.07044E-01  2.12930E-01  1.00000E+00  1.00000E+00  6.00565E-05
 9.07044E-01  6.40377E-01  2.14732E-01  1.00000E+00  1.00000E+00  6.00565E-05
 9.07044E-01  6.73711E-01  2.07117E-01  1.00000E+00  1.00000E+00  6.00565E-05
 9.07044E-01  7.07044E-01  1.91069E-01  1.00000E+00  1.00000E+00  6.00565E-05
 9.07044E-01  7.40377E-01  1.68585E-01  1.00000E+00  1.00000E+00  6.00565E-05
 9.07044E-01  7.73711E-01  1.42266E-01  1.00000E+00  1.00000E+00  6.00565E-05
 9.07044E-01  8.07044E-01  1.14822E-01  1.00000E+00  1.00000E+00  6.00565E-05
 9.07044E-01  8.40377E-01  8.86320E-02  1.00000E+00  1.00000E+00  6.00565E-05
 9.07044E-01  8.73711E-01  6.54313E-02  1.00000E+00  1.00000E+00  6.00565E-05
 9.07044E-01  9.07044E-01  4.61955E-02  1.00000E+00  1.00000E+00  6.00565E-05
 9.07044E-01  9.40377E-01  3.11918E-02  1.00000E+00  1.00000E+00  6.00565E-05
 9.07044E-01  9.73711E-01  2.01384E-02  1.00000E+00  1.00000E+00  6.00565E-05
 9.40377E-01  7.04416E-03  8.39530E-03  1.00000E+00  1.00000E+00  6.00565E-05
 9.40377E-01  4.03775E-02  4.97755E-03  1.00000E+00  1.00000E+00  6.00565E-05
 9.40377E-01  7.37108E-02  2.77600E-03  1.00000E+00  1.00000E+00  6.00565E-05
 9.40377E-01  1.07044E-01  1.44572E-03  1.00000E+00  1.00000E+00  6.00565E-05
 9.40377E-01  1.40377E-01  1.22802E-03  1.00000E+00  1.00000E+00  6.00565E-05
 9.40377E-01  1.73711E-01  2.17745E-03  1.00000E+00  1.00000E+00  6.00565E-05
 9.40377E-01  2.07044E-01  4.02100E-03  1.00000E+00  1.00000E+00  6.00565E-05
 9.40377E-01  2.40377E-01  6.91889E-03  1.00000E+00  1.00000E+00  6.00565E-05
 9.40377E-01  2.73711E-01  1.13892E-02  1.00000E+00  1.00000E+00  6.00565E-05
 9.40377E-01  3.07044E-01  1.79402E-02  1.00000E+00  1.00000E+00  6.00565E-05
 9.40377E-01  3.40377E-01  2.70223E-02  1.00000E+00  1.00000E+00  6.00565E-05
 9.40377E-01  3.73711E-01  3.89263E-02  1.00000E+00  1.00000E+00  6.00565E-05
 9.40377E-01  4.07044E-01  5.36272E-02  1.00000E+00  1.00000E+00  6.00565E-05
 9.40377E-01  4.40377E-01  7.06572E-02  1.00000E+00  1.00000E+00  6.00565E-05
 9.40377E-01  4.73711E-01  8.90354E-02  1.00000E+00  1.00000E+00  6.00565E-05
 9.40377E-01  5.07044E-01  1.07303E-01  1.00000E+00  1.00000E+00  6.00565E-05
 9.40377E-01  5.40377E-01  1.23682E-01  1.00000E+00  1.00000E+00  6.00565E-05
 9.40377E-01  5.73711E-01  1.36349E-01  1.00000E+00  1.00000E+00  6.00565E-05
 9.40377E-01  6.07044E-01  1.43766E-01  1.00000E+00  1.00000E+00  6.00565E-05
 9.40377E-01  6.40377E-01  1.44982E-01  1.00000E+00  1.00000E+00  6.00565E-05
 9.40377E-01  6.73711E-01  1.39841E-01  1.00000E+00  1.00000E+00  6.00565E-05
 9.40377E-01  7.07044E-01  1.29006E-01  1.00000E+00  1.00000E+00  6.00565E-05
 9.40377E-01  7.40377E-01  1.13826E-01  1.00000E+00  1.00000E+00  6.00565E-05
 9.40377E-01  7.73711E-01  9.60556E-02  1.00000E+00  1.00000E+00  6.00565E-05
 9.40377E-01  8.07044E-01  7.75267E-02  1.00000E+00  1.00000E+00  6.00565E-05
 9.40377E-01  8.40377E-01  5.98439E-02  1.00000E+00  1.00000E+00  6.00565E-05
 9.40377E-01  8.73711E-01  4.41794E-02  1.00000E+00  1.00000E+00  6.00565E-05
 9.40377E-01  9.07044E-01  3.11918E-02  1.00000E+00  1.00000E+00  6.00565E-05
 9.40377E-01  9.40377E-01  2.10617E-02  1.00000E+00  1.00000E+00  6.00565E-05
 9.40377E-01  9.73711E-01  1.35984E-02  1.00000E+00  1.00000E+00  6.00565E-05
 9.73711E-01  7.04416E-03  5.42048E-03  1.00000E+00  1.00000E+00  6.00565E-05
 9.73711E-01  4.03775E-02  3.21487E-03  1.00000E+00  1.00000E+00  6.00565E-05
 9.73711E-01  7.37108E-02  1.79300E-03  1.00000E+00  1.00000E+00  6.00565E-05
 9.73711E-01  1.07044E-01  9.33134E-04  1.00000E+00  1.00000E+00  6.00565E-05
 9.73711E-01  1.40377E-01  7.94083E-04  1.00000E+00  1.00000E+00  6.00565E-05
 9.73711E-01  1.73711E-01  1.40670E-03  1.00000E+00  1.00000E+00  6.00565E-05
 9.73711E-01  2.07044E-01  2.59651E-03  1.00000E+00  1.00000E+00  6.00565E-05
 9.73711E-01  2.40377E-01  4.46773E-03  1.00000E+00  1.00000E+00  6.00565E-05
 9.73711E-01  2.73711E-01  7.35379E-03  1.00000E+00  1.00000E+00  6.00565E-05
 9.73711E-01  3.07044E-01  1.15831E-02  1.00000E+00  1.00000E+00  6.00565E-05
 9.73711E-01  3.40377E-01  1.74465E-02  1.00000E+00  1.00000E+00  6.00565E-05
 9.73711E-01  3.73711E-01  2.51316E-02  1.00000E+00  1.00000E+00  6.00565E-05
 9.73711E-01  4.07044E-01  3.46224E-02  1.00000E+00  1.00000E+00  6.00565E-05
 9.73711E-01  4.40377E-01  4.56167E-02  1.00000E+00  1.00000E+00  6.00565E-05
 9.73711E-01  4.73711E-01  5.74815E-02  1.00000E+00  1.00000E+00  6.00565E-05
 9.73711E-01  5.07044E-01  6.92746E-02  1.00000E+00  1.00000E+00  6.00565E-05
 9.73711E-01  5.40377E-01  7.98488E-02  1.00000E+00  1.00000E+00  6.00565E-05
 9.73711E-01  5.73711E-01  8.80267E-02  1.00000E+00  1.00000E+00  6.00565E-05
 9.73711E-01  6.07044E-01  9.28147E-02  1.00000E+00  1.00000E+00  6.00565E-05
 9.73711E-01  6.40377E-01  9.36003E-02  1.00000E+00  1.00000E+00  6.00565E-05
 9.73711E-01  6.73711E-01  9.02809E-02  1.00000E+00  1.00000E+00  6.00565E-05
 9.73711E-01  7.07044E-01  8.32861E-02  1.00000E+00  1.00000E+00  6.00565E-05
 9.73711E-01  7.40377E-01  7.34861E-02  1.00000E+00  1.00000E+00  6.00565E-05
 9.73711E-01  7.73711E-01  6.20139E-02  1.00000E+00  1.00000E+00  6.00565E-05
 9.73711E-01  8.07044E-01  5.00519E-02  1.00000E+00  1.00000E+00  6.00565E-05
 9.73711E-01  8.40377E-01  3.86360E-02  1.00000E+00  1.00000E+00  6.00565E-05
 9.73711E-01  8.73711E-01  2.85231E-02  1.00000E+00  1.00000E+00  6.00565E-05
 9.73711E-01  9.07044E-01  2.01384E-02  1.00000E+00  1.00000E+00  6.00565E-05
 9.73711E-01  9.40377E-01  1.35984E-02  1.00000E+00  1.00000E+00  6.00565E-05
 9.73711E-01  9.73711E-01  8.77993E-03  1.00000E+00  1.00000E+00  6.00565E-05
