 7.04416E-03  7.04416E-03  5.82169E-02  1.00000E+00  1.00000E+00  6.00561E-05
 7.04416E-03  4.03775E-02  3.98683E-02  1.00000E+00  1.00000E+00  6.00561E-05
 7.04416E-03  7.37108E-02  2.61019E-02  1.00000E+00  1.00000E+00  6.00561E-05
 7.04416E-03  1.07044E-01  1.63468E-02  1.00000E+00  1.00000E+00  6.00561E-05
 7.04416E-03  1.40377E-01  9.81655E-03  1.00000E+00  1.00000E+00  6.00561E-05
 7.04416E-03  1.73711E-01  5.56371E-03  1.00000E+00  1.00000E+00  6.00561E-05
 7.04416E-03  2.07044E-01  2.91746E-03  1.00000E+00  1.00000E+00  6.00561E-05
 7.04416E-03  2.40377E-01  1.97289E-03  1.00000E+00  1.00000E+00  6.00561E-05
 7.04416E-03  2.73711E-01  2.92530E-03  1.00000E+00  1.00000E+00  6.00561E-05
 7.04416E-03  3.07044E-01  5.51574E-03  1.00000E+00  1.00000E+00  6.00561E-05
 7.04416E-03  3.40377E-01  9.73276E-03  1.00000E+00  1.00000E+00  6.00561E-05
 7.04416E-03  3.73711E-01  1.62431E-02  1.00000E+00  1.00000E+00  6.00561E-05
 7.04416E-03  4.07044E-01  2.59512E-02  1.00000E+00  1.00000E+00  6.00561E-05
 7.04416E-03  4.40377E-01  3.96570E-02  1.00000E+00  1.00000E+00  6.00561E-05
 7.04416E-03  4.73711E-01  5.79446E-02  1.00000E+00  1.00000E+00  6.00561E-05
 7.04416E-03  5.07044E-01  8.09648E-02  1.00000E+00  1.00000E+00  6.00561E-05
 7.04416E-03  5.40377E-01  1.08189E-01  1.00000E+00  1.00000E+00  6.00561E-05
 7.04416E-03  5.73711E-01  1.38259E-01  1.00000E+00  1.00000E+00  6.00561E-05
 7.04416E-03  6.07044E-01  1.68980E-01  1.00000E+00  1.00000E+00  6.00561E-05
 7.04416E-03  6.40377E-01  1.97527E-01  1.00000E+00  1.00000E+00  6.00561E-05
 7.04416E-03  6.73711E-01  2.20838E-01  1.00000E+00  1.00000E+00  6.00561E-05
 7.04416E-03  7.07044E-01  2.36151E-01  1.00000E+00  1.00000E+00  6.00561E-05
 7.04416E-03  7.40377E-01  2.41532E-01  1.00000E+00  1.00000E+00  6.00561E-05
 7.04416E-03  7.73711E-01  2.36283E-01  1.00000E+00  1.00000E+00  6.00561E-05
 7.04416E-03  8.07044E-01  2.21087E-01  1.00000E+00  1.00000E+00  6.00561E-05
 7.04416E-03  8.40377E-01  1.97862E-01  1.00000E+00  1.00000E+00  6.00561E-05
 7.04416E-03  8.73711E-01  1.69365E-01  1.00000E+00  1.00000E+00  6.00561E-05
 7.04416E-03  9.07044E-01  1.38656E-01  1.00000E+00  1.00000E+00  6.00561E-05
 7.04416E-03  9.40377E-01  1.08565E-01  1.00000E+00  1.00000E+00  6.00561E-05
 7.04416E-03  9.73711E-01  8.12952E-02  1.00000E+00  1.00000E+00  6.00561E-05
 4.03775E-02  7.04416E-03  3.98683E-02  1.00000E+00  1.00000E+00  6.00561E-05
 4.03775E-02  4.03775E-02  2.73034E-02  1.00000E+00  1.00000E+00  6.00561E-05
 4.03775E-02  7.37108E-02  1.78758E-02  1.00000E+00  1.00000E+00  6.00561E-05
 4.03775E-02  1.07044E-01  1.11954E-02  1.00000E+00  1.00000E+00  6.00561E-05
 4.03775E-02  1.40377E-01  6.72451E-03  1.00000E+00  1.00000E+00  6.00561E-05
 4.03775E-02  1.73711E-01  3.81176E-03  1.00000E+00  1.00000E+00  6.00561E-05
 4.03775E-02  2.07044E-01  1.99764E-03  1.00000E+00  1.00000E+00  6.00561E-05
 4.03775E-02  2.40377E-01  1.35201E-03  1.00000E+00  1.00000E+00  6.00561E-05
 4.03775E-02  2.73711E-01  2.00535E-03  1.00000E+00  1.00000E+00  6.00561E-05
 4.03775E-02  3.07044E-01  3.77837E-03  1.00000E+00  1.00000E+00  6.00561E-05
 4.03775E-02  3.40377E-01  6.66613E-03  1.00000E+00  1.00000E+00  6.00561E-05
 4.03775E-02  3.73711E-01  1.11248E-02  1.00000E+00  1.00000E+00  6.00561E-05
 4.03775E-02  4.07044E-01  1.77729E-02  1.00000E+00  1.00000E+00  6.00561E-05
 4.03775E-02  4.40377E-01  2.71585E-02  1.00000E+00  1.00000E+00  6.00561E-05
 4.03775E-02  4.73711E-01  3.96817E-02  1.00000E+00  1.00000E+00  6.00561E-05
 4.03775E-02  5.07044E-01  5.54457E-02  1.00000E+00  1.00000E+00  6.00561E-05
 4.03775E-02  5.40377E-01  7.40887E-02  1.00000E+00  1.00000E+00  6.00561E-05
 4.03775E-02  5.73711E-01  9.46797E-02  1.00000E+00  1.00000E+00  6.00561E-05
 4.03775E-02  6.07044E-01  1.15717E-01  1.00000E+00  1.00000E+00  6.00561E-05
 4.03775E-02  6.40377E-01  1.35266E-01  1.00000E+00  1.00000E+00  6.00561E-05
 4.03775E-02  6.73711E-01  1.51229E-01  1.00000E+00  1.00000E+00  6.00561E-05
 4.03775E-02  7.07044E-01  1.61715E-01  1.00000E+00  1.00000E+00  6.00561E-05
 4.03775E-02  7.40377E-01  1.65400E-01  1.00000E+00  1.00000E+00  6.00561E-05
 4.03775E-02  7.73711E-01  1.61806E-01  1.00000E+00  1.00000E+00  6.00561E-05
 4.03775E-02  8.07044E-01  1.51400E-01  1.00000E+00  1.00000E+00  6.00561E-05
 4.03775E-02  8.40377E-01  1.35496E-01  1.00000E+00  1.00000E+00  6.00561E-05
 4.03775E-02  8.73711E-01  1.15981E-01  1.00000E+00  1.00000E+00  6.00561E-05
 4.03775E-02  9.07044E-01  9.49517E-02  1.00000E+00  1.00000E+00  6.00561E-05
 4.03775E-02  9.40377E-01  7.43462E-02  1.00000E+00  1.00000E+00  6.00561E-05
 4.03775E-02  9.73711E-01  5.56721E-02  1.00000E+00  1.00000E+00  6.00561E-05
 7.37108E-02  7.04416E-03  2.61019E-02  1.00000E+00  1.00000E+00  6.00561E-05
 7.37108E-02  4.03775E-02  1.78758E-02  1.00000E+00  1.00000E+00  6.00561E-05
 7.37108E-02  7.37108E-02  1.17034E-02  1.00000E+00  1.00000E+00  6.00561E-05
 7.37108E-02  1.07044E-01  7.32971E-03  1.00000E+00  1.00000E+00  6.00561E-05
 7.37108E-02  1.40377E-01  4.40367E-03  1.00000E+00  1.00000E+00  6.00561E-05
 7.37108E-02  1.73711E-01  2.49646E-03  1.00000E+00  1.00000E+00  6.00561E-05
 7.37108E-02  2.07044E-01  1.30722E-03  1.00000E+00  1.00000E+00  6.00561E-05
 7.37108E-02  2.40377E-01  8.85617E-04  1.00000E+00  1.00000E+00  6.00561E-05
 7.37108E-02  2.73711E-01  1.31425E-03  1.00000E+00  1.00000E+00  6.00561E-05
 7.37108E-02  3.07044E-01  2.47416E-03  1.00000E+00  1.00000E+00  6.00561E-05
 7.37108E-02  3.40377E-01  4.36459E-03  1.00000E+00  1.00000E+00  6.00561E-05
 7.37108E-02  3.73711E-01  7.28385E-03  1.00000E+00  1.00000E+00  6.00561E-05
 7.37108E-02  4.07044E-01  1.16363E-02  1.00000E+00  1.00000E+00  6.00561E-05
 7.37108E-02  4.40377E-01  1.77809E-02  1.00000E+00  1.00000E+00  6.00561E-05
 7.37108E-02  4.73711E-01  2.59796E-02  1.00000E+00  1.00000E+00  6.00561E-05
 7.37108E-02  5.07044E-01  3.63000E-02  1.00000E+00  1.00000E+00  6.00561E-05
 7.37108E-02  5.40377E-01  4.85053E-02  1.00000E+00  1.00000E+00  6.00561E-05
 7.37108E-02  5.73711E-01  6.19859E-02  1.00000E+00  1.00000E+00  6.00561E-05
 7.37108E-02  6.07044E-01  7.57589E-02  1.00000E+00  1.00000E+00  6.00561E-05
 7.37108E-02  6.40377E-01  8.85570E-02  1.00000E+00  1.00000E+00  6.00561E-05
 7.37108E-02  6.73711E-01  9.90081E-02  1.00000E+00  1.00000E+00  6.00561E-05
 7.37108E-02  7.07044E-01  1.05873E-01  1.00000E+00  1.00000E+00  6.00561E-05
 7.37108E-02  7.40377E-01  1.08286E-01  1.00000E+00  1.00000E+00  6.00561E-05
 7.37108E-02  7.73711E-01  1.05933E-01  1.00000E+00  1.00000E+00  6.00561E-05
 7.37108E-02  8.07044E-01  9.91199E-02  1.00000E+00  1.00000E+00  6.00561E-05
 7.37108E-02  8.40377E-01  8.87078E-02  1.00000E+00  1.00000E+00  6.00561E-05
 7.37108E-02  8.73711E-01  7.59320E-02  1.00000E+00  1.00000E+00  6.00561E-05
 7.37108E-02  9.07044E-01  6.21643E-02  1.00000E+00  1.00000E+00  6.00561E-05
 7.37108E-02  9.40377E-01  4.86741E-02  1.00000E+00  1.00000E+00  6.00561E-05
 7.37108E-02  9.73711E-01  3.64484E-02  1.00000E+00  1.00000E+00  6.00561E-05
 1.07044E-01  7.04416E-03  1.63468E-02  1.00000E+00  1.00000E+00  6.00561E-05
 1.07044E-01  4.03775E-02  1.11954E-02  1.00000E+00  1.00000E+00  6.00561E-05
 1.07044E-01  7.37108E-02  7.32971E-03  1.00000E+00  1.00000E+00  6.00561E-05
 1.07044E-01  1.07044E-01  4.59059E-03  1.00000E+00  1.00000E+00  6.00561E-05
 1.07044E-01  1.40377E-01  2.75898E-03  1.00000E+00  1.00000E+00  6.00561E-05
 1.07044E-01  1.73711E-01  1.56431E-03  1.00000E+00  1.00000E+00  6.00561E-05
 1.07044E-01  2.07044E-01  8.18239E-04  1.00000E+00  1.00000E+00  6.00561E-05
 1.07044E-01  2.40377E-01  5.55092E-04  1.00000E+00  1.00000E+00  6.00561E-05
 1.07044E-01  2.73711E-01  8.24256E-04  1.00000E+00  1.00000E+00  6.00561E-05
 1.07044E-01  3.07044E-01  1.54999E-03  1.00000E+00  1.00000E+00  6.00561E-05
 1.07044E-01  3.40377E-01  2.73379E-03  1.00000E+00  1.00000E+00  6.00561E-05
 1.07044E-01  3.73711E-01  4.56219E-03  1.00000E+00  1.00000E+00  6.00561E-05
 1.07044E-01  4.07044E-01  7.28786E-03  1.00000E+00  1.00000E+00  6.00561E-05
 1.07044E-01  4.40377E-01  1.11358E-02  1.00000E+00  1.00000E+00  6.00561E-05
 1.07044E-01  4.73711E-01  1.62702E-02  1.00000E+00  1.00000E+00  6.00561E-05
 1.07044E-01  5.07044E-01  2.27332E-02  1.00000E+00  1.00000E+00  6.00561E-05
 1.07044E-01  5.40377E-01  3.03765E-02  1.00000E+00  1.00000E+00  6.00561E-05
 1.07044E-01  5.73711E-01  3.88185E-02  1.00000E+00  1.00000E+00  6.00561E-05
 1.07044E-01  6.07044E-01  4.74435E-02  1.00000E+00  1.00000E+00  6.00561E-05
 1.07044E-01  6.40377E-01  5.54581E-02  1.00000E+00  1.00000E+00  6.00561E-05
 1.07044E-01  6.73711E-01  6.20029E-02  1.00000E+00  1.00000E+00  6.00561E-05
 1.07044E-01  7.07044E-01  6.63018E-02  1.00000E+00  1.00000E+00  6.00561E-05
 1.07044E-01  7.40377E-01  6.78127E-02  1.00000E+00  1.00000E+00  6.00561E-05
 1.07044E-01  7.73711E-01  6.63393E-02  1.00000E+00  1.00000E+00  6.00561E-05
 1.07044E-01  8.07044E-01  6.20731E-02  1.00000E+00  1.00000E+00  6.00561E-05
 1.07044E-01  8.40377E-01  5.55527E-02  1.00000E+00  1.00000E+00  6.00561E-05
 1.07044E-01  8.73711E-01  4.75522E-02  1.00000E+00  1.00000E+00  6.00561E-05
 1.07044E-01  9.07044E-01  3.89304E-02  1.00000E+00  1.00000E+00  6.00561E-05
 1.07044E-01  9.40377E-01  3.04824E-02  1.00000E+00  1.00000E+00  6.00561E-05
 1.07044E-01  9.73711E-01  2.28263E-02  1.00000E+00  1.00000E+00  6.00561E-05
 1.40377E-01  7.04416E-03  9.81655E-03  1.00000E+00  1.00000E+00  6.00561E-05
 1.40377E-01  4.03775E-02  6.72451E-03  1.00000E+00  1.00000E+00  6.00561E-05
 1.40377E-01  7.37108E-02  4.40367E-03  1.00000E+00  1.00000E+00  6.00561E-05
 1.40377E-01  1.07044E-01  2.75898E-03  1.00000E+00  1.00000E+00  6.00561E-05
 1.40377E-01  1.40377E-01  1.65967E-03  1.00000E+00  1.00000E+00  6.00561E-05
 1.40377E-01  1.73711E-01  9.41738E-04  1.00000E+00  1.00000E+00  6.00561E-05
 1.40377E-01  2.07044E-01  4.92336E-04  1.00000E+00  1.00000E+00  6.00561E-05
 1.40377E-01  2.40377E-01  3.34821E-04  1.00000E+00  1.00000E+00  6.00561E-05
 1.40377E-01  2.73711E-01  4.97198E-04  1.00000E+00  1.00000E+00  6.00561E-05
 1.40377E-01  3.07044E-01  9.32881E-04  1.00000E+00  1.00000E+00  6.00561E-05
 1.40377E-01  3.40377E-01  1.64397E-03  1.00000E+00  1.00000E+00  6.00561E-05
 1.40377E-01  3.73711E-01  2.74219E-03  1.00000E+00  1.00000E+00  6.00561E-05
 1.40377E-01  4.07044E-01  4.37871E-03  1.00000E+00  1.00000E+00  6.00561E-05
 1.40377E-01  4.40377E-01  6.68868E-03  1.00000E+00  1.00000E+00  6.00561E-05
 1.40377E-01  4.73711E-01  9.77049E-03  1.00000E+00  1.00000E+00  6.00561E-05
 1.40377E-01  5.07044E-01  1.36494E-02  1.00000E+00  1.00000E+00  6.00561E-05
 1.40377E-01  5.40377E-01  1.82364E-02  1.00000E+00  1.00000E+00  6.00561E-05
 1.40377E-01  5.73711E-01  2.33025E-02  1.00000E+00  1.00000E+00  6.00561E-05
 1.40377E-01  6.07044E-01  2.84782E-02  1.00000E+00  1.00000E+00  6.00561E-05
 1.40377E-01  6.40377E-01  3.32875E-02  1.00000E+00  1.00000E+00  6.00561E-05
 1.40377E-01  6.73711E-01  3.72147E-02  1.00000E+00  1.00000E+00  6.00561E-05
 1.40377E-01  7.07044E-01  3.97944E-02  1.00000E+00  1.00000E+00  6.00561E-05
 1.40377E-01  7.40377E-01  4.07010E-02  1.00000E+00  1.00000E+00  6.00561E-05
 1.40377E-01  7.73711E-01  3.98169E-02  1.00000E+00  1.00000E+00  6.00561E-05
 1.40377E-01  8.07044E-01  3.72570E-02  1.00000E+00  1.00000E+00  6.00561E-05
 1.40377E-01  8.40377E-01  3.33444E-02  1.00000E+00  1.00000E+00  6.00561E-05
 1.40377E-01  8.73711E-01  2.85436E-02  1.00000E+00  1.00000E+00  6.00561E-05
 1.40377E-01  9.07044E-01  2.33698E-02  1.00000E+00  1.00000E+00  6.00561E-05
 1.40377E-01  9.40377E-01  1.83001E-02  1.00000E+00  1.00000E+00  6.00561E-05
 1.40377E-01  9.73711E-01  1.37054E-02  1.00000E+00  1.00000E+00  6.00561E-05
 1.73711E-01  7.04416E-03  5.56371E-03  1.00000E+00  1.00000E+00  6.00561E-05
 1.73711E-01  4.03775E-02  3.81176E-03  1.00000E+00  1.00000E+00  6.00561E-05
 1.73711E-01  7.37108E-02  2.49646E-03  1.00000E+00  1.00000E+00  6.00561E-05
 1.73711E-01  1.07044E-01  1.56431E-03  1.00000E+00  1.00000E+00  6.00561E-05
 1.73711E-01  1.40377E-01  9.41738E-04  1.00000E+00  1.00000E+00  6.00561E-05
 1.73711E-01  1.73711E-01  5.34572E-04  1.00000E+00  1.00000E+00  6.00561E-05
 1.73711E-01  2.07044E-01  2.79050E-04  1.00000E+00  1.00000E+00  6.00561E-05
 1.73711E-01  2.40377E-01  1.90222E-04  1.00000E+00  1.00000E+00  6.00561E-05
 1.73711E-01  2.73711E-01  2.82691E-04  1.00000E+00  1.00000E+00  6.00561E-05
 1.73711E-01  3.07044E-01  5.29376E-04  1.00000E+00  1.00000E+00  6.00561E-05
 1.73711E-01  3.40377E-01  9.32427E-04  1.00000E+00  1.00000E+00  6.00561E-05
 1.73711E-01  3.73711E-01  1.55500E-03  1.00000E+00  1.00000E+00  6.00561E-05
 1.73711E-01  4.07044E-01  2.48244E-03  1.00000E+00  1.00000E+00  6.00561E-05
 1.73711E-01  4.40377E-01  3.79139E-03  1.00000E+00  1.00000E+00  6.00561E-05
 1.73711E-01  4.73711E-01  5.53756E-03  1.00000E+00  1.00000E+00  6.00561E-05
 1.73711E-01  5.07044E-01  7.73525E-03  1.00000E+00  1.00000E+00  6.00561E-05
 1.73711E-01  5.40377E-01  1.03340E-02  1.00000E+00  1.00000E+00  6.00561E-05
 1.73711E-01  5.73711E-01  1.32041E-02  1.00000E+00  1.00000E+00  6.00561E-05
 1.73711E-01  6.07044E-01  1.61363E-02  1.00000E+00  1.00000E+00  6.00561E-05
 1.73711E-01  6.40377E-01  1.88608E-02  1.00000E+00  1.00000E+00  6.00561E-05
 1.73711E-01  6.73711E-01  2.10856E-02  1.00000E+00  1.00000E+00  6.00561E-05
 1.73711E-01  7.07044E-01  2.25470E-02  1.00000E+00  1.00000E+00  6.00561E-05
 1.73711E-01  7.40377E-01  2.30606E-02  1.00000E+00  1.00000E+00  6.00561E-05
 1.73711E-01  7.73711E-01  2.25598E-02  1.00000E+00  1.00000E+00  6.00561E-05
 1.73711E-01  8.07044E-01  2.11096E-02  1.00000E+00  1.00000E+00  6.00561E-05
 1.73711E-01  8.40377E-01  1.88932E-02  1.00000E+00  1.00000E+00  6.00561E-05
 1.73711E-01  8.73711E-01  1.61734E-02  1.00000E+00  1.00000E+00  6.00561E-05
 1.73711E-01  9.07044E-01  1.32424E-02  1.00000E+00  1.00000E+00  6.00561E-05
 1.73711E-01  9.40377E-01  1.03702E-02  1.00000E+00  1.00000E+00  6.00561E-05
 1.73711E-01  9.73711E-01  7.76704E-03  1.00000E+00  1.00000E+00  6.00561E-05
 2.07044E-01  7.04416E-03  2.91746E-03  1.00000E+00  1.00000E+00  6.00561E-05
 2.07044E-01  4.03775E-02  1.99764E-03  1.00000E+00  1.00000E+00  6.00561E-05
 2.07044E-01  7.37108E-02  1.30722E-03  1.00000E+00  1.00000E+00  6.00561E-05
 2.07044E-01  1.07044E-01  8.18239E-04  1.00000E+00  1.00000E+00  6.00561E-05
 2.07044E-01  1.40377E-01  4.92336E-04  1.00000E+00  1.00000E+00  6.00561E-05
 2.07044E-01  1.73711E-01  2.79050E-04  1.00000E+00  1.00000E+00  6.00561E-05
 2.07044E-01  2.07044E-01  1.45021E-04  1.00000E+00  1.00000E+00  6.00561E-05
 2.07044E-01  2.40377E-01  9.89866E-05  1.00000E+00  1.00000E+00  6.00561E-05
 2.07044E-01  2.73711E-01  1.47518E-04  1.00000E+00  1.00000E+00  6.00561E-05
 2.07044E-01  3.07044E-01  2.76229E-04  1.00000E+00  1.00000E+00  6.00561E-05
 2.07044E-01  3.40377E-01  4.87170E-04  1.00000E+00  1.00000E+00  6.00561E-05
 2.07044E-01  3.73711E-01  8.13524E-04  1.00000E+00  1.00000E+00  6.00561E-05
 2.07044E-01  4.07044E-01  1.29996E-03  1.00000E+00  1.00000E+00  6.00561E-05
 2.07044E-01  4.40377E-01  1.98689E-03  1.00000E+00  1.00000E+00  6.00561E-05
 2.07044E-01  4.73711E-01  2.90370E-03  1.00000E+00  1.00000E+00  6.00561E-05
 2.07044E-01  5.07044E-01  4.05795E-03  1.00000E+00  1.00000E+00  6.00561E-05
 2.07044E-01  5.40377E-01  5.42320E-03  1.00000E+00  1.00000E+00  6.00561E-05
 2.07044E-01  5.73711E-01  6.93127E-03  1.00000E+00  1.00000E+00  6.00561E-05
 2.07044E-01  6.07044E-01  8.47217E-03  1.00000E+00  1.00000E+00  6.00561E-05
 2.07044E-01  6.40377E-01  9.90411E-03  1.00000E+00  1.00000E+00  6.00561E-05
 2.07044E-01  6.73711E-01  1.10735E-02  1.00000E+00  1.00000E+00  6.00561E-05
 2.07044E-01  7.07044E-01  1.18417E-02  1.00000E+00  1.00000E+00  6.00561E-05
 2.07044E-01  7.40377E-01  1.21117E-02  1.00000E+00  1.00000E+00  6.00561E-05
 2.07044E-01  7.73711E-01  1.18484E-02  1.00000E+00  1.00000E+00  6.00561E-05
 2.07044E-01  8.07044E-01  1.10862E-02  1.00000E+00  1.00000E+00  6.00561E-05
 2.07044E-01  8.40377E-01  9.92123E-03  1.00000E+00  1.00000E+00  6.00561E-05
 2.07044E-01  8.73711E-01  8.49182E-03  1.00000E+00  1.00000E+00  6.00561E-05
 2.07044E-01  9.07044E-01  6.95150E-03  1.00000E+00  1.00000E+00  6.00561E-05
 2.07044E-01  9.40377E-01  5.44233E-03  1.00000E+00  1.00000E+00  6.00561E-05
 2.07044E-01  9.73711E-01  4.07471E-03  1.00000E+00  1.00000E+00  6.00561E-05
 2.40377E-01  7.04416E-03  1.97289E-03  1.00000E+00  1.00000E+00  6.00561E-05
 2.40377E-01  4.03775E-02  1.35201E-03  1.00000E+00  1.00000E+00  6.00561E-05
 2.40377E-01  7.37108E-02  8.85617E-04  1.00000E+00  1.00000E+00  6.00561E-05
 2.40377E-01  1.07044E-01  5.55092E-04  1.00000E+00  1.00000E+00  6.00561E-05
 2.40377E-01  1.40377E-01  3.34821E-04  1.00000E+00  1.00000E+00  6.00561E-05
 2.40377E-01  1.73711E-01  1.90222E-04  1.00000E+00  1.00000E+00  6.00561E-05
 2.40377E-01  2.07044E-01  9.89866E-05  1.00000E+00  1.00000E+00  6.00561E-05
 2.40377E-01  2.40377E-01  6.78790E-05  1.00000E+00  1.00000E+00  6.00561E-05
 2.40377E-01  2.73711E-01  1.01005E-04  1.00000E+00  1.00000E+00  6.00561E-05
 2.40377E-01  3.07044E-01  1.88257E-04  1.00000E+00  1.00000E+00  6.00561E-05
 2.40377E-01  3.40377E-01  3.31148E-04  1.00000E+00  1.00000E+00  6.00561E-05
 2.40377E-01  3.73711E-01  5.51989E-04  1.00000E+00  1.00000E+00  6.00561E-05
 2.40377E-01  4.07044E-01  8.80768E-04  1.00000E+00  1.00000E+00  6.00561E-05
 2.40377E-01  4.40377E-01  1.34471E-03  1.00000E+00  1.00000E+00  6.00561E-05
 2.40377E-01  4.73711E-01  1.96359E-03  1.00000E+00  1.00000E+00  6.00561E-05
 2.40377E-01  5.07044E-01  2.74242E-03  1.00000E+00  1.00000E+00  6.00561E-05
 2.40377E-01  5.40377E-01  3.66335E-03  1.00000E+00  1.00000E+00  6.00561E-05
 2.40377E-01  5.73711E-01  4.68041E-03  1.00000E+00  1.00000E+00  6.00561E-05
 2.40377E-01  6.07044E-01  5.71944E-03  1.00000E+00  1.00000E+00  6.00561E-05
 2.40377E-01  6.40377E-01  6.68488E-03  1.00000E+00  1.00000E+00  6.00561E-05
 2.40377E-01  6.73711E-01  7.47326E-03  1.00000E+00  1.00000E+00  6.00561E-05
 2.40377E-01  7.07044E-01  7.99111E-03  1.00000E+00  1.00000E+00  6.00561E-05
 2.40377E-01  7.40377E-01  8.17314E-03  1.00000E+00  1.00000E+00  6.00561E-05
 2.40377E-01  7.73711E-01  7.99570E-03  1.00000E+00  1.00000E+00  6.00561E-05
 2.40377E-01  8.07044E-01  7.48186E-03  1.00000E+00  1.00000E+00  6.00561E-05
 2.40377E-01  8.40377E-01  6.69648E-03  1.00000E+00  1.00000E+00  6.00561E-05
 2.40377E-01  8.73711E-01  5.73274E-03  1.00000E+00  1.00000E+00  6.00561E-05
 2.40377E-01  9.07044E-01  4.69410E-03  1.00000E+00  1.00000E+00  6.00561E-05
 2.40377E-01  9.40377E-01  3.67630E-03  1.00000E+00  1.00000E+00  6.00561E-05
 2.40377E-01  9.73711E-01  2.75375E-03  1.00000E+00  1.00000E+00  6.00561E-05
 2.73711E-01  7.04416E-03  2.92530E-03  1.00000E+00  1.00000E+00  6.00561E-05
 2.73711E-01  4.03775E-02  2.00535E-03  1.00000E+00  1.00000E+00  6.00561E-05
 2.73711E-01  7.37108E-02  1.31425E-03  1.00000E+00  1.00000E+00  6.00561E-05
 2.73711E-01  1.07044E-01  8.24256E-04  1.00000E+00  1.00000E+00  6.00561E-05
 2.73711E-01  1.40377E-01  4.97198E-04  1.00000E+00  1.00000E+00  6.00561E-05
 2.73711E-01  1.73711E-01  2.82691E-04  1.00000E+00  1.00000E+00  6.00561E-05
 2.73711E-01  2.07044E-01  1.47518E-04  1.00000E+00  1.00000E+00  6.00561E-05
 2.73711E-01  2.40377E-01  1.01005E-04  1.00000E+00  1.00000E+00  6.00561E-05
 2.73711E-01  2.73711E-01  1.50047E-04  1.00000E+00  1.00000E+00  6.00561E-05
 2.73711E-01  3.07044E-01  2.79846E-04  1.00000E+00  1.00000E+00  6.00561E-05
 2.73711E-01  3.40377E-01  4.91995E-04  1.00000E+00  1.00000E+00  6.00561E-05
 2.73711E-01  3.73711E-01  8.19526E-04  1.00000E+00  1.00000E+00  6.00561E-05
 2.73711E-01  4.07044E-01  1.30699E-03  1.00000E+00  1.00000E+00  6.00561E-05
 2.73711E-01  4.40377E-01  1.99460E-03  1.00000E+00  1.00000E+00  6.00561E-05
 2.73711E-01  4.73711E-01  2.91154E-03  1.00000E+00  1.00000E+00  6.00561E-05
 2.73711E-01  5.07044E-01  4.06525E-03  1.00000E+00  1.00000E+00  6.00561E-05
 2.73711E-01  5.40377E-01  5.42921E-03  1.00000E+00  1.00000E+00  6.00561E-05
 2.73711E-01  5.73711E-01  6.93534E-03  1.00000E+00  1.00000E+00  6.00561E-05
 2.73711E-01  6.07044E-01  8.47387E-03  1.00000E+00  1.00000E+00  6.00561E-05
 2.73711E-01  6.40377E-01  9.90332E-03  1.00000E+00  1.00000E+00  6.00561E-05
 2.73711E-01  6.73711E-01  1.10705E-02  1.00000E+00  1.00000E+00  6.00561E-05
 2.73711E-01  7.07044E-01  1.18372E-02  1.00000E+00  1.00000E+00  6.00561E-05
 2.73711E-01  7.40377E-01  1.21067E-02  1.00000E+00  1.00000E+00  6.00561E-05
 2.73711E-01  7.73711E-01  1.18440E-02  1.00000E+00  1.00000E+00  6.00561E-05
 2.73711E-01  8.07044E-01  1.10832E-02  1.00000E+00  1.00000E+00  6.00561E-05
 2.73711E-01  8.40377E-01  9.92041E-03  1.00000E+00  1.00000E+00  6.00561E-05
 2.73711E-01  8.73711E-01  8.49348E-03  1.00000E+00  1.00000E+00  6.00561E-05
 2.73711E-01  9.07044E-01  6.95554E-03  1.00000E+00  1.00000E+00  6.00561E-05
 2.73711E-01  9.40377E-01  5.44832E-03  1.00000E+00  1.00000E+00  6.00561E-05
 2.73711E-01  9.73711E-01  4.08199E-03  1.00000E+00  1.00000E+00  6.00561E-05
 3.07044E-01  7.04416E-03  5.51574E-03  1.00000E+00  1.00000E+00  6.00561E-05
 3.07044E-01  4.03775E-02  3.77837E-03  1.00000E+00  1.00000E+00  6.00561E-05
 3.07044E-01  7.37108E-02  2.47416E-03  1.00000E+00  1.00000E+00  6.00561E-05
 3.07044E-01  1.07044E-01  1.54999E-03  1.00000E+00  1.00000E+00  6.00561E-05
 3.07044E-01  1.40377E-01  9.32881E-04  1.00000E+00  1.00000E+00  6.00561E-05
 3.07044E-01  1.73711E-01  5.29376E-04  1.00000E+00  1.00000E+00  6.00561E-05
 3.07044E-01  2.07044E-01  2.76229E-04  1.00000E+00  1.00000E+00  6.00561E-05
 3.07044E-01  2.40377E-01  1.88257E-04  1.00000E+00  1.00000E+00  6.00561E-05
 3.07044E-01  2.73711E-01  2.79846E-04  1.00000E+00  1.00000E+00  6.00561E-05
 3.07044E-01  3.07044E-01  5.24228E-04  1.00000E+00  1.00000E+00  6.00561E-05
 3.07044E-01  3.40377E-01  9.23647E-04  1.00000E+00  1.00000E+00  6.00561E-05
 3.07044E-01  3.73711E-01  1.54077E-03  1.00000E+00  1.00000E+00  6.00561E-05
 3.07044E-01  4.07044E-01  2.46026E-03  1.00000E+00  1.00000E+00  6.00561E-05
 3.07044E-01  4.40377E-01  3.75817E-03  1.00000E+00  1.00000E+00  6.00561E-05
 3.07044E-01  4.73711E-01  5.48981E-03  1.00000E+00  1.00000E+00  6.00561E-05
 3.07044E-01  5.07044E-01  7.66937E-03  1.00000E+00  1.00000E+00  6.00561E-05
 3.07044E-01  5.40377E-01  1.02469E-02  1.00000E+00  1.00000E+00  6.00561E-05
 3.07044E-01  5.73711E-01  1.30936E-02  1.00000E+00  1.00000E+00  6.00561E-05
 3.07044E-01  6.07044E-01  1.60019E-02  1.00000E+00  1.00000E+00  6.00561E-05
 3.07044E-01  6.40377E-01  1.87044E-02  1.00000E+00  1.00000E+00  6.00561E-05
 3.07044E-01  6.73711E-01  2.09113E-02  1.00000E+00  1.00000E+00  6.00561E-05
 3.07044E-01  7.07044E-01  2.23609E-02  1.00000E+00  1.00000E+00  6.00561E-05
 3.07044E-01  7.40377E-01  2.28704E-02  1.00000E+00  1.00000E+00  6.00561E-05
 3.07044E-01  7.73711E-01  2.23736E-02  1.00000E+00  1.00000E+00  6.00561E-05
 3.07044E-01  8.07044E-01  2.09351E-02  1.00000E+00  1.00000E+00  6.00561E-05
 3.07044E-01  8.40377E-01  1.87365E-02  1.00000E+00  1.00000E+00  6.00561E-05
 3.07044E-01  8.73711E-01  1.60388E-02  1.00000E+00  1.00000E+00  6.00561E-05
 3.07044E-01  9.07044E-01  1.31315E-02  1.00000E+00  1.00000E+00  6.00561E-05
 3.07044E-01  9.40377E-01  1.02828E-02  1.00000E+00  1.00000E+00  6.00561E-05
 3.07044E-01  9.73711E-01  7.70090E-03  1.00000E+00  1.00000E+00  6.00561E-05
 3.40377E-01  7.04416E-03  9.73276E-03  1.00000E+00  1.00000E+00  6.00561E-05
 3.40377E-01  4.03775E-02  6.66613E-03  1.00000E+00  1.00000E+00  6.00561E-05
 3.40377E-01  7.37108E-02  4.36459E-03  1.00000E+00  1.00000E+00  6.00561E-05
 3.40377E-01  1.07044E-01  2.73379E-03  1.00000E+00  1.00000E+00  6.00561E-05
 3.40377E-01  1.40377E-01  1.64397E-03  1.00000E+00  1.00000E+00  6.00561E-05
 3.40377E-01  1.73711E-01  9.32427E-04  1.00000E+00  1.00000E+00  6.00561E-05
 3.40377E-01  2.07044E-01  4.87170E-04  1.00000E+00  1.00000E+00  6.00561E-05
 3.40377E-01  2.40377E-01  3.31148E-04  1.00000E+00  1.00000E+00  6.00561E-05
 3.40377E-01  2.73711E-01  4.91995E-04  1.00000E+00  1.00000E+00  6.00561E-05
 3.40377E-01  3.07044E-01  9.23647E-04  1.00000E+00  1.00000E+00  6.00561E-05
 3.40377E-01  3.40377E-01  1.62841E-03  1.00000E+00  1.00000E+00  6.00561E-05
 3.40377E-01  3.73711E-01  2.71715E-03  1.00000E+00  1.00000E+00  6.00561E-05
 3.40377E-01  4.07044E-01  4.33984E-03  1.00000E+00  1.00000E+00  6.00561E-05
 3.40377E-01  4.40377E-01  6.63060E-03  1.00000E+00  1.00000E+00  6.00561E-05
 3.40377E-01  4.73711E-01  9.68707E-03  1.00000E+00  1.00000E+00  6.00561E-05
 3.40377E-01  5.07044E-01  1.35344E-02  1.00000E+00  1.00000E+00  6.00561E-05
 3.40377E-01  5.40377E-01  1.80843E-02  1.00000E+00  1.00000E+00  6.00561E-05
 3.40377E-01  5.73711E-01  2.31096E-02  1.00000E+00  1.00000E+00  6.00561E-05
 3.40377E-01  6.07044E-01  2.82438E-02  1.00000E+00  1.00000E+00  6.00561E-05
 3.40377E-01  6.40377E-01  3.30146E-02  1.00000E+00  1.00000E+00  6.00561E-05
 3.40377E-01  6.73711E-01  3.69105E-02  1.00000E+00  1.00000E+00  6.00561E-05
 3.40377E-01  7.07044E-01  3.94696E-02  1.00000E+00  1.00000E+00  6.00561E-05
 3.40377E-01  7.40377E-01  4.03690E-02  1.00000E+00  1.00000E+00  6.00561E-05
 3.40377E-01  7.73711E-01  3.94919E-02  1.00000E+00  1.00000E+00  6.00561E-05
 3.40377E-01  8.07044E-01  3.69524E-02  1.00000E+00  1.00000E+00  6.00561E-05
 3.40377E-01  8.40377E-01  3.30711E-02  1.00000E+00  1.00000E+00  6.00561E-05
 3.40377E-01  8.73711E-01  2.83087E-02  1.00000E+00  1.00000E+00  6.00561E-05
 3.40377E-01  9.07044E-01  2.31764E-02  1.00000E+00  1.00000E+00  6.00561E-05
 3.40377E-01  9.40377E-01  1.81475E-02  1.00000E+00  1.00000E+00  6.00561E-05
 3.40377E-01  9.73711E-01  1.35899E-02  1.00000E+00  1.00000E+00  6.00561E-05
 3.73711E-01  7.04416E-03  1.62431E-02  1.00000E+00  1.00000E+00  6.00561E-05
 3.73711E-01  4.03775E-02  1.11248E-02  1.00000E+00  1.00000E+00  6.00561E-05
 3.73711E-01  7.37108E-02  7.28385E-03  1.00000E+00  1.00000E+00  6.00561E-05
 3.73711E-01  1.07044E-01  4.56219E-03  1.00000E+00  1.00000E+00  6.00561E-05
 3.73711E-01  1.40377E-01  2.74219E-03  1.00000E+00  1.00000E+00  6.00561E-05
 3.73711E-01  1.73711E-01  1.55500E-03  1.00000E+00  1.00000E+00  6.00561E-05
 3.73711E-01  2.07044E-01  8.13524E-04  1.00000E+00  1.00000E+00  6.00561E-05
 3.73711E-01  2.40377E-01  5.51989E-04  1.00000E+00  1.00000E+00  6.00561E-05
 3.73711E-01  2.73711E-01  8.19526E-04  1.00000E+00  1.00000E+00  6.00561E-05
 3.73711E-01  3.07044E-01  1.54077E-03  1.00000E+00  1.00000E+00  6.00561E-05
 3.73711E-01  3.40377E-01  2.71715E-03  1.00000E+00  1.00000E+00  6.00561E-05
 3.73711E-01  3.73711E-01  4.53398E-03  1.00000E+00  1.00000E+00  6.00561E-05
 3.73711E-01  4.07044E-01  7.24227E-03  1.00000E+00  1.00000E+00  6.00561E-05
 3.73711E-01  4.40377E-01  1.10656E-02  1.00000E+00  1.00000E+00  6.00561E-05
 3.73711E-01  4.73711E-01  1.61670E-02  1.00000E+00  1.00000E+00  6.00561E-05
 3.73711E-01  5.07044E-01  2.25883E-02  1.00000E+00  1.00000E+00  6.00561E-05
 3.73711E-01  5.40377E-01  3.01823E-02  1.00000E+00  1.00000E+00  6.00561E-05
 3.73711E-01  5.73711E-01  3.85697E-02  1.00000E+00  1.00000E+00  6.00561E-05
 3.73711E-01  6.07044E-01  4.71389E-02  1.00000E+00  1.00000E+00  6.00561E-05
 3.73711E-01  6.40377E-01  5.51016E-02  1.00000E+00  1.00000E+00  6.00561E-05
 3.73711E-01  6.73711E-01  6.16040E-02  1.00000E+00  1.00000E+00  6.00561E-05
 3.73711E-01  7.07044E-01  6.58751E-02  1.00000E+00  1.00000E+00  6.00561E-05
 3.73711E-01  7.40377E-01  6.73762E-02  1.00000E+00  1.00000E+00  6.00561E-05
 3.73711E-01  7.73711E-01  6.59123E-02  1.00000E+00  1.00000E+00  6.00561E-05
 3.73711E-01  8.07044E-01  6.16737E-02  1.00000E+00  1.00000E+00  6.00561E-05
 3.73711E-01  8.40377E-01  5.51956E-02  1.00000E+00  1.00000E+00  6.00561E-05
 3.73711E-01  8.73711E-01  4.72469E-02  1.00000E+00  1.00000E+00  6.00561E-05
 3.73711E-01  9.07044E-01  3.86809E-02  1.00000E+00  1.00000E+00  6.00561E-05
 3.73711E-01  9.40377E-01  3.02875E-02  1.00000E+00  1.00000E+00  6.00561E-05
 3.73711E-01  9.73711E-01  2.26808E-02  1.00000E+00  1.00000E+00  6.00561E-05
 4.07044E-01  7.04416E-03  2.59512E-02  1.00000E+00  1.00000E+00  6.00561E-05
 4.07044E-01  4.03775E-02  1.77729E-02  1.00000E+00  1.00000E+00  6.00561E-05
 4.07044E-01  7.37108E-02  1.16363E-02  1.00000E+00  1.00000E+00  6.00561E-05
 4.07044E-01  1.07044E-01  7.28786E-03  1.00000E+00  1.00000E+00  6.00561E-05
 4.07044E-01  1.40377E-01  4.37871E-03  1.00000E+00  1.00000E+00  6.00561E-05
 4.07044E-01  1.73711E-01  2.48244E-03  1.00000E+00  1.00000E+00  6.00561E-05
 4.07044E-01  2.07044E-01  1.29996E-03  1.00000E+00  1.00000E+00  6.00561E-05
 4.07044E-01  2.40377E-01  8.80768E-04  1.00000E+00  1.00000E+00  6.00561E-05
 4.07044E-01  2.73711E-01  1.30699E-03  1.00000E+00  1.00000E+00  6.00561E-05
 4.07044E-01  3.07044E-01  2.46026E-03  1.00000E+00  1.00000E+00  6.00561E-05
 4.07044E-01  3.40377E-01  4.33984E-03  1.00000E+00  1.00000E+00  6.00561E-05
 4.07044E-01  3.73711E-01  7.24227E-03  1.00000E+00  1.00000E+00  6.00561E-05
 4.07044E-01  4.07044E-01  1.15695E-02  1.00000E+00  1.00000E+00  6.00561E-05
 4.07044E-01  4.40377E-01  1.76785E-02  1.00000E+00  1.00000E+00  6.00561E-05
 4.07044E-01  4.73711E-01  2.58297E-02  1.00000E+00  1.00000E+00  6.00561E-05
 4.07044E-01  5.07044E-01  3.60902E-02  1.00000E+00  1.00000E+00  6.00561E-05
 4.07044E-01  5.40377E-01  4.82245E-02  1.00000E+00  1.00000E+00  6.00561E-05
 4.07044E-01  5.73711E-01  6.16267E-02  1.00000E+00  1.00000E+00  6.00561E-05
 4.07044E-01  6.07044E-01  7.53195E-02  1.00000E+00  1.00000E+00  6.00561E-05
 4.07044E-01  6.40377E-01  8.80431E-02  1.00000E+00  1.00000E+00  6.00561E-05
 4.07044E-01  6.73711E-01  9.84334E-02  1.00000E+00  1.00000E+00  6.00561E-05
 4.07044E-01  7.07044E-01  1.05258E-01  1.00000E+00  1.00000E+00  6.00561E-05
 4.07044E-01  7.40377E-01  1.07657E-01  1.00000E+00  1.00000E+00  6.00561E-05
 4.07044E-01  7.73711E-01  1.05318E-01  1.00000E+00  1.00000E+00  6.00561E-05
 4.07044E-01  8.07044E-01  9.85446E-02  1.00000E+00  1.00000E+00  6.00561E-05
 4.07044E-01  8.40377E-01  8.81931E-02  1.00000E+00  1.00000E+00  6.00561E-05
 4.07044E-01  8.73711E-01  7.54916E-02  1.00000E+00  1.00000E+00  6.00561E-05
 4.07044E-01  9.07044E-01  6.18040E-02  1.00000E+00  1.00000E+00  6.00561E-05
 4.07044E-01  9.40377E-01  4.83923E-02  1.00000E+00  1.00000E+00  6.00561E-05
 4.07044E-01  9.73711E-01  3.62377E-02  1.00000E+00  1.00000E+00  6.00561E-05
 4.40377E-01  7.04416E-03  3.96570E-02  1.00000E+00  1.00000E+00  6.00561E-05
 4.40377E-01  4.03775E-02  2.71585E-02  1.00000E+00  1.00000E+00  6.00561E-05
 4.40377E-01  7.37108E-02  1.77809E-02  1.00000E+00  1.00000E+00  6.00561E-05
 4.40377E-01  1.07044E-01  1.11358E-02  1.00000E+00  1.00000E+00  6.00561E-05
 4.40377E-01  1.40377E-01  6.68868E-03  1.00000E+00  1.00000E+00  6.00561E-05
 4.40377E-01  1.73711E-01  3.79139E-03  1.00000E+00  1.00000E+00  6.00561E-05
 4.40377E-01  2.07044E-01  1.98689E-03  1.00000E+00  1.00000E+00  6.00561E-05
 4.40377E-01  2.40377E-01  1.34471E-03  1.00000E+00  1.00000E+00  6.00561E-05
 4.40377E-01  2.73711E-01  1.99460E-03  1.00000E+00  1.00000E+00  6.00561E-05
 4.40377E-01  3.07044E-01  3.75817E-03  1.00000E+00  1.00000E+00  6.00561E-05
 4.40377E-01  3.40377E-01  6.63060E-03  1.00000E+00  1.00000E+00  6.00561E-05
 4.40377E-01  3.73711E-01  1.10656E-02  1.00000E+00  1.00000E+00  6.00561E-05
 4.40377E-01  4.07044E-01  1.76785E-02  1.00000E+00  1.00000E+00  6.00561E-05
 4.40377E-01  4.40377E-01  2.70144E-02  1.00000E+00  1.00000E+00  6.00561E-05
 4.40377E-01  4.73711E-01  3.94714E-02  1.00000E+00  1.00000E+00  6.00561E-05
 4.40377E-01  5.07044E-01  5.51519E-02  1.00000E+00  1.00000E+00  6.00561E-05
 4.40377E-01  5.40377E-01  7.36963E-02  1.00000E+00  1.00000E+00  6.00561E-05
 4.40377E-01  5.73711E-01  9.41785E-02  1.00000E+00  1.00000E+00  6.00561E-05
 4.40377E-01  6.07044E-01  1.15105E-01  1.00000E+00  1.00000E+00  6.00561E-05
 4.40377E-01  6.40377E-01  1.34550E-01  1.00000E+00  1.00000E+00  6.00561E-05
 4.40377E-01  6.73711E-01  1.50429E-01  1.00000E+00  1.00000E+00  6.00561E-05
 4.40377E-01  7.07044E-01  1.60859E-01  1.00000E+00  1.00000E+00  6.00561E-05
 4.40377E-01  7.40377E-01  1.64525E-01  1.00000E+00  1.00000E+00  6.00561E-05
 4.40377E-01  7.73711E-01  1.60949E-01  1.00000E+00  1.00000E+00  6.00561E-05
 4.40377E-01  8.07044E-01  1.50599E-01  1.00000E+00  1.00000E+00  6.00561E-05
 4.40377E-01  8.40377E-01  1.34779E-01  1.00000E+00  1.00000E+00  6.00561E-05
 4.40377E-01  8.73711E-01  1.15367E-01  1.00000E+00  1.00000E+00  6.00561E-05
 4.40377E-01  9.07044E-01  9.44491E-02  1.00000E+00  1.00000E+00  6.00561E-05
 4.40377E-01  9.40377E-01  7.39525E-02  1.00000E+00  1.00000E+00  6.00561E-05
 4.40377E-01  9.73711E-01  5.53772E-02  1.00000E+00  1.00000E+00  6.00561E-05
 4.73711E-01  7.04416E-03  5.79446E-02  1.00000E+00  1.00000E+00  6.00561E-05
 4.73711E-01  4.03775E-02  3.96817E-02  1.00000E+00  1.00000E+00  6.00561E-05
 4.73711E-01  7.37108E-02  2.59796E-02  1.00000E+00  1.00000E+00  6.00561E-05
 4.73711E-01  1.07044E-01  1.62702E-02  1.00000E+00  1.00000E+00  6.00561E-05
 4.73711E-01  1.40377E-01  9.77049E-03  1.00000E+00  1.00000E+00  6.00561E-05
 4.73711E-01  1.73711E-01  5.53756E-03  1.00000E+00  1.00000E+00  6.00561E-05
 4.73711E-01  2.07044E-01  2.90370E-03  1.00000E+00  1.00000E+00  6.00561E-05
 4.73711E-01  2.40377E-01  1.96359E-03  1.00000E+00  1.00000E+00  6.00561E-05
 4.73711E-01  2.73711E-01  2.91154E-03  1.00000E+00  1.00000E+00  6.00561E-05
 4.73711E-01  3.07044E-01  5.48981E-03  1.00000E+00  1.00000E+00  6.00561E-05
 4.73711E-01  3.40377E-01  9.68707E-03  1.00000E+00  1.00000E+00  6.00561E-05
 4.73711E-01  3.73711E-01  1.61670E-02  1.00000E+00  1.00000E+00  6.00561E-05
 4.73711E-01  4.07044E-01  2.58297E-02  1.00000E+00  1.00000E+00  6.00561E-05
 4.73711E-01  4.40377E-01  3.94714E-02  1.00000E+00  1.00000E+00  6.00561E-05
 4.73711E-01  4.73711E-01  5.76735E-02  1.00000E+00  1.00000E+00  6.00561E-05
 4.73711E-01  5.07044E-01  8.05862E-02  1.00000E+00  1.00000E+00  6.00561E-05
 4.73711E-01  5.40377E-01  1.07684E-01  1.00000E+00  1.00000E+00  6.00561E-05
 4.73711E-01  5.73711E-01  1.37613E-01  1.00000E+00  1.00000E+00  6.00561E-05
 4.73711E-01  6.07044E-01  1.68190E-01  1.00000E+00  1.00000E+00  6.00561E-05
 4.73711E-01  6.40377E-01  1.96604E-01  1.00000E+00  1.00000E+00  6.00561E-05
 4.73711E-01  6.73711E-01  2.19807E-01  1.00000E+00  1.00000E+00  6.00561E-05
 4.73711E-01  7.07044E-01  2.35048E-01  1.00000E+00  1.00000E+00  6.00561E-05
 4.73711E-01  7.40377E-01  2.40404E-01  1.00000E+00  1.00000E+00  6.00561E-05
 4.73711E-01  7.73711E-01  2.35180E-01  1.00000E+00  1.00000E+00  6.00561E-05
 4.73711E-01  8.07044E-01  2.20054E-01  1.00000E+00  1.00000E+00  6.00561E-05
 4.73711E-01  8.40377E-01  1.96938E-01  1.00000E+00  1.00000E+00  6.00561E-05
 4.73711E-01  8.73711E-01  1.68574E-01  1.00000E+00  1.00000E+00  6.00561E-05
 4.73711E-01  9.07044E-01  1.38008E-01  1.00000E+00  1.00000E+00  6.00561E-05
 4.73711E-01  9.40377E-01  1.08057E-01  1.00000E+00  1.00000E+00  6.00561E-05
 4.73711E-01  9.73711E-01  8.09151E-02  1.00000E+00  1.00000E+00  6.00561E-05
 5.07044E-01  7.04416E-03  8.09648E-02  1.00000E+00  1.00000E+00  6.00561E-05
 5.07044E-01  4.03775E-02  5.54457E-02  1.00000E+00  1.00000E+00  6.00561E-05
 5.07044E-01  7.37108E-02  3.63000E-02  1.00000E+00  1.00000E+00  6.00561E-05
 5.07044E-01  1.07044E-01  2.27332E-02  1.00000E+00  1.00000E+00  6.00561E-05
 5.07044E-01  1.40377E-01  1.36494E-02  1.00000E+00  1.00000E+00  6.00561E-05
 5.07044E-01  1.73711E-01  7.73525E-03  1.00000E+00  1.00000E+00  6.00561E-05
 5.07044E-01  2.07044E-01  4.05795E-03  1.00000E+00  1.00000E+00  6.00561E-05
 5.07044E-01  2.40377E-01  2.74242E-03  1.00000E+00  1.00000E+00  6.00561E-05
 5.07044E-01  2.73711E-01  4.06525E-03  1.00000E+00  1.00000E+00  6.00561E-05
 5.07044E-01  3.07044E-01  7.66937E-03  1.00000E+00  1.00000E+00  6.00561E-05
 5.07044E-01  3.40377E-01  1.35344E-02  1.00000E+00  1.00000E+00  6.00561E-05
 5.07044E-01  3.73711E-01  2.25883E-02  1.00000E+00  1.00000E+00  6.00561E-05
 5.07044E-01  4.07044E-01  3.60902E-02  1.00000E+00  1.00000E+00  6.00561E-05
 5.07044E-01  4.40377E-01  5.51519E-02  1.00000E+00  1.00000E+00  6.00561E-05
 5.07044E-01  4.73711E-01  8.05862E-02  1.00000E+00  1.00000E+00  6.00561E-05
 5.07044E-01  5.07044E-01  1.12603E-01  1.00000E+00  1.00000E+00  6.00561E-05
 5.07044E-01  5.40377E-01  1.50467E-01  1.00000E+00  1.00000E+00  6.00561E-05
 5.07044E-01  5.73711E-01  1.92287E-01  1.00000E+00  1.00000E+00  6.00561E-05
 5.07044E-01  6.07044E-01  2.35015E-01  1.00000E+00  1.00000E+00  6.00561E-05
 5.07044E-01  6.40377E-01  2.74718E-01  1.00000E+00  1.00000E+00  6.00561E-05
 5.07044E-01  6.73711E-01  3.07140E-01  1.00000E+00  1.00000E+00  6.00561E-05
 5.07044E-01  7.07044E-01  3.28436E-01  1.00000E+00  1.00000E+00  6.00561E-05
 5.07044E-01  7.40377E-01  3.35920E-01  1.00000E+00  1.00000E+00  6.00561E-05
 5.07044E-01  7.73711E-01  3.28620E-01  1.00000E+00  1.00000E+00  6.00561E-05
 5.07044E-01  8.07044E-01  3.07486E-01  1.00000E+00  1.00000E+00  6.00561E-05
 5.07044E-01  8.40377E-01  2.75184E-01  1.00000E+00  1.00000E+00  6.00561E-05
 5.07044E-01  8.73711E-01  2.35550E-01  1.00000E+00  1.00000E+00  6.00561E-05
 5.07044E-01  9.07044E-01  1.92839E-01  1.00000E+00  1.00000E+00  6.00561E-05
 5.07044E-01  9.40377E-01  1.50989E-01  1.00000E+00  1.00000E+00  6.00561E-05
 5.07044E-01  9.73711E-01  1.13062E-01  1.00000E+00  1.00000E+00  6.00561E-05
 5.40377E-01  7.04416E-03  1.08189E-01  1.00000E+00  1.00000E+00  6.00561E-05
 5.40377E-01  4.03775E-02  7.40887E-02  1.00000E+00  1.00000E+00  6.00561E-05
 5.40377E-01  7.37108E-02  4.85053E-02  1.00000E+00  1.00000E+00  6.00561E-05
 5.40377E-01  1.07044E-01  3.03765E-02  1.00000E+00  1.00000E+00  6.00561E-05
 5.40377E-01  1.40377E-01  1.82364E-02  1.00000E+00  1.00000E+00  6.00561E-05
 5.40377E-01  1.73711E-01  1.03340E-02  1.00000E+00  1.00000E+00  6.00561E-05
 5.40377E-01  2.07044E-01  5.42320E-03  1.00000E+00  1.00000E+00  6.00561E-05
 5.40377E-01  2.40377E-01  3.66335E-03  1.00000E+00  1.00000E+00  6.00561E-05
 5.40377E-01  2.73711E-01  5.42921E-03  1.00000E+00  1.00000E+00  6.00561E-05
 5.40377E-01  3.07044E-01  1.02469E-02  1.00000E+00  1.00000E+00  6.00561E-05
 5.40377E-01  3.40377E-01  1.80843E-02  1.00000E+00  1.00000E+00  6.00561E-05
 5.40377E-01  3.73711E-01  3.01823E-02  1.00000E+00  1.00000E+00  6.00561E-05
 5.40377E-01  4.07044E-01  4.82245E-02  1.00000E+00  1.00000E+00  6.00561E-05
 5.40377E-01  4.40377E-01  7.36963E-02  1.00000E+00  1.00000E+00  6.00561E-05
 5.40377E-01  4.73711E-01  1.07684E-01  1.00000E+00  1.00000E+00  6.00561E-05
 5.40377E-01  5.07044E-01  1.50467E-01  1.00000E+00  1.00000E+00  6.00561E-05
 5.40377E-01  5.40377E-01  2.01064E-01  1.00000E+00  1.00000E+00  6.00561E-05
 5.40377E-01  5.73711E-01  2.56948E-01  1.00000E+00  1.00000E+00  6.00561E-05
 5.40377E-01  6.07044E-01  3.14044E-01  1.00000E+00  1.00000E+00  6.00561E-05
 5.40377E-01  6.40377E-01  3.67098E-01  1.00000E+00  1.00000E+00  6.00561E-05
 5.40377E-01  6.73711E-01  4.10423E-01  1.00000E+00  1.00000E+00  6.00561E-05
 5.40377E-01  7.07044E-01  4.38881E-01  1.00000E+00  1.00000E+00  6.00561E-05
 5.40377E-01  7.40377E-01  4.48882E-01  1.00000E+00  1.00000E+00  6.00561E-05
 5.40377E-01  7.73711E-01  4.39127E-01  1.00000E+00  1.00000E+00  6.00561E-05
 5.40377E-01  8.07044E-01  4.10885E-01  1.00000E+00  1.00000E+00  6.00561E-05
 5.40377E-01  8.40377E-01  3.67721E-01  1.00000E+00  1.00000E+00  6.00561E-05
 5.40377E-01  8.73711E-01  3.14758E-01  1.00000E+00  1.00000E+00  6.00561E-05
 5.40377E-01  9.07044E-01  2.57684E-01  1.00000E+00  1.00000E+00  6.00561E-05
 5.40377E-01  9.40377E-01  2.01761E-01  1.00000E+00  1.00000E+00  6.00561E-05
 5.40377E-01  9.73711E-01  1.51080E-01  1.00000E+00  1.00000E+00  6.00561E-05
 5.73711E-01  7.04416E-03  1.38259E-01  1.00000E+00  1.00000E+00  6.00561E-05
 5.73711E-01  4.03775E-02  9.46797E-02  1.00000E+00  1.00000E+00  6.00561E-05
 5.73711E-01  7.37108E-02  6.19859E-02  1.00000E+00  1.00000E+00  6.00561E-05
 5.73711E-01  1.07044E-01  3.88185E-02  1.00000E+00  1.00000E+00  6.00561E-05
 5.73711E-01  1.40377E-01  2.33025E-02  1.00000E+00  1.00000E+00  6.00561E-05
 5.73711E-01  1.73711E-01  1.32041E-02  1.00000E+00  1.00000E+00  6.00561E-05
 5.73711E-01  2.07044E-01  6.93127E-03  1.00000E+00  1.00000E+00  6.00561E-05
 5.73711E-01  2.40377E-01  4.68041E-03  1.00000E+00  1.00000E+00  6.00561E-05
 5.73711E-01  2.73711E-01  6.93534E-03  1.00000E+00  1.00000E+00  6.00561E-05
 5.73711E-01  3.07044E-01  1.30936E-02  1.00000E+00  1.00000E+00  6.00561E-05
 5.73711E-01  3.40377E-01  2.31096E-02  1.00000E+00  1.00000E+00  6.00561E-05
 5.73711E-01  3.73711E-01  3.85697E-02  1.00000E+00  1.00000E+00  6.00561E-05
 5.73711E-01  4.07044E-01  6.16267E-02  1.00000E+00  1.00000E+00  6.00561E-05
 5.73711E-01  4.40377E-01  9.41785E-02  1.00000E+00  1.00000E+00  6.00561E-05
 5.73711E-01  4.73711E-01  1.37613E-01  1.00000E+00  1.00000E+00  6.00561E-05
 5.73711E-01  5.07044E-01  1.92287E-01  1.00000E+00  1.00000E+00  6.00561E-05
 5.73711E-01  5.40377E-01  2.56948E-01  1.00000E+00  1.00000E+00  6.00561E-05
 5.73711E-01  5.73711E-01  3.28365E-01  1.00000E+00  1.00000E+00  6.00561E-05
 5.73711E-01  6.07044E-01  4.01331E-01  1.00000E+00  1.00000E+00  6.00561E-05
 5.73711E-01  6.40377E-01  4.69132E-01  1.00000E+00  1.00000E+00  6.00561E-05
 5.73711E-01  6.73711E-01  5.24499E-01  1.00000E+00  1.00000E+00  6.00561E-05
 5.73711E-01  7.07044E-01  5.60867E-01  1.00000E+00  1.00000E+00  6.00561E-05
 5.73711E-01  7.40377E-01  5.73648E-01  1.00000E+00  1.00000E+00  6.00561E-05
 5.73711E-01  7.73711E-01  5.61182E-01  1.00000E+00  1.00000E+00  6.00561E-05
 5.73711E-01  8.07044E-01  5.25089E-01  1.00000E+00  1.00000E+00  6.00561E-05
 5.73711E-01  8.40377E-01  4.69927E-01  1.00000E+00  1.00000E+00  6.00561E-05
 5.73711E-01  8.73711E-01  4.02244E-01  1.00000E+00  1.00000E+00  6.00561E-05
 5.73711E-01  9.07044E-01  3.29306E-01  1.00000E+00  1.00000E+00  6.00561E-05
 5.73711E-01  9.40377E-01  2.57838E-01  1.00000E+00  1.00000E+00  6.00561E-05
 5.73711E-01  9.73711E-01  1.93071E-01  1.00000E+00  1.00000E+00  6.00561E-05
 6.07044E-01  7.04416E-03  1.68980E-01  1.00000E+00  1.00000E+00  6.00561E-05
 6.07044E-01  4.03775E-02  1.15717E-01  1.00000E+00  1.00000E+00  6.00561E-05
 6.07044E-01  7.37108E-02  7.57589E-02  1.00000E+00  1.00000E+00  6.00561E-05
 6.07044E-01  1.07044E-01  4.74435E-02  1.00000E+00  1.00000E+00  6.00561E-05
 6.07044E-01  1.40377E-01  2.84782E-02  1.00000E+00  1.00000E+00  6.00561E-05
 6.07044E-01  1.73711E-01  1.61363E-02  1.00000E+00  1.00000E+00  6.00561E-05
 6.07044E-01  2.07044E-01  8.47217E-03  1.00000E+00  1.00000E+00  6.00561E-05
 6.07044E-01  2.40377E-01  5.71944E-03  1.00000E+00  1.00000E+00  6.00561E-05
 6.07044E-01  2.73711E-01  8.47387E-03  1.00000E+00  1.00000E+00  6.00561E-05
 6.07044E-01  3.07044E-01  1.60019E-02  1.00000E+00  1.00000E+00  6.00561E-05
 6.07044E-01  3.40377E-01  2.82438E-02  1.00000E+00  1.00000E+00  6.00561E-05
 6.07044E-01  3.73711E-01  4.71389E-02  1.00000E+00  1.00000E+00  6.00561E-05
 6.07044E-01  4.07044E-01  7.53195E-02  1.00000E+00  1.00000E+00  6.00561E-05
 6.07044E-01  4.40377E-01  1.15105E-01  1.00000E+00  1.00000E+00  6.00561E-05
 6.07044E-01  4.73711E-01  1.68190E-01  1.00000E+00  1.00000E+00  6.00561E-05
 6.07044E-01  5.07044E-01  2.35015E-01  1.00000E+00  1.00000E+00  6.00561E-05
 6.07044E-01  5.40377E-01  3.14044E-01  1.00000E+00  1.00000E+00  6.00561E-05
 6.07044E-01  5.73711E-01  4.01331E-01  1.00000E+00  1.00000E+00  6.00561E-05
 6.07044E-01  6.07044E-01  4.90511E-01  1.00000E+00  1.00000E+00  6.00561E-05
 6.07044E-01  6.40377E-01  5.73379E-01  1.00000E+00  1.00000E+00  6.00561E-05
 6.07044E-01  6.73711E-01  6.41049E-01  1.00000E+00  1.00000E+00  6.00561E-05
 6.07044E-01  7.07044E-01  6.85498E-01  1.00000E+00  1.00000E+00  6.00561E-05
 6.07044E-01  7.40377E-01  7.01119E-01  1.00000E+00  1.00000E+00  6.00561E-05
 6.07044E-01  7.73711E-01  6.85883E-01  1.00000E+00  1.00000E+00  6.00561E-05
 6.07044E-01  8.07044E-01  6.41770E-01  1.00000E+00  1.00000E+00  6.00561E-05
 6.07044E-01  8.40377E-01  5.74350E-01  1.00000E+00  1.00000E+00  6.00561E-05
 6.07044E-01  8.73711E-01  4.91627E-01  1.00000E+00  1.00000E+00  6.00561E-05
 6.07044E-01  9.07044E-01  4.02480E-01  1.00000E+00  1.00000E+00  6.00561E-05
 6.07044E-01  9.40377E-01  3.15132E-01  1.00000E+00  1.00000E+00  6.00561E-05
 6.07044E-01  9.73711E-01  2.35972E-01  1.00000E+00  1.00000E+00  6.00561E-05
 6.40377E-01  7.04416E-03  1.97527E-01  1.00000E+00  1.00000E+00  6.00561E-05
 6.40377E-01  4.03775E-02  1.35266E-01  1.00000E+00  1.00000E+00  6.00561E-05
 6.40377E-01  7.37108E-02  8.85570E-02  1.00000E+00  1.00000E+00  6.00561E-05
 6.40377E-01  1.07044E-01  5.54581E-02  1.00000E+00  1.00000E+00  6.00561E-05
 6.40377E-01  1.40377E-01  3.32875E-02  1.00000E+00  1.00000E+00  6.00561E-05
 6.40377E-01  1.73711E-01  1.88608E-02  1.00000E+00  1.00000E+00  6.00561E-05
 6.40377E-01  2.07044E-01  9.90411E-03  1.00000E+00  1.00000E+00  6.00561E-05
 6.40377E-01  2.40377E-01  6.68488E-03  1.00000E+00  1.00000E+00  6.00561E-05
 6.40377E-01  2.73711E-01  9.90332E-03  1.00000E+00  1.00000E+00  6.00561E-05
 6.40377E-01  3.07044E-01  1.87044E-02  1.00000E+00  1.00000E+00  6.00561E-05
 6.40377E-01  3.40377E-01  3.30146E-02  1.00000E+00  1.00000E+00  6.00561E-05
 6.40377E-01  3.73711E-01  5.51016E-02  1.00000E+00  1.00000E+00  6.00561E-05
 6.40377E-01  4.07044E-01  8.80431E-02  1.00000E+00  1.00000E+00  6.00561E-05
 6.40377E-01  4.40377E-01  1.34550E-01  1.00000E+00  1.00000E+00  6.00561E-05
 6.40377E-01  4.73711E-01  1.96604E-01  1.00000E+00  1.00000E+00  6.00561E-05
 6.40377E-01  5.07044E-01  2.74718E-01  1.00000E+00  1.00000E+00  6.00561E-05
 6.40377E-01  5.40377E-01  3.67098E-01  1.00000E+00  1.00000E+00  6.00561E-05
 6.40377E-01  5.73711E-01  4.69132E-01  1.00000E+00  1.00000E+00  6.00561E-05
 6.40377E-01  6.07044E-01  5.73379E-01  1.00000E+00  1.00000E+00  6.00561E-05
 6.40377E-01  6.40377E-01  6.70246E-01  1.00000E+00  1.00000E+00  6.00561E-05
 6.40377E-01  6.73711E-01  7.49349E-01  1.00000E+00  1.00000E+00  6.00561E-05
 6.40377E-01  7.07044E-01  8.01308E-01  1.00000E+00  1.00000E+00  6.00561E-05
 6.40377E-01  7.40377E-01  8.19567E-01  1.00000E+00  1.00000E+00  6.00561E-05
 6.40377E-01  7.73711E-01  8.01757E-01  1.00000E+00  1.00000E+00  6.00561E-05
 6.40377E-01  8.07044E-01  7.50191E-01  1.00000E+00  1.00000E+00  6.00561E-05
 6.40377E-01  8.40377E-01  6.71382E-01  1.00000E+00  1.00000E+00  6.00561E-05
 6.40377E-01  8.73711E-01  5.74682E-01  1.00000E+00  1.00000E+00  6.00561E-05
 6.40377E-01  9.07044E-01  4.70475E-01  1.00000E+00  1.00000E+00  6.00561E-05
 6.40377E-01  9.40377E-01  3.68370E-01  1.00000E+00  1.00000E+00  6.00561E-05
 6.40377E-01  9.73711E-01  2.75837E-01  1.00000E+00  1.00000E+00  6.00561E-05
 6.73711E-01  7.04416E-03  2.20838E-01  1.00000E+00  1.00000E+00  6.00561E-05
 6.73711E-01  4.03775E-02  1.51229E-01  1.00000E+00  1.00000E+00  6.00561E-05
 6.73711E-01  7.37108E-02  9.90081E-02  1.00000E+00  1.00000E+00  6.00561E-05
 6.73711E-01  1.07044E-01  6.20029E-02  1.00000E+00  1.00000E+00  6.00561E-05
 6.73711E-01  1.40377E-01  3.72147E-02  1.00000E+00  1.00000E+00  6.00561E-05
 6.73711E-01  1.73711E-01  2.10856E-02  1.00000E+00  1.00000E+00  6.00561E-05
 6.73711E-01  2.07044E-01  1.10735E-02  1.00000E+00  1.00000E+00  6.00561E-05
 6.73711E-01  2.40377E-01  7.47326E-03  1.00000E+00  1.00000E+00  6.00561E-05
 6.73711E-01  2.73711E-01  1.10705E-02  1.00000E+00  1.00000E+00  6.00561E-05
 6.73711E-01  3.07044E-01  2.09113E-02  1.00000E+00  1.00000E+00  6.00561E-05
 6.73711E-01  3.40377E-01  3.69105E-02  1.00000E+00  1.00000E+00  6.00561E-05
 6.73711E-01  3.73711E-01  6.16040E-02  1.00000E+00  1.00000E+00  6.00561E-05
 6.73711E-01  4.07044E-01  9.84334E-02  1.00000E+00  1.00000E+00  6.00561E-05
 6.73711E-01  4.40377E-01  1.50429E-01  1.00000E+00  1.00000E+00  6.00561E-05
 6.73711E-01  4.73711E-01  2.19807E-01  1.00000E+00  1.00000E+00  6.00561E-05
 6.73711E-01  5.07044E-01  3.07140E-01  1.00000E+00  1.00000E+00  6.00561E-05
 6.73711E-01  5.40377E-01  4.10423E-01  1.00000E+00  1.00000E+00  6.00561E-05
 6.73711E-01  5.73711E-01  5.24499E-01  1.00000E+00  1.00000E+00  6.00561E-05
 6.73711E-01  6.07044E-01  6.41049E-01  1.00000E+00  1.00000E+00  6.00561E-05
 6.73711E-01  6.40377E-01  7.49349E-01  1.00000E+00  1.00000E+00  6.00561E-05
 6.73711E-01  6.73711E-01  8.37788E-01  1.00000E+00  1.00000E+00  6.00561E-05
 6.73711E-01  7.07044E-01  8.95879E-01  1.00000E+00  1.00000E+00  6.00561E-05
 6.73711E-01  7.40377E-01  9.16294E-01  1.00000E+00  1.00000E+00  6.00561E-05
 6.73711E-01  7.73711E-01  8.96381E-01  1.00000E+00  1.00000E+00  6.00561E-05
 6.73711E-01  8.07044E-01  8.38730E-01  1.00000E+00  1.00000E+00  6.00561E-05
 6.73711E-01  8.40377E-01  7.50619E-01  1.00000E+00  1.00000E+00  6.00561E-05
 6.73711E-01  8.73711E-01  6.42506E-01  1.00000E+00  1.00000E+00  6.00561E-05
 6.73711E-01  9.07044E-01  5.26001E-01  1.00000E+00  1.00000E+00  6.00561E-05
 6.73711E-01  9.40377E-01  4.11845E-01  1.00000E+00  1.00000E+00  6.00561E-05
 6.73711E-01  9.73711E-01  3.08391E-01  1.00000E+00  1.00000E+00  6.00561E-05
 7.07044E-01  7.04416E-03  2.36151E-01  1.00000E+00  1.00000E+00  6.00561E-05
 7.07044E-01  4.03775E-02  1.61715E-01  1.00000E+00  1.00000E+00  6.00561E-05
 7.07044E-01  7.37108E-02  1.05873E-01  1.00000E+00  1.00000E+00  6.00561E-05
 7.07044E-01  1.07044E-01  6.63018E-02  1.00000E+00  1.00000E+00  6.00561E-05
 7.07044E-01  1.40377E-01  3.97944E-02  1.00000E+00  1.00000E+00  6.00561E-05
 7.07044E-01  1.73711E-01  2.25470E-02  1.00000E+00  1.00000E+00  6.00561E-05
 7.07044E-01  2.07044E-01  1.18417E-02  1.00000E+00  1.00000E+00  6.00561E-05
 7.07044E-01  2.40377E-01  7.99111E-03  1.00000E+00  1.00000E+00  6.00561E-05
 7.07044E-01  2.73711E-01  1.18372E-02  1.00000E+00  1.00000E+00  6.00561E-05
 7.07044E-01  3.07044E-01  2.23609E-02  1.00000E+00  1.00000E+00  6.00561E-05
 7.07044E-01  3.40377E-01  3.94696E-02  1.00000E+00  1.00000E+00  6.00561E-05
 7.07044E-01  3.73711E-01  6.58751E-02  1.00000E+00  1.00000E+00  6.00561E-05
 7.07044E-01  4.07044E-01  1.05258E-01  1.00000E+00  1.00000E+00  6.00561E-05
 7.07044E-01  4.40377E-01  1.60859E-01  1.00000E+00  1.00000E+00  6.00561E-05
 7.07044E-01  4.73711E-01  2.35048E-01  1.00000E+00  1.00000E+00  6.00561E-05
 7.07044E-01  5.07044E-01  3.28436E-01  1.00000E+00  1.00000E+00  6.00561E-05
 7.07044E-01  5.40377E-01  4.38881E-01  1.00000E+00  1.00000E+00  6.00561E-05
 7.07044E-01  5.73711E-01  5.60867E-01  1.00000E+00  1.00000E+00  6.00561E-05
 7.07044E-01  6.07044E-01  6.85498E-01  1.00000E+00  1.00000E+00  6.00561E-05
 7.07044E-01  6.40377E-01  8.01308E-01  1.00000E+00  1.00000E+00  6.00561E-05
 7.07044E-01  6.73711E-01  8.95879E-01  1.00000E+00  1.00000E+00  6.00561E-05
 7.07044E-01  7.07044E-01  9.57998E-01  1.00000E+00  1.00000E+00  6.00561E-05
 7.07044E-01  7.40377E-01  9.79828E-01  1.00000E+00  1.00000E+00  6.00561E-05
 7.07044E-01  7.73711E-01  9.58534E-01  1.00000E+00  1.00000E+00  6.00561E-05
 7.07044E-01  8.07044E-01  8.96886E-01  1.00000E+00  1.00000E+00  6.00561E-05
 7.07044E-01  8.40377E-01  8.02665E-01  1.00000E+00  1.00000E+00  6.00561E-05
 7.07044E-01  8.73711E-01  6.87057E-01  1.00000E+00  1.00000E+00  6.00561E-05
 7.07044E-01  9.07044E-01  5.62473E-01  1.00000E+00  1.00000E+00  6.00561E-05
 7.07044E-01  9.40377E-01  4.40401E-01  1.00000E+00  1.00000E+00  6.00561E-05
 7.07044E-01  9.73711E-01  3.29774E-01  1.00000E+00  1.00000E+00  6.00561E-05
 7.40377E-01  7.04416E-03  2.41532E-01  1.00000E+00  1.00000E+00  6.00561E-05
 7.40377E-01  4.03775E-02  1.65400E-01  1.00000E+00  1.00000E+00  6.00561E-05
 7.40377E-01  7.37108E-02  1.08286E-01  1.00000E+00  1.00000E+00  6.00561E-05
 7.40377E-01  1.07044E-01  6.78127E-02  1.00000E+00  1.00000E+00  6.00561E-05
 7.40377E-01  1.40377E-01  4.07010E-02  1.00000E+00  1.00000E+00  6.00561E-05
 7.40377E-01  1.73711E-01  2.30606E-02  1.00000E+00  1.00000E+00  6.00561E-05
 7.40377E-01  2.07044E-01  1.21117E-02  1.00000E+00  1.00000E+00  6.00561E-05
 7.40377E-01  2.40377E-01  8.17314E-03  1.00000E+00  1.00000E+00  6.00561E-05
 7.40377E-01  2.73711E-01  1.21067E-02  1.00000E+00  1.00000E+00  6.00561E-05
 7.40377E-01  3.07044E-01  2.28704E-02  1.00000E+00  1.00000E+00  6.00561E-05
 7.40377E-01  3.40377E-01  4.03690E-02  1.00000E+00  1.00000E+00  6.00561E-05
 7.40377E-01  3.73711E-01  6.73762E-02  1.00000E+00  1.00000E+00  6.00561E-05
 7.40377E-01  4.07044E-01  1.07657E-01  1.00000E+00  1.00000E+00  6.00561E-05
 7.40377E-01  4.40377E-01  1.64525E-01  1.00000E+00  1.00000E+00  6.00561E-05
 7.40377E-01  4.73711E-01  2.40404E-01  1.00000E+00  1.00000E+00  6.00561E-05
 7.40377E-01  5.07044E-01  3.35920E-01  1.00000E+00  1.00000E+00  6.00561E-05
 7.40377E-01  5.40377E-01  4.48882E-01  1.00000E+00  1.00000E+00  6.00561E-05
 7.40377E-01  5.73711E-01  5.73648E-01  1.00000E+00  1.00000E+00  6.00561E-05
 7.40377E-01  6.07044E-01  7.01119E-01  1.00000E+00  1.00000E+00  6.00561E-05
 7.40377E-01  6.40377E-01  8.19567E-01  1.00000E+00  1.00000E+00  6.00561E-05
 7.40377E-01  6.73711E-01  9.16294E-01  1.00000E+00  1.00000E+00  6.00561E-05
 7.40377E-01  7.07044E-01  9.79828E-01  1.00000E+00  1.00000E+00  6.00561E-05
 7.40377E-01  7.40377E-01  1.00216E+00  1.00000E+00  1.00000E+00  6.00561E-05
 7.40377E-01  7.73711E-01  9.80377E-01  1.00000E+00  1.00000E+00  6.00561E-05
 7.40377E-01  8.07044E-01  9.17323E-01  1.00000E+00  1.00000E+00  6.00561E-05
 7.40377E-01  8.40377E-01  8.20956E-01  1.00000E+00  1.00000E+00  6.00561E-05
 7.40377E-01  8.73711E-01  7.02713E-01  1.00000E+00  1.00000E+00  6.00561E-05
 7.40377E-01  9.07044E-01  5.75290E-01  1.00000E+00  1.00000E+00  6.00561E-05
 7.40377E-01  9.40377E-01  4.50437E-01  1.00000E+00  1.00000E+00  6.00561E-05
 7.40377E-01  9.73711E-01  3.37289E-01  1.00000E+00  1.00000E+00  6.00561E-05
 7.73711E-01  7.04416E-03  2.36283E-01  1.00000E+00  1.00000E+00  6.00561E-05
 7.73711E-01  4.03775E-02  1.61806E-01  1.00000E+00  1.00000E+00  6.00561E-05
 7.73711E-01  7.37108E-02  1.05933E-01  1.00000E+00  1.00000E+00  6.00561E-05
 7.73711E-01  1.07044E-01  6.63393E-02  1.00000E+00  1.00000E+00  6.00561E-05
 7.73711E-01  1.40377E-01  3.98169E-02  1.00000E+00  1.00000E+00  6.00561E-05
 7.73711E-01  1.73711E-01  2.25598E-02  1.00000E+00  1.00000E+00  6.00561E-05
 7.73711E-01  2.07044E-01  1.18484E-02  1.00000E+00  1.00000E+00  6.00561E-05
 7.73711E-01  2.40377E-01  7.99570E-03  1.00000E+00  1.00000E+00  6.00561E-05
 7.73711E-01  2.73711E-01  1.18440E-02  1.00000E+00  1.00000E+00  6.00561E-05
 7.73711E-01  3.07044E-01  2.23736E-02  1.00000E+00  1.00000E+00  6.00561E-05
 7.73711E-01  3.40377E-01  3.94919E-02  1.00000E+00  1.00000E+00  6.00561E-05
 7.73711E-01  3.73711E-01  6.59123E-02  1.00000E+00  1.00000E+00  6.00561E-05
 7.73711E-01  4.07044E-01  1.05318E-01  1.00000E+00  1.00000E+00  6.00561E-05
 7.73711E-01  4.40377E-01  1.60949E-01  1.00000E+00  1.00000E+00  6.00561E-05
 7.73711E-01  4.73711E-01  2.35180E-01  1.00000E+00  1.00000E+00  6.00561E-05
 7.73711E-01  5.07044E-01  3.28620E-01  1.00000E+00  1.00000E+00  6.00561E-05
 7.73711E-01  5.40377E-01  4.39127E-01  1.00000E+00  1.00000E+00  6.00561E-05
 7.73711E-01  5.73711E-01  5.61182E-01  1.00000E+00  1.00000E+00  6.00561E-05
 7.73711E-01  6.07044E-01  6.85883E-01  1.00000E+00  1.00000E+00  6.00561E-05
 7.73711E-01  6.40377E-01  8.01757E-01  1.00000E+00  1.00000E+00  6.00561E-05
 7.73711E-01  6.73711E-01  8.96381E-01  1.00000E+00  1.00000E+00  6.00561E-05
 7.73711E-01  7.07044E-01  9.58534E-01  1.00000E+00  1.00000E+00  6.00561E-05
 7.73711E-01  7.40377E-01  9.80377E-01  1.00000E+00  1.00000E+00  6.00561E-05
 7.73711E-01  7.73711E-01  9.59071E-01  1.00000E+00  1.00000E+00  6.00561E-05
 7.73711E-01  8.07044E-01  8.97388E-01  1.00000E+00  1.00000E+00  6.00561E-05
 7.73711E-01  8.40377E-01  8.03115E-01  1.00000E+00  1.00000E+00  6.00561E-05
 7.73711E-01  8.73711E-01  6.87442E-01  1.00000E+00  1.00000E+00  6.00561E-05
 7.73711E-01  9.07044E-01  5.62788E-01  1.00000E+00  1.00000E+00  6.00561E-05
 7.73711E-01  9.40377E-01  4.40648E-01  1.00000E+00  1.00000E+00  6.00561E-05
 7.73711E-01  9.73711E-01  3.29959E-01  1.00000E+00  1.00000E+00  6.00561E-05
 8.07044E-01  7.04416E-03  2.21087E-01  1.00000E+00  1.00000E+00  6.00561E-05
 8.07044E-01  4.03775E-02  1.51400E-01  1.00000E+00  1.00000E+00  6.00561E-05
 8.07044E-01  7.37108E-02  9.91199E-02  1.00000E+00  1.00000E+00  6.00561E-05
 8.07044E-01  1.07044E-01  6.20731E-02  1.00000E+00  1.00000E+00  6.00561E-05
 8.07044E-01  1.40377E-01  3.72570E-02  1.00000E+00  1.00000E+00  6.00561E-05
 8.07044E-01  1.73711E-01  2.11096E-02  1.00000E+00  1.00000E+00  6.00561E-05
 8.07044E-01  2.07044E-01  1.10862E-02  1.00000E+00  1.00000E+00  6.00561E-05
 8.07044E-01  2.40377E-01  7.48186E-03  1.00000E+00  1.00000E+00  6.00561E-05
 8.07044E-01  2.73711E-01  1.10832E-02  1.00000E+00  1.00000E+00  6.00561E-05
 8.07044E-01  3.07044E-01  2.09351E-02  1.00000E+00  1.00000E+00  6.00561E-05
 8.07044E-01  3.40377E-01  3.69524E-02  1.00000E+00  1.00000E+00  6.00561E-05
 8.07044E-01  3.73711E-01  6.16737E-02  1.00000E+00  1.00000E+00  6.00561E-05
 8.07044E-01  4.07044E-01  9.85446E-02  1.00000E+00  1.00000E+00  6.00561E-05
 8.07044E-01  4.40377E-01  1.50599E-01  1.00000E+00  1.00000E+00  6.00561E-05
 8.07044E-01  4.73711E-01  2.20054E-01  1.00000E+00  1.00000E+00  6.00561E-05
 8.07044E-01  5.07044E-01  3.07486E-01  1.00000E+00  1.00000E+00  6.00561E-05
 8.07044E-01  5.40377E-01  4.10885E-01  1.00000E+00  1.00000E+00  6.00561E-05
 8.07044E-01  5.73711E-01  5.25089E-01  1.00000E+00  1.00000E+00  6.00561E-05
 8.07044E-01  6.07044E-01  6.41770E-01  1.00000E+00  1.00000E+00  6.00561E-05
 8.07044E-01  6.40377E-01  7.50191E-01  1.00000E+00  1.00000E+00  6.00561E-05
 8.07044E-01  6.73711E-01  8.38730E-01  1.00000E+00  1.00000E+00  6.00561E-05
 8.07044E-01  7.07044E-01  8.96886E-01  1.00000E+00  1.00000E+00  6.00561E-05
 8.07044E-01  7.40377E-01  9.17323E-01  1.00000E+00  1.00000E+00  6.00561E-05
 8.07044E-01  7.73711E-01  8.97388E-01  1.00000E+00  1.00000E+00  6.00561E-05
 8.07044E-01  8.07044E-01  8.39672E-01  1.00000E+00  1.00000E+00  6.00561E-05
 8.07044E-01  8.40377E-01  7.51462E-01  1.00000E+00  1.00000E+00  6.00561E-05
 8.07044E-01  8.73711E-01  6.43229E-01  1.00000E+00  1.00000E+00  6.00561E-05
 8.07044E-01  9.07044E-01  5.26593E-01  1.00000E+00  1.00000E+00  6.00561E-05
 8.07044E-01  9.40377E-01  4.12308E-01  1.00000E+00  1.00000E+00  6.00561E-05
 8.07044E-01  9.73711E-01  3.08738E-01  1.00000E+00  1.00000E+00  6.00561E-05
 8.40377E-01  7.04416E-03  1.97862E-01  1.00000E+00  1.00000E+00  6.00561E-05
 8.40377E-01  4.03775E-02  1.35496E-01  1.00000E+00  1.00000E+00  6.00561E-05
 8.40377E-01  7.37108E-02  8.87078E-02  1.00000E+00  1.00000E+00  6.00561E-05
 8.40377E-01  1.07044E-01  5.55527E-02  1.00000E+00  1.00000E+00  6.00561E-05
 8.40377E-01  1.40377E-01  3.33444E-02  1.00000E+00  1.00000E+00  6.00561E-05
 8.40377E-01  1.73711E-01  1.88932E-02  1.00000E+00  1.00000E+00  6.00561E-05
 8.40377E-01  2.07044E-01  9.92123E-03  1.00000E+00  1.00000E+00  6.00561E-05
 8.40377E-01  2.40377E-01  6.69648E-03  1.00000E+00  1.00000E+00  6.00561E-05
 8.40377E-01  2.73711E-01  9.92041E-03  1.00000E+00  1.00000E+00  6.00561E-05
 8.40377E-01  3.07044E-01  1.87365E-02  1.00000E+00  1.00000E+00  6.00561E-05
 8.40377E-01  3.40377E-01  3.30711E-02  1.00000E+00  1.00000E+00  6.00561E-05
 8.40377E-01  3.73711E-01  5.51956E-02  1.00000E+00  1.00000E+00  6.00561E-05
 8.40377E-01  4.07044E-01  8.81931E-02  1.00000E+00  1.00000E+00  6.00561E-05
 8.40377E-01  4.40377E-01  1.34779E-01  1.00000E+00  1.00000E+00  6.00561E-05
 8.40377E-01  4.73711E-01  1.96938E-01  1.00000E+00  1.00000E+00  6.00561E-05
 8.40377E-01  5.07044E-01  2.75184E-01  1.00000E+00  1.00000E+00  6.00561E-05
 8.40377E-01  5.40377E-01  3.67721E-01  1.00000E+00  1.00000E+00  6.00561E-05
 8.40377E-01  5.73711E-01  4.69927E-01  1.00000E+00  1.00000E+00  6.00561E-05
 8.40377E-01  6.07044E-01  5.74350E-01  1.00000E+00  1.00000E+00  6.00561E-05
 8.40377E-01  6.40377E-01  6.71382E-01  1.00000E+00  1.00000E+00  6.00561E-05
 8.40377E-01  6.73711E-01  7.50619E-01  1.00000E+00  1.00000E+00  6.00561E-05
 8.40377E-01  7.07044E-01  8.02665E-01  1.00000E+00  1.00000E+00  6.00561E-05
 8.40377E-01  7.40377E-01  8.20956E-01  1.00000E+00  1.00000E+00  6.00561E-05
 8.40377E-01  7.73711E-01  8.03115E-01  1.00000E+00  1.00000E+00  6.00561E-05
 8.40377E-01  8.07044E-01  7.51462E-01  1.00000E+00  1.00000E+00  6.00561E-05
 8.40377E-01  8.40377E-01  6.72519E-01  1.00000E+00  1.00000E+00  6.00561E-05
 8.40377E-01  8.73711E-01  5.75656E-01  1.00000E+00  1.00000E+00  6.00561E-05
 8.40377E-01  9.07044E-01  4.71273E-01  1.00000E+00  1.00000E+00  6.00561E-05
 8.40377E-01  9.40377E-01  3.68995E-01  1.00000E+00  1.00000E+00  6.00561E-05
 8.40377E-01  9.73711E-01  2.76305E-01  1.00000E+00  1.00000E+00  6.00561E-05
 8.73711E-01  7.04416E-03  1.69365E-01  1.00000E+00  1.00000E+00  6.00561E-05
 8.73711E-01  4.03775E-02  1.15981E-01  1.00000E+00  1.00000E+00  6.00561E-05
 8.73711E-01  7.37108E-02  7.59320E-02  1.00000E+00  1.00000E+00  6.00561E-05
 8.73711E-01  1.07044E-01  4.75522E-02  1.00000E+00  1.00000E+00  6.00561E-05
 8.73711E-01  1.40377E-01  2.85436E-02  1.00000E+00  1.00000E+00  6.00561E-05
 8.73711E-01  1.73711E-01  1.61734E-02  1.00000E+00  1.00000E+00  6.00561E-05
 8.73711E-01  2.07044E-01  8.49182E-03  1.00000E+00  1.00000E+00  6.00561E-05
 8.73711E-01  2.40377E-01  5.73274E-03  1.00000E+00  1.00000E+00  6.00561E-05
 8.73711E-01  2.73711E-01  8.49348E-03  1.00000E+00  1.00000E+00  6.00561E-05
 8.73711E-01  3.07044E-01  1.60388E-02  1.00000E+00  1.00000E+00  6.00561E-05
 8.73711E-01  3.40377E-01  2.83087E-02  1.00000E+00  1.00000E+00  6.00561E-05
 8.73711E-01  3.73711E-01  4.72469E-02  1.00000E+00  1.00000E+00  6.00561E-05
 8.73711E-01  4.07044E-01  7.54916E-02  1.00000E+00  1.00000E+00  6.00561E-05
 8.73711E-01  4.40377E-01  1.15367E-01  1.00000E+00  1.00000E+00  6.00561E-05
 8.73711E-01  4.73711E-01  1.68574E-01  1.00000E+00  1.00000E+00  6.00561E-05
 8.73711E-01  5.07044E-01  2.35550E-01  1.00000E+00  1.00000E+00  6.00561E-05
 8.73711E-01  5.40377E-01  3.14758E-01  1.00000E+00  1.00000E+00  6.00561E-05
 8.73711E-01  5.73711E-01  4.02244E-01  1.00000E+00  1.00000E+00  6.00561E-05
 8.73711E-01  6.07044E-01  4.91627E-01  1.00000E+00  1.00000E+00  6.00561E-05
 8.73711E-01  6.40377E-01  5.74682E-01  1.00000E+00  1.00000E+00  6.00561E-05
 8.73711E-01  6.73711E-01  6.42506E-01  1.00000E+00  1.00000E+00  6.00561E-05
 8.73711E-01  7.07044E-01  6.87057E-01  1.00000E+00  1.00000E+00  6.00561E-05
 8.73711E-01  7.40377E-01  7.02713E-01  1.00000E+00  1.00000E+00  6.00561E-05
 8.73711E-01  7.73711E-01  6.87442E-01  1.00000E+00  1.00000E+00  6.00561E-05
 8.73711E-01  8.07044E-01  6.43229E-01  1.00000E+00  1.00000E+00  6.00561E-05
 8.73711E-01  8.40377E-01  5.75656E-01  1.00000E+00  1.00000E+00  6.00561E-05
 8.73711E-01  8.73711E-01  4.92745E-01  1.00000E+00  1.00000E+00  6.00561E-05
 8.73711E-01  9.07044E-01  4.03396E-01  1.00000E+00  1.00000E+00  6.00561E-05
 8.73711E-01  9.40377E-01  3.15849E-01  1.00000E+00  1.00000E+00  6.00561E-05
 8.73711E-01  9.73711E-01  2.36510E-01  1.00000E+00  1.00000E+00  6.00561E-05
 9.07044E-01  7.04416E-03  1.38656E-01  1.00000E+00  1.00000E+00  6.00561E-05
 9.07044E-01  4.03775E-02  9.49517E-02  1.00000E+00  1.00000E+00  6.00561E-05
 9.07044E-01  7.37108E-02  6.21643E-02  1.00000E+00  1.00000E+00  6.00561E-05
 9.07044E-01  1.07044E-01  3.89304E-02  1.00000E+00  1.00000E+00  6.00561E-05
 9.07044E-01  1.40377E-01  2.33698E-02  1.00000E+00  1.00000E+00  6.00561E-05
 9.07044E-01  1.73711E-01  1.32424E-02  1.00000E+00  1.00000E+00  6.00561E-05
 9.07044E-01  2.07044E-01  6.95150E-03  1.00000E+00  1.00000E+00  6.00561E-05
 9.07044E-01  2.40377E-01  4.69410E-03  1.00000E+00  1.00000E+00  6.00561E-05
 9.07044E-01  2.73711E-01  6.95554E-03  1.00000E+00  1.00000E+00  6.00561E-05
 9.07044E-01  3.07044E-01  1.31315E-02  1.00000E+00  1.00000E+00  6.00561E-05
 9.07044E-01  3.40377E-01  2.31764E-02  1.00000E+00  1.00000E+00  6.00561E-05
 9.07044E-01  3.73711E-01  3.86809E-02  1.00000E+00  1.00000E+00  6.00561E-05
 9.07044E-01  4.07044E-01  6.18040E-02  1.00000E+00  1.00000E+00  6.00561E-05
 9.07044E-01  4.40377E-01  9.44491E-02  1.00000E+00  1.00000E+00  6.00561E-05
 9.07044E-01  4.73711E-01  1.38008E-01  1.00000E+00  1.00000E+00  6.00561E-05
 9.07044E-01  5.07044E-01  1.92839E-01  1.00000E+00  1.00000E+00  6.00561E-05
 9.07044E-01  5.40377E-01  2.57684E-01  1.00000E+00  1.00000E+00  6.00561E-05
 9.07044E-01  5.73711E-01  3.29306E-01  1.00000E+00  1.00000E+00  6.00561E-05
 9.07044E-01  6.07044E-01  4.02480E-01  1.00000E+00  1.00000E+00  6.00561E-05
 9.07044E-01  6.40377E-01  4.70475E-01  1.00000E+00  1.00000E+00  6.00561E-05
 9.07044E-01  6.73711E-01  5.26001E-01  1.00000E+00  1.00000E+00  6.00561E-05
 9.07044E-01  7.07044E-01  5.62473E-01  1.00000E+00  1.00000E+00  6.00561E-05
 9.07044E-01  7.40377E-01  5.75290E-01  1.00000E+00  1.00000E+00  6.00561E-05
 9.07044E-01  7.73711E-01  5.62788E-01  1.00000E+00  1.00000E+00  6.00561E-05
 9.07044E-01  8.07044E-01  5.26593E-01  1.00000E+00  1.00000E+00  6.00561E-05
 9.07044E-01  8.40377E-01  4.71273E-01  1.00000E+00  1.00000E+00  6.00561E-05
 9.07044E-01  8.73711E-01  4.03396E-01  1.00000E+00  1.00000E+00  6.00561E-05
 9.07044E-01  9.07044E-01  3.30249E-01  1.00000E+00  1.00000E+00  6.00561E-05
 9.07044E-01  9.40377E-01  2.58577E-01  1.00000E+00  1.00000E+00  6.00561E-05
 9.07044E-01  9.73711E-01  1.93625E-01  1.00000E+00  1.00000E+00  6.00561E-05
 9.40377E-01  7.04416E-03  1.08565E-01  1.00000E+00  1.00000E+00  6.00561E-05
 9.40377E-01  4.03775E-02  7.43462E-02  1.00000E+00  1.00000E+00  6.00561E-05
 9.40377E-01  7.37108E-02  4.86741E-02  1.00000E+00  1.00000E+00  6.00561E-05
 9.40377E-01  1.07044E-01  3.04824E-02  1.00000E+00  1.00000E+00  6.00561E-05
 9.40377E-01  1.40377E-01  1.83001E-02  1.00000E+00  1.00000E+00  6.00561E-05
 9.40377E-01  1.73711E-01  1.03702E-02  1.00000E+00  1.00000E+00  6.00561E-05
 9.40377E-01  2.07044E-01  5.44233E-03  1.00000E+00  1.00000E+00  6.00561E-05
 9.40377E-01  2.40377E-01  3.67630E-03  1.00000E+00  1.00000E+00  6.00561E-05
 9.40377E-01  2.73711E-01  5.44832E-03  1.00000E+00  1.00000E+00  6.00561E-05
 9.40377E-01  3.07044E-01  1.02828E-02  1.00000E+00  1.00000E+00  6.00561E-05
 9.40377E-01  3.40377E-01  1.81475E-02  1.00000E+00  1.00000E+00  6.00561E-05
 9.40377E-01  3.73711E-01  3.02875E-02  1.00000E+00  1.00000E+00  6.00561E-05
 9.40377E-01  4.07044E-01  4.83923E-02  1.00000E+00  1.00000E+00  6.00561E-05
 9.40377E-01  4.40377E-01  7.39525E-02  1.00000E+00  1.00000E+00  6.00561E-05
 9.40377E-01  4.73711E-01  1.08057E-01  1.00000E+00  1.00000E+00  6.00561E-05
 9.40377E-01  5.07044E-01  1.50989E-01  1.00000E+00  1.00000E+00  6.00561E-05
 9.40377E-01  5.40377E-01  2.01761E-01  1.00000E+00  1.00000E+00  6.00561E-05
 9.40377E-01  5.73711E-01  2.57838E-01  1.00000E+00  1.00000E+00  6.00561E-05
 9.40377E-01  6.07044E-01  3.15132E-01  1.00000E+00  1.00000E+00  6.00561E-05
 9.40377E-01  6.40377E-01  3.68370E-01  1.00000E+00  1.00000E+00  6.00561E-05
 9.40377E-01  6.73711E-01  4.11845E-01  1.00000E+00  1.00000E+00  6.00561E-05
 9.40377E-01  7.07044E-01  4.40401E-01  1.00000E+00  1.00000E+00  6.00561E-05
 9.40377E-01  7.40377E-01  4.50437E-01  1.00000E+00  1.00000E+00  6.00561E-05
 9.40377E-01  7.73711E-01  4.40648E-01  1.00000E+00  1.00000E+00  6.00561E-05
 9.40377E-01  8.07044E-01  4.12308E-01  1.00000E+00  1.00000E+00  6.00561E-05
 9.40377E-01  8.40377E-01  3.68995E-01  1.00000E+00  1.00000E+00  6.00561E-05
 9.40377E-01  8.73711E-01  3.15849E-01  1.00000E+00  1.00000E+00  6.00561E-05
 9.40377E-01  9.07044E-01  2.58577E-01  1.00000E+00  1.00000E+00  6.00561E-05
 9.40377E-01  9.40377E-01  2.02460E-01  1.00000E+00  1.00000E+00  6.00561E-05
 9.40377E-01  9.73711E-01  1.51604E-01  1.00000E+00  1.00000E+00  6.00561E-05
 9.73711E-01  7.04416E-03  8.12952E-02  1.00000E+00  1.00000E+00  6.00561E-05
 9.73711E-01  4.03775E-02  5.56721E-02  1.00000E+00  1.00000E+00  6.00561E-05
 9.73711E-01  7.37108E-02  3.64484E-02  1.00000E+00  1.00000E+00  6.00561E-05
 9.73711E-01  1.07044E-01  2.28263E-02  1.00000E+00  1.00000E+00  6.00561E-05
 9.73711E-01  1.40377E-01  1.37054E-02  1.00000E+00  1.00000E+00  6.00561E-05
 9.73711E-01  1.73711E-01  7.76704E-03  1.00000E+00  1.00000E+00  6.00561E-05
 9.73711E-01  2.07044E-01  4.07471E-03  1.00000E+00  1.00000E+00  6.00561E-05
 9.73711E-01  2.40377E-01  2.75375E-03  1.00000E+00  1.00000E+00  6.00561E-05
 9.73711E-01  2.73711E-01  4.08199E-03  1.00000E+00  1.00000E+00  6.00561E-05
 9.73711E-01  3.07044E-01  7.70090E-03  1.00000E+00  1.00000E+00  6.00561E-05
 9.73711E-01  3.40377E-01  1.35899E-02  1.00000E+00  1.00000E+00  6.00561E-05
 9.73711E-01  3.73711E-01  2.26808E-02  1.00000E+00  1.00000E+00  6.00561E-05
 9.73711E-01  4.07044E-01  3.62377E-02  1.00000E+00  1.00000E+00  6.00561E-05
 9.73711E-01  4.40377E-01  5.53772E-02  1.00000E+00  1.00000E+00  6.00561E-05
 9.73711E-01  4.73711E-01  8.09151E-02  1.00000E+00  1.00000E+00  6.00561E-05
 9.73711E-01  5.07044E-01  1.13062E-01  1.00000E+00  1.00000E+00  6.00561E-05
 9.73711E-01  5.40377E-01  1.51080E-01  1.00000E+00  1.00000E+00  6.00561E-05
 9.73711E-01  5.73711E-01  1.93071E-01  1.00000E+00  1.00000E+00  6.00561E-05
 9.73711E-01  6.07044E-01  2.35972E-01  1.00000E+00  1.00000E+00  6.00561E-05
 9.73711E-01  6.40377E-01  2.75837E-01  1.00000E+00  1.00000E+00  6.00561E-05
 9.73711E-01  6.73711E-01  3.08391E-01  1.00000E+00  1.00000E+00  6.00561E-05
 9.73711E-01  7.07044E-01  3.29774E-01  1.00000E+00  1.00000E+00  6.00561E-05
 9.73711E-01  7.40377E-01  3.37289E-01  1.00000E+00  1.00000E+00  6.00561E-05
 9.73711E-01  7.73711E-01  3.29959E-01  1.00000E+00  1.00000E+00  6.00561E-05
 9.73711E-01  8.07044E-01  3.08738E-01  1.00000E+00  1.00000E+00  6.00561E-05
 9.73711E-01  8.40377E-01  2.76305E-01  1.00000E+00  1.00000E+00  6.00561E-05
 9.73711E-01  8.73711E-01  2.36510E-01  1.00000E+00  1.00000E+00  6.00561E-05
 9.73711E-01  9.07044E-01  1.93625E-01  1.00000E+00  1.00000E+00  6.00561E-05
 9.73711E-01  9.40377E-01  1.51604E-01  1.00000E+00  1.00000E+00  6.00561E-05
 9.73711E-01  9.73711E-01  1.13523E-01  1.00000E+00  1.00000E+00  6.00561E-05
