 7.04416E-03  7.04416E-03  3.82260E-01  1.00000E+00  1.00000E+00  6.00558E-05
 7.04416E-03  4.03775E-02  3.03906E-01  1.00000E+00  1.00000E+00  6.00558E-05
 7.04416E-03  7.37108E-02  2.31069E-01  1.00000E+00  1.00000E+00  6.00558E-05
 7.04416E-03  1.07044E-01  1.68013E-01  1.00000E+00  1.00000E+00  6.00558E-05
 7.04416E-03  1.40377E-01  1.16818E-01  1.00000E+00  1.00000E+00  6.00558E-05
 7.04416E-03  1.73711E-01  7.76477E-02  1.00000E+00  1.00000E+00  6.00558E-05
 7.04416E-03  2.07044E-01  4.93647E-02  1.00000E+00  1.00000E+00  6.00558E-05
 7.04416E-03  2.40377E-01  3.00642E-02  1.00000E+00  1.00000E+00  6.00558E-05
 7.04416E-03  2.73711E-01  1.73632E-02  1.00000E+00  1.00000E+00  6.00558E-05
 7.04416E-03  3.07044E-01  9.27576E-03  1.00000E+00  1.00000E+00  6.00558E-05
 7.04416E-03  3.40377E-01  5.38881E-03  1.00000E+00  1.00000E+00  6.00558E-05
 7.04416E-03  3.73711E-01  6.16257E-03  1.00000E+00  1.00000E+00  6.00558E-05
 7.04416E-03  4.07044E-01  1.13606E-02  1.00000E+00  1.00000E+00  6.00558E-05
 7.04416E-03  4.40377E-01  2.06693E-02  1.00000E+00  1.00000E+00  6.00558E-05
 7.04416E-03  4.73711E-01  3.51482E-02  1.00000E+00  1.00000E+00  6.00558E-05
 7.04416E-03  5.07044E-01  5.69923E-02  1.00000E+00  1.00000E+00  6.00558E-05
 7.04416E-03  5.40377E-01  8.84401E-02  1.00000E+00  1.00000E+00  6.00558E-05
 7.04416E-03  5.73711E-01  1.31224E-01  1.00000E+00  1.00000E+00  6.00558E-05
 7.04416E-03  6.07044E-01  1.86164E-01  1.00000E+00  1.00000E+00  6.00558E-05
 7.04416E-03  6.40377E-01  2.52554E-01  1.00000E+00  1.00000E+00  6.00558E-05
 7.04416E-03  6.73711E-01  3.27652E-01  1.00000E+00  1.00000E+00  6.00558E-05
 7.04416E-03  7.07044E-01  4.06530E-01  1.00000E+00  1.00000E+00  6.00558E-05
 7.04416E-03  7.40377E-01  4.82411E-01  1.00000E+00  1.00000E+00  6.00558E-05
 7.04416E-03  7.73711E-01  5.47522E-01  1.00000E+00  1.00000E+00  6.00558E-05
 7.04416E-03  8.07044E-01  5.94375E-01  1.00000E+00  1.00000E+00  6.00558E-05
 7.04416E-03  8.40377E-01  6.17166E-01  1.00000E+00  1.00000E+00  6.00558E-05
 7.04416E-03  8.73711E-01  6.12958E-01  1.00000E+00  1.00000E+00  6.00558E-05
 7.04416E-03  9.07044E-01  5.82301E-01  1.00000E+00  1.00000E+00  6.00558E-05
 7.04416E-03  9.40377E-01  5.29112E-01  1.00000E+00  1.00000E+00  6.00558E-05
 7.04416E-03  9.73711E-01  4.59856E-01  1.00000E+00  1.00000E+00  6.00558E-05
 4.03775E-02  7.04416E-03  3.03906E-01  1.00000E+00  1.00000E+00  6.00558E-05
 4.03775E-02  4.03775E-02  2.41613E-01  1.00000E+00  1.00000E+00  6.00558E-05
 4.03775E-02  7.37108E-02  1.83706E-01  1.00000E+00  1.00000E+00  6.00558E-05
 4.03775E-02  1.07044E-01  1.33575E-01  1.00000E+00  1.00000E+00  6.00558E-05
 4.03775E-02  1.40377E-01  9.28739E-02  1.00000E+00  1.00000E+00  6.00558E-05
 4.03775E-02  1.73711E-01  6.17326E-02  1.00000E+00  1.00000E+00  6.00558E-05
 4.03775E-02  2.07044E-01  3.92468E-02  1.00000E+00  1.00000E+00  6.00558E-05
 4.03775E-02  2.40377E-01  2.39037E-02  1.00000E+00  1.00000E+00  6.00558E-05
 4.03775E-02  2.73711E-01  1.38063E-02  1.00000E+00  1.00000E+00  6.00558E-05
 4.03775E-02  3.07044E-01  7.37430E-03  1.00000E+00  1.00000E+00  6.00558E-05
 4.03775E-02  3.40377E-01  4.28401E-03  1.00000E+00  1.00000E+00  6.00558E-05
 4.03775E-02  3.73711E-01  4.90151E-03  1.00000E+00  1.00000E+00  6.00558E-05
 4.03775E-02  4.07044E-01  9.03373E-03  1.00000E+00  1.00000E+00  6.00558E-05
 4.03775E-02  4.40377E-01  1.64334E-02  1.00000E+00  1.00000E+00  6.00558E-05
 4.03775E-02  4.73711E-01  2.79446E-02  1.00000E+00  1.00000E+00  6.00558E-05
 4.03775E-02  5.07044E-01  4.53114E-02  1.00000E+00  1.00000E+00  6.00558E-05
 4.03775E-02  5.40377E-01  7.03131E-02  1.00000E+00  1.00000E+00  6.00558E-05
 4.03775E-02  5.73711E-01  1.04327E-01  1.00000E+00  1.00000E+00  6.00558E-05
 4.03775E-02  6.07044E-01  1.48006E-01  1.00000E+00  1.00000E+00  6.00558E-05
 4.03775E-02  6.40377E-01  2.00787E-01  1.00000E+00  1.00000E+00  6.00558E-05
 4.03775E-02  6.73711E-01  2.60491E-01  1.00000E+00  1.00000E+00  6.00558E-05
 4.03775E-02  7.07044E-01  3.23201E-01  1.00000E+00  1.00000E+00  6.00558E-05
 4.03775E-02  7.40377E-01  3.83528E-01  1.00000E+00  1.00000E+00  6.00558E-05
 4.03775E-02  7.73711E-01  4.35293E-01  1.00000E+00  1.00000E+00  6.00558E-05
 4.03775E-02  8.07044E-01  4.72542E-01  1.00000E+00  1.00000E+00  6.00558E-05
 4.03775E-02  8.40377E-01  4.90661E-01  1.00000E+00  1.00000E+00  6.00558E-05
 4.03775E-02  8.73711E-01  4.87316E-01  1.00000E+00  1.00000E+00  6.00558E-05
 4.03775E-02  9.07044E-01  4.62942E-01  1.00000E+00  1.00000E+00  6.00558E-05
 4.03775E-02  9.40377E-01  4.20656E-01  1.00000E+00  1.00000E+00  6.00558E-05
 4.03775E-02  9.73711E-01  3.65597E-01  1.00000E+00  1.00000E+00  6.00558E-05
 7.37108E-02  7.04416E-03  2.31069E-01  1.00000E+00  1.00000E+00  6.00558E-05
 7.37108E-02  4.03775E-02  1.83706E-01  1.00000E+00  1.00000E+00  6.00558E-05
 7.37108E-02  7.37108E-02  1.39677E-01  1.00000E+00  1.00000E+00  6.00558E-05
 7.37108E-02  1.07044E-01  1.01562E-01  1.00000E+00  1.00000E+00  6.00558E-05
 7.37108E-02  1.40377E-01  7.06158E-02  1.00000E+00  1.00000E+00  6.00558E-05
 7.37108E-02  1.73711E-01  4.69379E-02  1.00000E+00  1.00000E+00  6.00558E-05
 7.37108E-02  2.07044E-01  2.98412E-02  1.00000E+00  1.00000E+00  6.00558E-05
 7.37108E-02  2.40377E-01  1.81766E-02  1.00000E+00  1.00000E+00  6.00558E-05
 7.37108E-02  2.73711E-01  1.04996E-02  1.00000E+00  1.00000E+00  6.00558E-05
 7.37108E-02  3.07044E-01  5.60670E-03  1.00000E+00  1.00000E+00  6.00558E-05
 7.37108E-02  3.40377E-01  3.25701E-03  1.00000E+00  1.00000E+00  6.00558E-05
 7.37108E-02  3.73711E-01  3.72888E-03  1.00000E+00  1.00000E+00  6.00558E-05
 7.37108E-02  4.07044E-01  6.87041E-03  1.00000E+00  1.00000E+00  6.00558E-05
 7.37108E-02  4.40377E-01  1.24956E-02  1.00000E+00  1.00000E+00  6.00558E-05
 7.37108E-02  4.73711E-01  2.12481E-02  1.00000E+00  1.00000E+00  6.00558E-05
 7.37108E-02  5.07044E-01  3.44527E-02  1.00000E+00  1.00000E+00  6.00558E-05
 7.37108E-02  5.40377E-01  5.34621E-02  1.00000E+00  1.00000E+00  6.00558E-05
 7.37108E-02  5.73711E-01  7.93238E-02  1.00000E+00  1.00000E+00  6.00558E-05
 7.37108E-02  6.07044E-01  1.12534E-01  1.00000E+00  1.00000E+00  6.00558E-05
 7.37108E-02  6.40377E-01  1.52665E-01  1.00000E+00  1.00000E+00  6.00558E-05
 7.37108E-02  6.73711E-01  1.98059E-01  1.00000E+00  1.00000E+00  6.00558E-05
 7.37108E-02  7.07044E-01  2.45739E-01  1.00000E+00  1.00000E+00  6.00558E-05
 7.37108E-02  7.40377E-01  2.91606E-01  1.00000E+00  1.00000E+00  6.00558E-05
 7.37108E-02  7.73711E-01  3.30965E-01  1.00000E+00  1.00000E+00  6.00558E-05
 7.37108E-02  8.07044E-01  3.59286E-01  1.00000E+00  1.00000E+00  6.00558E-05
 7.37108E-02  8.40377E-01  3.73062E-01  1.00000E+00  1.00000E+00  6.00558E-05
 7.37108E-02  8.73711E-01  3.70519E-01  1.00000E+00  1.00000E+00  6.00558E-05
 7.37108E-02  9.07044E-01  3.51987E-01  1.00000E+00  1.00000E+00  6.00558E-05
 7.37108E-02  9.40377E-01  3.19836E-01  1.00000E+00  1.00000E+00  6.00558E-05
 7.37108E-02  9.73711E-01  2.77973E-01  1.00000E+00  1.00000E+00  6.00558E-05
 1.07044E-01  7.04416E-03  1.68013E-01  1.00000E+00  1.00000E+00  6.00558E-05
 1.07044E-01  4.03775E-02  1.33575E-01  1.00000E+00  1.00000E+00  6.00558E-05
 1.07044E-01  7.37108E-02  1.01562E-01  1.00000E+00  1.00000E+00  6.00558E-05
 1.07044E-01  1.07044E-01  7.38482E-02  1.00000E+00  1.00000E+00  6.00558E-05
 1.07044E-01  1.40377E-01  5.13470E-02  1.00000E+00  1.00000E+00  6.00558E-05
 1.07044E-01  1.73711E-01  3.41302E-02  1.00000E+00  1.00000E+00  6.00558E-05
 1.07044E-01  2.07044E-01  2.16988E-02  1.00000E+00  1.00000E+00  6.00558E-05
 1.07044E-01  2.40377E-01  1.32185E-02  1.00000E+00  1.00000E+00  6.00558E-05
 1.07044E-01  2.73711E-01  7.63660E-03  1.00000E+00  1.00000E+00  6.00558E-05
 1.07044E-01  3.07044E-01  4.07664E-03  1.00000E+00  1.00000E+00  6.00558E-05
 1.07044E-01  3.40377E-01  2.36809E-03  1.00000E+00  1.00000E+00  6.00558E-05
 1.07044E-01  3.73711E-01  2.71344E-03  1.00000E+00  1.00000E+00  6.00558E-05
 1.07044E-01  4.07044E-01  4.99741E-03  1.00000E+00  1.00000E+00  6.00558E-05
 1.07044E-01  4.40377E-01  9.08661E-03  1.00000E+00  1.00000E+00  6.00558E-05
 1.07044E-01  4.73711E-01  1.54509E-02  1.00000E+00  1.00000E+00  6.00558E-05
 1.07044E-01  5.07044E-01  2.50524E-02  1.00000E+00  1.00000E+00  6.00558E-05
 1.07044E-01  5.40377E-01  3.88742E-02  1.00000E+00  1.00000E+00  6.00558E-05
 1.07044E-01  5.73711E-01  5.76784E-02  1.00000E+00  1.00000E+00  6.00558E-05
 1.07044E-01  6.07044E-01  8.18256E-02  1.00000E+00  1.00000E+00  6.00558E-05
 1.07044E-01  6.40377E-01  1.11005E-01  1.00000E+00  1.00000E+00  6.00558E-05
 1.07044E-01  6.73711E-01  1.44011E-01  1.00000E+00  1.00000E+00  6.00558E-05
 1.07044E-01  7.07044E-01  1.78679E-01  1.00000E+00  1.00000E+00  6.00558E-05
 1.07044E-01  7.40377E-01  2.12030E-01  1.00000E+00  1.00000E+00  6.00558E-05
 1.07044E-01  7.73711E-01  2.40648E-01  1.00000E+00  1.00000E+00  6.00558E-05
 1.07044E-01  8.07044E-01  2.61240E-01  1.00000E+00  1.00000E+00  6.00558E-05
 1.07044E-01  8.40377E-01  2.71257E-01  1.00000E+00  1.00000E+00  6.00558E-05
 1.07044E-01  8.73711E-01  2.69408E-01  1.00000E+00  1.00000E+00  6.00558E-05
 1.07044E-01  9.07044E-01  2.55933E-01  1.00000E+00  1.00000E+00  6.00558E-05
 1.07044E-01  9.40377E-01  2.32556E-01  1.00000E+00  1.00000E+00  6.00558E-05
 1.07044E-01  9.73711E-01  2.02118E-01  1.00000E+00  1.00000E+00  6.00558E-05
 1.40377E-01  7.04416E-03  1.16818E-01  1.00000E+00  1.00000E+00  6.00558E-05
 1.40377E-01  4.03775E-02  9.28739E-02  1.00000E+00  1.00000E+00  6.00558E-05
 1.40377E-01  7.37108E-02  7.06158E-02  1.00000E+00  1.00000E+00  6.00558E-05
 1.40377E-01  1.07044E-01  5.13470E-02  1.00000E+00  1.00000E+00  6.00558E-05
 1.40377E-01  1.40377E-01  3.57023E-02  1.00000E+00  1.00000E+00  6.00558E-05
 1.40377E-01  1.73711E-01  2.37314E-02  1.00000E+00  1.00000E+00  6.00558E-05
 1.40377E-01  2.07044E-01  1.50879E-02  1.00000E+00  1.00000E+00  6.00558E-05
 1.40377E-01  2.40377E-01  9.19273E-03  1.00000E+00  1.00000E+00  6.00558E-05
 1.40377E-01  2.73711E-01  5.31182E-03  1.00000E+00  1.00000E+00  6.00558E-05
 1.40377E-01  3.07044E-01  2.83449E-03  1.00000E+00  1.00000E+00  6.00558E-05
 1.40377E-01  3.40377E-01  1.64652E-03  1.00000E+00  1.00000E+00  6.00558E-05
 1.40377E-01  3.73711E-01  1.88866E-03  1.00000E+00  1.00000E+00  6.00558E-05
 1.40377E-01  4.07044E-01  3.47644E-03  1.00000E+00  1.00000E+00  6.00558E-05
 1.40377E-01  4.40377E-01  6.31880E-03  1.00000E+00  1.00000E+00  6.00558E-05
 1.40377E-01  4.73711E-01  1.07440E-02  1.00000E+00  1.00000E+00  6.00558E-05
 1.40377E-01  5.07044E-01  1.74200E-02  1.00000E+00  1.00000E+00  6.00558E-05
 1.40377E-01  5.40377E-01  2.70301E-02  1.00000E+00  1.00000E+00  6.00558E-05
 1.40377E-01  5.73711E-01  4.01043E-02  1.00000E+00  1.00000E+00  6.00558E-05
 1.40377E-01  6.07044E-01  5.68933E-02  1.00000E+00  1.00000E+00  6.00558E-05
 1.40377E-01  6.40377E-01  7.71810E-02  1.00000E+00  1.00000E+00  6.00558E-05
 1.40377E-01  6.73711E-01  1.00130E-01  1.00000E+00  1.00000E+00  6.00558E-05
 1.40377E-01  7.07044E-01  1.24233E-01  1.00000E+00  1.00000E+00  6.00558E-05
 1.40377E-01  7.40377E-01  1.47421E-01  1.00000E+00  1.00000E+00  6.00558E-05
 1.40377E-01  7.73711E-01  1.67318E-01  1.00000E+00  1.00000E+00  6.00558E-05
 1.40377E-01  8.07044E-01  1.81636E-01  1.00000E+00  1.00000E+00  6.00558E-05
 1.40377E-01  8.40377E-01  1.88600E-01  1.00000E+00  1.00000E+00  6.00558E-05
 1.40377E-01  8.73711E-01  1.87315E-01  1.00000E+00  1.00000E+00  6.00558E-05
 1.40377E-01  9.07044E-01  1.77946E-01  1.00000E+00  1.00000E+00  6.00558E-05
 1.40377E-01  9.40377E-01  1.61693E-01  1.00000E+00  1.00000E+00  6.00558E-05
 1.40377E-01  9.73711E-01  1.40530E-01  1.00000E+00  1.00000E+00  6.00558E-05
 1.73711E-01  7.04416E-03  7.76477E-02  1.00000E+00  1.00000E+00  6.00558E-05
 1.73711E-01  4.03775E-02  6.17326E-02  1.00000E+00  1.00000E+00  6.00558E-05
 1.73711E-01  7.37108E-02  4.69379E-02  1.00000E+00  1.00000E+00  6.00558E-05
 1.73711E-01  1.07044E-01  3.41302E-02  1.00000E+00  1.00000E+00  6.00558E-05
 1.73711E-01  1.40377E-01  2.37314E-02  1.00000E+00  1.00000E+00  6.00558E-05
 1.73711E-01  1.73711E-01  1.57742E-02  1.00000E+00  1.00000E+00  6.00558E-05
 1.73711E-01  2.07044E-01  1.00289E-02  1.00000E+00  1.00000E+00  6.00558E-05
 1.73711E-01  2.40377E-01  6.11144E-03  1.00000E+00  1.00000E+00  6.00558E-05
 1.73711E-01  2.73711E-01  3.53205E-03  1.00000E+00  1.00000E+00  6.00558E-05
 1.73711E-01  3.07044E-01  1.88364E-03  1.00000E+00  1.00000E+00  6.00558E-05
 1.73711E-01  3.40377E-01  1.09408E-03  1.00000E+00  1.00000E+00  6.00558E-05
 1.73711E-01  3.73711E-01  1.25675E-03  1.00000E+00  1.00000E+00  6.00558E-05
 1.73711E-01  4.07044E-01  2.31183E-03  1.00000E+00  1.00000E+00  6.00558E-05
 1.73711E-01  4.40377E-01  4.20032E-03  1.00000E+00  1.00000E+00  6.00558E-05
 1.73711E-01  4.73711E-01  7.14178E-03  1.00000E+00  1.00000E+00  6.00558E-05
 1.73711E-01  5.07044E-01  1.15794E-02  1.00000E+00  1.00000E+00  6.00558E-05
 1.73711E-01  5.40377E-01  1.79670E-02  1.00000E+00  1.00000E+00  6.00558E-05
 1.73711E-01  5.73711E-01  2.66572E-02  1.00000E+00  1.00000E+00  6.00558E-05
 1.73711E-01  6.07044E-01  3.78166E-02  1.00000E+00  1.00000E+00  6.00558E-05
 1.73711E-01  6.40377E-01  5.13016E-02  1.00000E+00  1.00000E+00  6.00558E-05
 1.73711E-01  6.73711E-01  6.65551E-02  1.00000E+00  1.00000E+00  6.00558E-05
 1.73711E-01  7.07044E-01  8.25767E-02  1.00000E+00  1.00000E+00  6.00558E-05
 1.73711E-01  7.40377E-01  9.79894E-02  1.00000E+00  1.00000E+00  6.00558E-05
 1.73711E-01  7.73711E-01  1.11215E-01  1.00000E+00  1.00000E+00  6.00558E-05
 1.73711E-01  8.07044E-01  1.20731E-01  1.00000E+00  1.00000E+00  6.00558E-05
 1.73711E-01  8.40377E-01  1.25361E-01  1.00000E+00  1.00000E+00  6.00558E-05
 1.73711E-01  8.73711E-01  1.24506E-01  1.00000E+00  1.00000E+00  6.00558E-05
 1.73711E-01  9.07044E-01  1.18279E-01  1.00000E+00  1.00000E+00  6.00558E-05
 1.73711E-01  9.40377E-01  1.07476E-01  1.00000E+00  1.00000E+00  6.00558E-05
 1.73711E-01  9.73711E-01  9.34088E-02  1.00000E+00  1.00000E+00  6.00558E-05
 2.07044E-01  7.04416E-03  4.93647E-02  1.00000E+00  1.00000E+00  6.00558E-05
 2.07044E-01  4.03775E-02  3.92468E-02  1.00000E+00  1.00000E+00  6.00558E-05
 2.07044E-01  7.37108E-02  2.98412E-02  1.00000E+00  1.00000E+00  6.00558E-05
 2.07044E-01  1.07044E-01  2.16988E-02  1.00000E+00  1.00000E+00  6.00558E-05
 2.07044E-01  1.40377E-01  1.50879E-02  1.00000E+00  1.00000E+00  6.00558E-05
 2.07044E-01  1.73711E-01  1.00289E-02  1.00000E+00  1.00000E+00  6.00558E-05
 2.07044E-01  2.07044E-01  6.37622E-03  1.00000E+00  1.00000E+00  6.00558E-05
 2.07044E-01  2.40377E-01  3.88651E-03  1.00000E+00  1.00000E+00  6.00558E-05
 2.07044E-01  2.73711E-01  2.24678E-03  1.00000E+00  1.00000E+00  6.00558E-05
 2.07044E-01  3.07044E-01  1.19729E-03  1.00000E+00  1.00000E+00  6.00558E-05
 2.07044E-01  3.40377E-01  6.95393E-04  1.00000E+00  1.00000E+00  6.00558E-05
 2.07044E-01  3.73711E-01  8.00205E-04  1.00000E+00  1.00000E+00  6.00558E-05
 2.07044E-01  4.07044E-01  1.47077E-03  1.00000E+00  1.00000E+00  6.00558E-05
 2.07044E-01  4.40377E-01  2.67076E-03  1.00000E+00  1.00000E+00  6.00558E-05
 2.07044E-01  4.73711E-01  4.54091E-03  1.00000E+00  1.00000E+00  6.00558E-05
 2.07044E-01  5.07044E-01  7.36226E-03  1.00000E+00  1.00000E+00  6.00558E-05
 2.07044E-01  5.40377E-01  1.14231E-02  1.00000E+00  1.00000E+00  6.00558E-05
 2.07044E-01  5.73711E-01  1.69479E-02  1.00000E+00  1.00000E+00  6.00558E-05
 2.07044E-01  6.07044E-01  2.40423E-02  1.00000E+00  1.00000E+00  6.00558E-05
 2.07044E-01  6.40377E-01  3.26152E-02  1.00000E+00  1.00000E+00  6.00558E-05
 2.07044E-01  6.73711E-01  4.23125E-02  1.00000E+00  1.00000E+00  6.00558E-05
 2.07044E-01  7.07044E-01  5.24980E-02  1.00000E+00  1.00000E+00  6.00558E-05
 2.07044E-01  7.40377E-01  6.22964E-02  1.00000E+00  1.00000E+00  6.00558E-05
 2.07044E-01  7.73711E-01  7.07043E-02  1.00000E+00  1.00000E+00  6.00558E-05
 2.07044E-01  8.07044E-01  7.67544E-02  1.00000E+00  1.00000E+00  6.00558E-05
 2.07044E-01  8.40377E-01  7.96975E-02  1.00000E+00  1.00000E+00  6.00558E-05
 2.07044E-01  8.73711E-01  7.91542E-02  1.00000E+00  1.00000E+00  6.00558E-05
 2.07044E-01  9.07044E-01  7.51956E-02  1.00000E+00  1.00000E+00  6.00558E-05
 2.07044E-01  9.40377E-01  6.83274E-02  1.00000E+00  1.00000E+00  6.00558E-05
 2.07044E-01  9.73711E-01  5.93846E-02  1.00000E+00  1.00000E+00  6.00558E-05
 2.40377E-01  7.04416E-03  3.00642E-02  1.00000E+00  1.00000E+00  6.00558E-05
 2.40377E-01  4.03775E-02  2.39037E-02  1.00000E+00  1.00000E+00  6.00558E-05
 2.40377E-01  7.37108E-02  1.81766E-02  1.00000E+00  1.00000E+00  6.00558E-05
 2.40377E-01  1.07044E-01  1.32185E-02  1.00000E+00  1.00000E+00  6.00558E-05
 2.40377E-01  1.40377E-01  9.19273E-03  1.00000E+00  1.00000E+00  6.00558E-05
 2.40377E-01  1.73711E-01  6.11144E-03  1.00000E+00  1.00000E+00  6.00558E-05
 2.40377E-01  2.07044E-01  3.88651E-03  1.00000E+00  1.00000E+00  6.00558E-05
 2.40377E-01  2.40377E-01  2.37050E-03  1.00000E+00  1.00000E+00  6.00558E-05
 2.40377E-01  2.73711E-01  1.37143E-03  1.00000E+00  1.00000E+00  6.00558E-05
 2.40377E-01  3.07044E-01  7.30540E-04  1.00000E+00  1.00000E+00  6.00558E-05
 2.40377E-01  3.40377E-01  4.24614E-04  1.00000E+00  1.00000E+00  6.00558E-05
 2.40377E-01  3.73711E-01  4.89606E-04  1.00000E+00  1.00000E+00  6.00558E-05
 2.40377E-01  4.07044E-01  8.98252E-04  1.00000E+00  1.00000E+00  6.00558E-05
 2.40377E-01  4.40377E-01  1.62913E-03  1.00000E+00  1.00000E+00  6.00558E-05
 2.40377E-01  4.73711E-01  2.76866E-03  1.00000E+00  1.00000E+00  6.00558E-05
 2.40377E-01  5.07044E-01  4.48742E-03  1.00000E+00  1.00000E+00  6.00558E-05
 2.40377E-01  5.40377E-01  6.96073E-03  1.00000E+00  1.00000E+00  6.00558E-05
 2.40377E-01  5.73711E-01  1.03253E-02  1.00000E+00  1.00000E+00  6.00558E-05
 2.40377E-01  6.07044E-01  1.46455E-02  1.00000E+00  1.00000E+00  6.00558E-05
 2.40377E-01  6.40377E-01  1.98656E-02  1.00000E+00  1.00000E+00  6.00558E-05
 2.40377E-01  6.73711E-01  2.57702E-02  1.00000E+00  1.00000E+00  6.00558E-05
 2.40377E-01  7.07044E-01  3.19718E-02  1.00000E+00  1.00000E+00  6.00558E-05
 2.40377E-01  7.40377E-01  3.79376E-02  1.00000E+00  1.00000E+00  6.00558E-05
 2.40377E-01  7.73711E-01  4.30567E-02  1.00000E+00  1.00000E+00  6.00558E-05
 2.40377E-01  8.07044E-01  4.67403E-02  1.00000E+00  1.00000E+00  6.00558E-05
 2.40377E-01  8.40377E-01  4.85322E-02  1.00000E+00  1.00000E+00  6.00558E-05
 2.40377E-01  8.73711E-01  4.82014E-02  1.00000E+00  1.00000E+00  6.00558E-05
 2.40377E-01  9.07044E-01  4.57913E-02  1.00000E+00  1.00000E+00  6.00558E-05
 2.40377E-01  9.40377E-01  4.16097E-02  1.00000E+00  1.00000E+00  6.00558E-05
 2.40377E-01  9.73711E-01  3.61649E-02  1.00000E+00  1.00000E+00  6.00558E-05
 2.73711E-01  7.04416E-03  1.73632E-02  1.00000E+00  1.00000E+00  6.00558E-05
 2.73711E-01  4.03775E-02  1.38063E-02  1.00000E+00  1.00000E+00  6.00558E-05
 2.73711E-01  7.37108E-02  1.04996E-02  1.00000E+00  1.00000E+00  6.00558E-05
 2.73711E-01  1.07044E-01  7.63660E-03  1.00000E+00  1.00000E+00  6.00558E-05
 2.73711E-01  1.40377E-01  5.31182E-03  1.00000E+00  1.00000E+00  6.00558E-05
 2.73711E-01  1.73711E-01  3.53205E-03  1.00000E+00  1.00000E+00  6.00558E-05
 2.73711E-01  2.07044E-01  2.24678E-03  1.00000E+00  1.00000E+00  6.00558E-05
 2.73711E-01  2.40377E-01  1.37143E-03  1.00000E+00  1.00000E+00  6.00558E-05
 2.73711E-01  2.73711E-01  7.94103E-04  1.00000E+00  1.00000E+00  6.00558E-05
 2.73711E-01  3.07044E-01  4.22699E-04  1.00000E+00  1.00000E+00  6.00558E-05
 2.73711E-01  3.40377E-01  2.45857E-04  1.00000E+00  1.00000E+00  6.00558E-05
 2.73711E-01  3.73711E-01  2.84223E-04  1.00000E+00  1.00000E+00  6.00558E-05
 2.73711E-01  4.07044E-01  5.20411E-04  1.00000E+00  1.00000E+00  6.00558E-05
 2.73711E-01  4.40377E-01  9.42555E-04  1.00000E+00  1.00000E+00  6.00558E-05
 2.73711E-01  4.73711E-01  1.60109E-03  1.00000E+00  1.00000E+00  6.00558E-05
 2.73711E-01  5.07044E-01  2.59412E-03  1.00000E+00  1.00000E+00  6.00558E-05
 2.73711E-01  5.40377E-01  4.02269E-03  1.00000E+00  1.00000E+00  6.00558E-05
 2.73711E-01  5.73711E-01  5.96577E-03  1.00000E+00  1.00000E+00  6.00558E-05
 2.73711E-01  6.07044E-01  8.46051E-03  1.00000E+00  1.00000E+00  6.00558E-05
 2.73711E-01  6.40377E-01  1.14747E-02  1.00000E+00  1.00000E+00  6.00558E-05
 2.73711E-01  6.73711E-01  1.48839E-02  1.00000E+00  1.00000E+00  6.00558E-05
 2.73711E-01  7.07044E-01  1.84644E-02  1.00000E+00  1.00000E+00  6.00558E-05
 2.73711E-01  7.40377E-01  2.19087E-02  1.00000E+00  1.00000E+00  6.00558E-05
 2.73711E-01  7.73711E-01  2.48641E-02  1.00000E+00  1.00000E+00  6.00558E-05
 2.73711E-01  8.07044E-01  2.69907E-02  1.00000E+00  1.00000E+00  6.00558E-05
 2.73711E-01  8.40377E-01  2.80252E-02  1.00000E+00  1.00000E+00  6.00558E-05
 2.73711E-01  8.73711E-01  2.78343E-02  1.00000E+00  1.00000E+00  6.00558E-05
 2.73711E-01  9.07044E-01  2.64429E-02  1.00000E+00  1.00000E+00  6.00558E-05
 2.73711E-01  9.40377E-01  2.40288E-02  1.00000E+00  1.00000E+00  6.00558E-05
 2.73711E-01  9.73711E-01  2.08854E-02  1.00000E+00  1.00000E+00  6.00558E-05
 3.07044E-01  7.04416E-03  9.27576E-03  1.00000E+00  1.00000E+00  6.00558E-05
 3.07044E-01  4.03775E-02  7.37430E-03  1.00000E+00  1.00000E+00  6.00558E-05
 3.07044E-01  7.37108E-02  5.60670E-03  1.00000E+00  1.00000E+00  6.00558E-05
 3.07044E-01  1.07044E-01  4.07664E-03  1.00000E+00  1.00000E+00  6.00558E-05
 3.07044E-01  1.40377E-01  2.83449E-03  1.00000E+00  1.00000E+00  6.00558E-05
 3.07044E-01  1.73711E-01  1.88364E-03  1.00000E+00  1.00000E+00  6.00558E-05
 3.07044E-01  2.07044E-01  1.19729E-03  1.00000E+00  1.00000E+00  6.00558E-05
 3.07044E-01  2.40377E-01  7.30540E-04  1.00000E+00  1.00000E+00  6.00558E-05
 3.07044E-01  2.73711E-01  4.22699E-04  1.00000E+00  1.00000E+00  6.00558E-05
 3.07044E-01  3.07044E-01  2.24251E-04  1.00000E+00  1.00000E+00  6.00558E-05
 3.07044E-01  3.40377E-01  1.30226E-04  1.00000E+00  1.00000E+00  6.00558E-05
 3.07044E-01  3.73711E-01  1.51148E-04  1.00000E+00  1.00000E+00  6.00558E-05
 3.07044E-01  4.07044E-01  2.76786E-04  1.00000E+00  1.00000E+00  6.00558E-05
 3.07044E-01  4.40377E-01  5.01501E-04  1.00000E+00  1.00000E+00  6.00558E-05
 3.07044E-01  4.73711E-01  8.52800E-04  1.00000E+00  1.00000E+00  6.00558E-05
 3.07044E-01  5.07044E-01  1.38290E-03  1.00000E+00  1.00000E+00  6.00558E-05
 3.07044E-01  5.40377E-01  2.14578E-03  1.00000E+00  1.00000E+00  6.00558E-05
 3.07044E-01  5.73711E-01  3.18379E-03  1.00000E+00  1.00000E+00  6.00558E-05
 3.07044E-01  6.07044E-01  4.51687E-03  1.00000E+00  1.00000E+00  6.00558E-05
 3.07044E-01  6.40377E-01  6.12785E-03  1.00000E+00  1.00000E+00  6.00558E-05
 3.07044E-01  6.73711E-01  7.95020E-03  1.00000E+00  1.00000E+00  6.00558E-05
 3.07044E-01  7.07044E-01  9.86440E-03  1.00000E+00  1.00000E+00  6.00558E-05
 3.07044E-01  7.40377E-01  1.17059E-02  1.00000E+00  1.00000E+00  6.00558E-05
 3.07044E-01  7.73711E-01  1.32861E-02  1.00000E+00  1.00000E+00  6.00558E-05
 3.07044E-01  8.07044E-01  1.44232E-02  1.00000E+00  1.00000E+00  6.00558E-05
 3.07044E-01  8.40377E-01  1.49764E-02  1.00000E+00  1.00000E+00  6.00558E-05
 3.07044E-01  8.73711E-01  1.48744E-02  1.00000E+00  1.00000E+00  6.00558E-05
 3.07044E-01  9.07044E-01  1.41304E-02  1.00000E+00  1.00000E+00  6.00558E-05
 3.07044E-01  9.40377E-01  1.28396E-02  1.00000E+00  1.00000E+00  6.00558E-05
 3.07044E-01  9.73711E-01  1.11589E-02  1.00000E+00  1.00000E+00  6.00558E-05
 3.40377E-01  7.04416E-03  5.38881E-03  1.00000E+00  1.00000E+00  6.00558E-05
 3.40377E-01  4.03775E-02  4.28401E-03  1.00000E+00  1.00000E+00  6.00558E-05
 3.40377E-01  7.37108E-02  3.25701E-03  1.00000E+00  1.00000E+00  6.00558E-05
 3.40377E-01  1.07044E-01  2.36809E-03  1.00000E+00  1.00000E+00  6.00558E-05
 3.40377E-01  1.40377E-01  1.64652E-03  1.00000E+00  1.00000E+00  6.00558E-05
 3.40377E-01  1.73711E-01  1.09408E-03  1.00000E+00  1.00000E+00  6.00558E-05
 3.40377E-01  2.07044E-01  6.95393E-04  1.00000E+00  1.00000E+00  6.00558E-05
 3.40377E-01  2.40377E-01  4.24614E-04  1.00000E+00  1.00000E+00  6.00558E-05
 3.40377E-01  2.73711E-01  2.45857E-04  1.00000E+00  1.00000E+00  6.00558E-05
 3.40377E-01  3.07044E-01  1.30226E-04  1.00000E+00  1.00000E+00  6.00558E-05
 3.40377E-01  3.40377E-01  7.57051E-05  1.00000E+00  1.00000E+00  6.00558E-05
 3.40377E-01  3.73711E-01  8.81791E-05  1.00000E+00  1.00000E+00  6.00558E-05
 3.40377E-01  4.07044E-01  1.61073E-04  1.00000E+00  1.00000E+00  6.00558E-05
 3.40377E-01  4.40377E-01  2.91396E-04  1.00000E+00  1.00000E+00  6.00558E-05
 3.40377E-01  4.73711E-01  4.95408E-04  1.00000E+00  1.00000E+00  6.00558E-05
 3.40377E-01  5.07044E-01  8.03309E-04  1.00000E+00  1.00000E+00  6.00558E-05
 3.40377E-01  5.40377E-01  1.24641E-03  1.00000E+00  1.00000E+00  6.00558E-05
 3.40377E-01  5.73711E-01  1.84937E-03  1.00000E+00  1.00000E+00  6.00558E-05
 3.40377E-01  6.07044E-01  2.62381E-03  1.00000E+00  1.00000E+00  6.00558E-05
 3.40377E-01  6.40377E-01  3.55975E-03  1.00000E+00  1.00000E+00  6.00558E-05
 3.40377E-01  6.73711E-01  4.61856E-03  1.00000E+00  1.00000E+00  6.00558E-05
 3.40377E-01  7.07044E-01  5.73078E-03  1.00000E+00  1.00000E+00  6.00558E-05
 3.40377E-01  7.40377E-01  6.80080E-03  1.00000E+00  1.00000E+00  6.00558E-05
 3.40377E-01  7.73711E-01  7.71901E-03  1.00000E+00  1.00000E+00  6.00558E-05
 3.40377E-01  8.07044E-01  8.37977E-03  1.00000E+00  1.00000E+00  6.00558E-05
 3.40377E-01  8.40377E-01  8.70122E-03  1.00000E+00  1.00000E+00  6.00558E-05
 3.40377E-01  8.73711E-01  8.64193E-03  1.00000E+00  1.00000E+00  6.00558E-05
 3.40377E-01  9.07044E-01  8.20962E-03  1.00000E+00  1.00000E+00  6.00558E-05
 3.40377E-01  9.40377E-01  7.45958E-03  1.00000E+00  1.00000E+00  6.00558E-05
 3.40377E-01  9.73711E-01  6.48299E-03  1.00000E+00  1.00000E+00  6.00558E-05
 3.73711E-01  7.04416E-03  6.16257E-03  1.00000E+00  1.00000E+00  6.00558E-05
 3.73711E-01  4.03775E-02  4.90151E-03  1.00000E+00  1.00000E+00  6.00558E-05
 3.73711E-01  7.37108E-02  3.72888E-03  1.00000E+00  1.00000E+00  6.00558E-05
 3.73711E-01  1.07044E-01  2.71344E-03  1.00000E+00  1.00000E+00  6.00558E-05
 3.73711E-01  1.40377E-01  1.88866E-03  1.00000E+00  1.00000E+00  6.00558E-05
 3.73711E-01  1.73711E-01  1.25675E-03  1.00000E+00  1.00000E+00  6.00558E-05
 3.73711E-01  2.07044E-01  8.00205E-04  1.00000E+00  1.00000E+00  6.00558E-05
 3.73711E-01  2.40377E-01  4.89606E-04  1.00000E+00  1.00000E+00  6.00558E-05
 3.73711E-01  2.73711E-01  2.84223E-04  1.00000E+00  1.00000E+00  6.00558E-05
 3.73711E-01  3.07044E-01  1.51148E-04  1.00000E+00  1.00000E+00  6.00558E-05
 3.73711E-01  3.40377E-01  8.81791E-05  1.00000E+00  1.00000E+00  6.00558E-05
 3.73711E-01  3.73711E-01  1.02489E-04  1.00000E+00  1.00000E+00  6.00558E-05
 3.73711E-01  4.07044E-01  1.86613E-04  1.00000E+00  1.00000E+00  6.00558E-05
 3.73711E-01  4.40377E-01  3.36655E-04  1.00000E+00  1.00000E+00  6.00558E-05
 3.73711E-01  4.73711E-01  5.70898E-04  1.00000E+00  1.00000E+00  6.00558E-05
 3.73711E-01  5.07044E-01  9.23805E-04  1.00000E+00  1.00000E+00  6.00558E-05
 3.73711E-01  5.40377E-01  1.43104E-03  1.00000E+00  1.00000E+00  6.00558E-05
 3.73711E-01  5.73711E-01  2.12061E-03  1.00000E+00  1.00000E+00  6.00558E-05
 3.73711E-01  6.07044E-01  3.00562E-03  1.00000E+00  1.00000E+00  6.00558E-05
 3.73711E-01  6.40377E-01  4.07462E-03  1.00000E+00  1.00000E+00  6.00558E-05
 3.73711E-01  6.73711E-01  5.28344E-03  1.00000E+00  1.00000E+00  6.00558E-05
 3.73711E-01  7.07044E-01  6.55286E-03  1.00000E+00  1.00000E+00  6.00558E-05
 3.73711E-01  7.40377E-01  7.77383E-03  1.00000E+00  1.00000E+00  6.00558E-05
 3.73711E-01  7.73711E-01  8.82141E-03  1.00000E+00  1.00000E+00  6.00558E-05
 3.73711E-01  8.07044E-01  9.57519E-03  1.00000E+00  1.00000E+00  6.00558E-05
 3.73711E-01  8.40377E-01  9.94187E-03  1.00000E+00  1.00000E+00  6.00558E-05
 3.73711E-01  8.73711E-01  9.87423E-03  1.00000E+00  1.00000E+00  6.00558E-05
 3.73711E-01  9.07044E-01  9.38109E-03  1.00000E+00  1.00000E+00  6.00558E-05
 3.73711E-01  9.40377E-01  8.52543E-03  1.00000E+00  1.00000E+00  6.00558E-05
 3.73711E-01  9.73711E-01  7.41119E-03  1.00000E+00  1.00000E+00  6.00558E-05
 4.07044E-01  7.04416E-03  1.13606E-02  1.00000E+00  1.00000E+00  6.00558E-05
 4.07044E-01  4.03775E-02  9.03373E-03  1.00000E+00  1.00000E+00  6.00558E-05
 4.07044E-01  7.37108E-02  6.87041E-03  1.00000E+00  1.00000E+00  6.00558E-05
 4.07044E-01  1.07044E-01  4.99741E-03  1.00000E+00  1.00000E+00  6.00558E-05
 4.07044E-01  1.40377E-01  3.47644E-03  1.00000E+00  1.00000E+00  6.00558E-05
 4.07044E-01  1.73711E-01  2.31183E-03  1.00000E+00  1.00000E+00  6.00558E-05
 4.07044E-01  2.07044E-01  1.47077E-03  1.00000E+00  1.00000E+00  6.00558E-05
 4.07044E-01  2.40377E-01  8.98252E-04  1.00000E+00  1.00000E+00  6.00558E-05
 4.07044E-01  2.73711E-01  5.20411E-04  1.00000E+00  1.00000E+00  6.00558E-05
 4.07044E-01  3.07044E-01  2.76786E-04  1.00000E+00  1.00000E+00  6.00558E-05
 4.07044E-01  3.40377E-01  1.61073E-04  1.00000E+00  1.00000E+00  6.00558E-05
 4.07044E-01  3.73711E-01  1.86613E-04  1.00000E+00  1.00000E+00  6.00558E-05
 4.07044E-01  4.07044E-01  3.41172E-04  1.00000E+00  1.00000E+00  6.00558E-05
 4.07044E-01  4.40377E-01  6.17305E-04  1.00000E+00  1.00000E+00  6.00558E-05
 4.07044E-01  4.73711E-01  1.04833E-03  1.00000E+00  1.00000E+00  6.00558E-05
 4.07044E-01  5.07044E-01  1.69820E-03  1.00000E+00  1.00000E+00  6.00558E-05
 4.07044E-01  5.40377E-01  2.63293E-03  1.00000E+00  1.00000E+00  6.00558E-05
 4.07044E-01  5.73711E-01  3.90424E-03  1.00000E+00  1.00000E+00  6.00558E-05
 4.07044E-01  6.07044E-01  5.53638E-03  1.00000E+00  1.00000E+00  6.00558E-05
 4.07044E-01  6.40377E-01  7.50830E-03  1.00000E+00  1.00000E+00  6.00558E-05
 4.07044E-01  6.73711E-01  9.73855E-03  1.00000E+00  1.00000E+00  6.00558E-05
 4.07044E-01  7.07044E-01  1.20809E-02  1.00000E+00  1.00000E+00  6.00558E-05
 4.07044E-01  7.40377E-01  1.43340E-02  1.00000E+00  1.00000E+00  6.00558E-05
 4.07044E-01  7.73711E-01  1.62674E-02  1.00000E+00  1.00000E+00  6.00558E-05
 4.07044E-01  8.07044E-01  1.76585E-02  1.00000E+00  1.00000E+00  6.00558E-05
 4.07044E-01  8.40377E-01  1.83352E-02  1.00000E+00  1.00000E+00  6.00558E-05
 4.07044E-01  8.73711E-01  1.82104E-02  1.00000E+00  1.00000E+00  6.00558E-05
 4.07044E-01  9.07044E-01  1.73002E-02  1.00000E+00  1.00000E+00  6.00558E-05
 4.07044E-01  9.40377E-01  1.57210E-02  1.00000E+00  1.00000E+00  6.00558E-05
 4.07044E-01  9.73711E-01  1.36647E-02  1.00000E+00  1.00000E+00  6.00558E-05
 4.40377E-01  7.04416E-03  2.06693E-02  1.00000E+00  1.00000E+00  6.00558E-05
 4.40377E-01  4.03775E-02  1.64334E-02  1.00000E+00  1.00000E+00  6.00558E-05
 4.40377E-01  7.37108E-02  1.24956E-02  1.00000E+00  1.00000E+00  6.00558E-05
 4.40377E-01  1.07044E-01  9.08661E-03  1.00000E+00  1.00000E+00  6.00558E-05
 4.40377E-01  1.40377E-01  6.31880E-03  1.00000E+00  1.00000E+00  6.00558E-05
 4.40377E-01  1.73711E-01  4.20032E-03  1.00000E+00  1.00000E+00  6.00558E-05
 4.40377E-01  2.07044E-01  2.67076E-03  1.00000E+00  1.00000E+00  6.00558E-05
 4.40377E-01  2.40377E-01  1.62913E-03  1.00000E+00  1.00000E+00  6.00558E-05
 4.40377E-01  2.73711E-01  9.42555E-04  1.00000E+00  1.00000E+00  6.00558E-05
 4.40377E-01  3.07044E-01  5.01501E-04  1.00000E+00  1.00000E+00  6.00558E-05
 4.40377E-01  3.40377E-01  2.91396E-04  1.00000E+00  1.00000E+00  6.00558E-05
 4.40377E-01  3.73711E-01  3.36655E-04  1.00000E+00  1.00000E+00  6.00558E-05
 4.40377E-01  4.07044E-01  6.17305E-04  1.00000E+00  1.00000E+00  6.00558E-05
 4.40377E-01  4.40377E-01  1.11926E-03  1.00000E+00  1.00000E+00  6.00558E-05
 4.40377E-01  4.73711E-01  1.90249E-03  1.00000E+00  1.00000E+00  6.00558E-05
 4.40377E-01  5.07044E-01  3.08400E-03  1.00000E+00  1.00000E+00  6.00558E-05
 4.40377E-01  5.40377E-01  4.78426E-03  1.00000E+00  1.00000E+00  6.00558E-05
 4.40377E-01  5.73711E-01  7.09737E-03  1.00000E+00  1.00000E+00  6.00558E-05
 4.40377E-01  6.07044E-01  1.00676E-02  1.00000E+00  1.00000E+00  6.00558E-05
 4.40377E-01  6.40377E-01  1.36568E-02  1.00000E+00  1.00000E+00  6.00558E-05
 4.40377E-01  6.73711E-01  1.77167E-02  1.00000E+00  1.00000E+00  6.00558E-05
 4.40377E-01  7.07044E-01  2.19809E-02  1.00000E+00  1.00000E+00  6.00558E-05
 4.40377E-01  7.40377E-01  2.60830E-02  1.00000E+00  1.00000E+00  6.00558E-05
 4.40377E-01  7.73711E-01  2.96030E-02  1.00000E+00  1.00000E+00  6.00558E-05
 4.40377E-01  8.07044E-01  3.21359E-02  1.00000E+00  1.00000E+00  6.00558E-05
 4.40377E-01  8.40377E-01  3.33681E-02  1.00000E+00  1.00000E+00  6.00558E-05
 4.40377E-01  8.73711E-01  3.31407E-02  1.00000E+00  1.00000E+00  6.00558E-05
 4.40377E-01  9.07044E-01  3.14834E-02  1.00000E+00  1.00000E+00  6.00558E-05
 4.40377E-01  9.40377E-01  2.86081E-02  1.00000E+00  1.00000E+00  6.00558E-05
 4.40377E-01  9.73711E-01  2.48642E-02  1.00000E+00  1.00000E+00  6.00558E-05
 4.73711E-01  7.04416E-03  3.51482E-02  1.00000E+00  1.00000E+00  6.00558E-05
 4.73711E-01  4.03775E-02  2.79446E-02  1.00000E+00  1.00000E+00  6.00558E-05
 4.73711E-01  7.37108E-02  2.12481E-02  1.00000E+00  1.00000E+00  6.00558E-05
 4.73711E-01  1.07044E-01  1.54509E-02  1.00000E+00  1.00000E+00  6.00558E-05
 4.73711E-01  1.40377E-01  1.07440E-02  1.00000E+00  1.00000E+00  6.00558E-05
 4.73711E-01  1.73711E-01  7.14178E-03  1.00000E+00  1.00000E+00  6.00558E-05
 4.73711E-01  2.07044E-01  4.54091E-03  1.00000E+00  1.00000E+00  6.00558E-05
 4.73711E-01  2.40377E-01  2.76866E-03  1.00000E+00  1.00000E+00  6.00558E-05
 4.73711E-01  2.73711E-01  1.60109E-03  1.00000E+00  1.00000E+00  6.00558E-05
 4.73711E-01  3.07044E-01  8.52800E-04  1.00000E+00  1.00000E+00  6.00558E-05
 4.73711E-01  3.40377E-01  4.95408E-04  1.00000E+00  1.00000E+00  6.00558E-05
 4.73711E-01  3.73711E-01  5.70898E-04  1.00000E+00  1.00000E+00  6.00558E-05
 4.73711E-01  4.07044E-01  1.04833E-03  1.00000E+00  1.00000E+00  6.00558E-05
 4.73711E-01  4.40377E-01  1.90249E-03  1.00000E+00  1.00000E+00  6.00558E-05
 4.73711E-01  4.73711E-01  3.23423E-03  1.00000E+00  1.00000E+00  6.00558E-05
 4.73711E-01  5.07044E-01  5.24322E-03  1.00000E+00  1.00000E+00  6.00558E-05
 4.73711E-01  5.40377E-01  8.13459E-03  1.00000E+00  1.00000E+00  6.00558E-05
 4.73711E-01  5.73711E-01  1.20682E-02  1.00000E+00  1.00000E+00  6.00558E-05
 4.73711E-01  6.07044E-01  1.71193E-02  1.00000E+00  1.00000E+00  6.00558E-05
 4.73711E-01  6.40377E-01  2.32230E-02  1.00000E+00  1.00000E+00  6.00558E-05
 4.73711E-01  6.73711E-01  3.01272E-02  1.00000E+00  1.00000E+00  6.00558E-05
 4.73711E-01  7.07044E-01  3.73789E-02  1.00000E+00  1.00000E+00  6.00558E-05
 4.73711E-01  7.40377E-01  4.43550E-02  1.00000E+00  1.00000E+00  6.00558E-05
 4.73711E-01  7.73711E-01  5.03411E-02  1.00000E+00  1.00000E+00  6.00558E-05
 4.73711E-01  8.07044E-01  5.46485E-02  1.00000E+00  1.00000E+00  6.00558E-05
 4.73711E-01  8.40377E-01  5.67439E-02  1.00000E+00  1.00000E+00  6.00558E-05
 4.73711E-01  8.73711E-01  5.63571E-02  1.00000E+00  1.00000E+00  6.00558E-05
 4.73711E-01  9.07044E-01  5.35388E-02  1.00000E+00  1.00000E+00  6.00558E-05
 4.73711E-01  9.40377E-01  4.86489E-02  1.00000E+00  1.00000E+00  6.00558E-05
 4.73711E-01  9.73711E-01  4.22820E-02  1.00000E+00  1.00000E+00  6.00558E-05
 5.07044E-01  7.04416E-03  5.69923E-02  1.00000E+00  1.00000E+00  6.00558E-05
 5.07044E-01  4.03775E-02  4.53114E-02  1.00000E+00  1.00000E+00  6.00558E-05
 5.07044E-01  7.37108E-02  3.44527E-02  1.00000E+00  1.00000E+00  6.00558E-05
 5.07044E-01  1.07044E-01  2.50524E-02  1.00000E+00  1.00000E+00  6.00558E-05
 5.07044E-01  1.40377E-01  1.74200E-02  1.00000E+00  1.00000E+00  6.00558E-05
 5.07044E-01  1.73711E-01  1.15794E-02  1.00000E+00  1.00000E+00  6.00558E-05
 5.07044E-01  2.07044E-01  7.36226E-03  1.00000E+00  1.00000E+00  6.00558E-05
 5.07044E-01  2.40377E-01  4.48742E-03  1.00000E+00  1.00000E+00  6.00558E-05
 5.07044E-01  2.73711E-01  2.59412E-03  1.00000E+00  1.00000E+00  6.00558E-05
 5.07044E-01  3.07044E-01  1.38290E-03  1.00000E+00  1.00000E+00  6.00558E-05
 5.07044E-01  3.40377E-01  8.03309E-04  1.00000E+00  1.00000E+00  6.00558E-05
 5.07044E-01  3.73711E-01  9.23805E-04  1.00000E+00  1.00000E+00  6.00558E-05
 5.07044E-01  4.07044E-01  1.69820E-03  1.00000E+00  1.00000E+00  6.00558E-05
 5.07044E-01  4.40377E-01  3.08400E-03  1.00000E+00  1.00000E+00  6.00558E-05
 5.07044E-01  4.73711E-01  5.24322E-03  1.00000E+00  1.00000E+00  6.00558E-05
 5.07044E-01  5.07044E-01  8.50056E-03  1.00000E+00  1.00000E+00  6.00558E-05
 5.07044E-01  5.40377E-01  1.31890E-02  1.00000E+00  1.00000E+00  6.00558E-05
 5.07044E-01  5.73711E-01  1.95674E-02  1.00000E+00  1.00000E+00  6.00558E-05
 5.07044E-01  6.07044E-01  2.77580E-02  1.00000E+00  1.00000E+00  6.00558E-05
 5.07044E-01  6.40377E-01  3.76554E-02  1.00000E+00  1.00000E+00  6.00558E-05
 5.07044E-01  6.73711E-01  4.88507E-02  1.00000E+00  1.00000E+00  6.00558E-05
 5.07044E-01  7.07044E-01  6.06098E-02  1.00000E+00  1.00000E+00  6.00558E-05
 5.07044E-01  7.40377E-01  7.19218E-02  1.00000E+00  1.00000E+00  6.00558E-05
 5.07044E-01  7.73711E-01  8.16285E-02  1.00000E+00  1.00000E+00  6.00558E-05
 5.07044E-01  8.07044E-01  8.86132E-02  1.00000E+00  1.00000E+00  6.00558E-05
 5.07044E-01  8.40377E-01  9.20109E-02  1.00000E+00  1.00000E+00  6.00558E-05
 5.07044E-01  8.73711E-01  9.13837E-02  1.00000E+00  1.00000E+00  6.00558E-05
 5.07044E-01  9.07044E-01  8.68135E-02  1.00000E+00  1.00000E+00  6.00558E-05
 5.07044E-01  9.40377E-01  7.88844E-02  1.00000E+00  1.00000E+00  6.00558E-05
 5.07044E-01  9.73711E-01  6.85601E-02  1.00000E+00  1.00000E+00  6.00558E-05
 5.40377E-01  7.04416E-03  8.84401E-02  1.00000E+00  1.00000E+00  6.00558E-05
 5.40377E-01  4.03775E-02  7.03131E-02  1.00000E+00  1.00000E+00  6.00558E-05
 5.40377E-01  7.37108E-02  5.34621E-02  1.00000E+00  1.00000E+00  6.00558E-05
 5.40377E-01  1.07044E-01  3.88742E-02  1.00000E+00  1.00000E+00  6.00558E-05
 5.40377E-01  1.40377E-01  2.70301E-02  1.00000E+00  1.00000E+00  6.00558E-05
 5.40377E-01  1.73711E-01  1.79670E-02  1.00000E+00  1.00000E+00  6.00558E-05
 5.40377E-01  2.07044E-01  1.14231E-02  1.00000E+00  1.00000E+00  6.00558E-05
 5.40377E-01  2.40377E-01  6.96073E-03  1.00000E+00  1.00000E+00  6.00558E-05
 5.40377E-01  2.73711E-01  4.02269E-03  1.00000E+00  1.00000E+00  6.00558E-05
 5.40377E-01  3.07044E-01  2.14578E-03  1.00000E+00  1.00000E+00  6.00558E-05
 5.40377E-01  3.40377E-01  1.24641E-03  1.00000E+00  1.00000E+00  6.00558E-05
 5.40377E-01  3.73711E-01  1.43104E-03  1.00000E+00  1.00000E+00  6.00558E-05
 5.40377E-01  4.07044E-01  2.63293E-03  1.00000E+00  1.00000E+00  6.00558E-05
 5.40377E-01  4.40377E-01  4.78426E-03  1.00000E+00  1.00000E+00  6.00558E-05
 5.40377E-01  4.73711E-01  8.13459E-03  1.00000E+00  1.00000E+00  6.00558E-05
 5.40377E-01  5.07044E-01  1.31890E-02  1.00000E+00  1.00000E+00  6.00558E-05
 5.40377E-01  5.40377E-01  2.04645E-02  1.00000E+00  1.00000E+00  6.00558E-05
 5.40377E-01  5.73711E-01  3.03626E-02  1.00000E+00  1.00000E+00  6.00558E-05
 5.40377E-01  6.07044E-01  4.30731E-02  1.00000E+00  1.00000E+00  6.00558E-05
 5.40377E-01  6.40377E-01  5.84323E-02  1.00000E+00  1.00000E+00  6.00558E-05
 5.40377E-01  6.73711E-01  7.58059E-02  1.00000E+00  1.00000E+00  6.00558E-05
 5.40377E-01  7.07044E-01  9.40543E-02  1.00000E+00  1.00000E+00  6.00558E-05
 5.40377E-01  7.40377E-01  1.11609E-01  1.00000E+00  1.00000E+00  6.00558E-05
 5.40377E-01  7.73711E-01  1.26672E-01  1.00000E+00  1.00000E+00  6.00558E-05
 5.40377E-01  8.07044E-01  1.37512E-01  1.00000E+00  1.00000E+00  6.00558E-05
 5.40377E-01  8.40377E-01  1.42785E-01  1.00000E+00  1.00000E+00  6.00558E-05
 5.40377E-01  8.73711E-01  1.41811E-01  1.00000E+00  1.00000E+00  6.00558E-05
 5.40377E-01  9.07044E-01  1.34719E-01  1.00000E+00  1.00000E+00  6.00558E-05
 5.40377E-01  9.40377E-01  1.22414E-01  1.00000E+00  1.00000E+00  6.00558E-05
 5.40377E-01  9.73711E-01  1.06392E-01  1.00000E+00  1.00000E+00  6.00558E-05
 5.73711E-01  7.04416E-03  1.31224E-01  1.00000E+00  1.00000E+00  6.00558E-05
 5.73711E-01  4.03775E-02  1.04327E-01  1.00000E+00  1.00000E+00  6.00558E-05
 5.73711E-01  7.37108E-02  7.93238E-02  1.00000E+00  1.00000E+00  6.00558E-05
 5.73711E-01  1.07044E-01  5.76784E-02  1.00000E+00  1.00000E+00  6.00558E-05
 5.73711E-01  1.40377E-01  4.01043E-02  1.00000E+00  1.00000E+00  6.00558E-05
 5.73711E-01  1.73711E-01  2.66572E-02  1.00000E+00  1.00000E+00  6.00558E-05
 5.73711E-01  2.07044E-01  1.69479E-02  1.00000E+00  1.00000E+00  6.00558E-05
 5.73711E-01  2.40377E-01  1.03253E-02  1.00000E+00  1.00000E+00  6.00558E-05
 5.73711E-01  2.73711E-01  5.96577E-03  1.00000E+00  1.00000E+00  6.00558E-05
 5.73711E-01  3.07044E-01  3.18379E-03  1.00000E+00  1.00000E+00  6.00558E-05
 5.73711E-01  3.40377E-01  1.84937E-03  1.00000E+00  1.00000E+00  6.00558E-05
 5.73711E-01  3.73711E-01  2.12061E-03  1.00000E+00  1.00000E+00  6.00558E-05
 5.73711E-01  4.07044E-01  3.90424E-03  1.00000E+00  1.00000E+00  6.00558E-05
 5.73711E-01  4.40377E-01  7.09737E-03  1.00000E+00  1.00000E+00  6.00558E-05
 5.73711E-01  4.73711E-01  1.20682E-02  1.00000E+00  1.00000E+00  6.00558E-05
 5.73711E-01  5.07044E-01  1.95674E-02  1.00000E+00  1.00000E+00  6.00558E-05
 5.73711E-01  5.40377E-01  3.03626E-02  1.00000E+00  1.00000E+00  6.00558E-05
 5.73711E-01  5.73711E-01  4.50493E-02  1.00000E+00  1.00000E+00  6.00558E-05
 5.73711E-01  6.07044E-01  6.39089E-02  1.00000E+00  1.00000E+00  6.00558E-05
 5.73711E-01  6.40377E-01  8.66988E-02  1.00000E+00  1.00000E+00  6.00558E-05
 5.73711E-01  6.73711E-01  1.12478E-01  1.00000E+00  1.00000E+00  6.00558E-05
 5.73711E-01  7.07044E-01  1.39555E-01  1.00000E+00  1.00000E+00  6.00558E-05
 5.73711E-01  7.40377E-01  1.65602E-01  1.00000E+00  1.00000E+00  6.00558E-05
 5.73711E-01  7.73711E-01  1.87954E-01  1.00000E+00  1.00000E+00  6.00558E-05
 5.73711E-01  8.07044E-01  2.04037E-01  1.00000E+00  1.00000E+00  6.00558E-05
 5.73711E-01  8.40377E-01  2.11861E-01  1.00000E+00  1.00000E+00  6.00558E-05
 5.73711E-01  8.73711E-01  2.10416E-01  1.00000E+00  1.00000E+00  6.00558E-05
 5.73711E-01  9.07044E-01  1.99892E-01  1.00000E+00  1.00000E+00  6.00558E-05
 5.73711E-01  9.40377E-01  1.81634E-01  1.00000E+00  1.00000E+00  6.00558E-05
 5.73711E-01  9.73711E-01  1.57861E-01  1.00000E+00  1.00000E+00  6.00558E-05
 6.07044E-01  7.04416E-03  1.86164E-01  1.00000E+00  1.00000E+00  6.00558E-05
 6.07044E-01  4.03775E-02  1.48006E-01  1.00000E+00  1.00000E+00  6.00558E-05
 6.07044E-01  7.37108E-02  1.12534E-01  1.00000E+00  1.00000E+00  6.00558E-05
 6.07044E-01  1.07044E-01  8.18256E-02  1.00000E+00  1.00000E+00  6.00558E-05
 6.07044E-01  1.40377E-01  5.68933E-02  1.00000E+00  1.00000E+00  6.00558E-05
 6.07044E-01  1.73711E-01  3.78166E-02  1.00000E+00  1.00000E+00  6.00558E-05
 6.07044E-01  2.07044E-01  2.40423E-02  1.00000E+00  1.00000E+00  6.00558E-05
 6.07044E-01  2.40377E-01  1.46455E-02  1.00000E+00  1.00000E+00  6.00558E-05
 6.07044E-01  2.73711E-01  8.46051E-03  1.00000E+00  1.00000E+00  6.00558E-05
 6.07044E-01  3.07044E-01  4.51687E-03  1.00000E+00  1.00000E+00  6.00558E-05
 6.07044E-01  3.40377E-01  2.62381E-03  1.00000E+00  1.00000E+00  6.00558E-05
 6.07044E-01  3.73711E-01  3.00562E-03  1.00000E+00  1.00000E+00  6.00558E-05
 6.07044E-01  4.07044E-01  5.53638E-03  1.00000E+00  1.00000E+00  6.00558E-05
 6.07044E-01  4.40377E-01  1.00676E-02  1.00000E+00  1.00000E+00  6.00558E-05
 6.07044E-01  4.73711E-01  1.71193E-02  1.00000E+00  1.00000E+00  6.00558E-05
 6.07044E-01  5.07044E-01  2.77580E-02  1.00000E+00  1.00000E+00  6.00558E-05
 6.07044E-01  5.40377E-01  4.30731E-02  1.00000E+00  1.00000E+00  6.00558E-05
 6.07044E-01  5.73711E-01  6.39089E-02  1.00000E+00  1.00000E+00  6.00558E-05
 6.07044E-01  6.07044E-01  9.06650E-02  1.00000E+00  1.00000E+00  6.00558E-05
 6.07044E-01  6.40377E-01  1.22997E-01  1.00000E+00  1.00000E+00  6.00558E-05
 6.07044E-01  6.73711E-01  1.59569E-01  1.00000E+00  1.00000E+00  6.00558E-05
 6.07044E-01  7.07044E-01  1.97983E-01  1.00000E+00  1.00000E+00  6.00558E-05
 6.07044E-01  7.40377E-01  2.34937E-01  1.00000E+00  1.00000E+00  6.00558E-05
 6.07044E-01  7.73711E-01  2.66647E-01  1.00000E+00  1.00000E+00  6.00558E-05
 6.07044E-01  8.07044E-01  2.89464E-01  1.00000E+00  1.00000E+00  6.00558E-05
 6.07044E-01  8.40377E-01  3.00564E-01  1.00000E+00  1.00000E+00  6.00558E-05
 6.07044E-01  8.73711E-01  2.98515E-01  1.00000E+00  1.00000E+00  6.00558E-05
 6.07044E-01  9.07044E-01  2.83584E-01  1.00000E+00  1.00000E+00  6.00558E-05
 6.07044E-01  9.40377E-01  2.57681E-01  1.00000E+00  1.00000E+00  6.00558E-05
 6.07044E-01  9.73711E-01  2.23954E-01  1.00000E+00  1.00000E+00  6.00558E-05
 6.40377E-01  7.04416E-03  2.52554E-01  1.00000E+00  1.00000E+00  6.00558E-05
 6.40377E-01  4.03775E-02  2.00787E-01  1.00000E+00  1.00000E+00  6.00558E-05
 6.40377E-01  7.37108E-02  1.52665E-01  1.00000E+00  1.00000E+00  6.00558E-05
 6.40377E-01  1.07044E-01  1.11005E-01  1.00000E+00  1.00000E+00  6.00558E-05
 6.40377E-01  1.40377E-01  7.71810E-02  1.00000E+00  1.00000E+00  6.00558E-05
 6.40377E-01  1.73711E-01  5.13016E-02  1.00000E+00  1.00000E+00  6.00558E-05
 6.40377E-01  2.07044E-01  3.26152E-02  1.00000E+00  1.00000E+00  6.00558E-05
 6.40377E-01  2.40377E-01  1.98656E-02  1.00000E+00  1.00000E+00  6.00558E-05
 6.40377E-01  2.73711E-01  1.14747E-02  1.00000E+00  1.00000E+00  6.00558E-05
 6.40377E-01  3.07044E-01  6.12785E-03  1.00000E+00  1.00000E+00  6.00558E-05
 6.40377E-01  3.40377E-01  3.55975E-03  1.00000E+00  1.00000E+00  6.00558E-05
 6.40377E-01  3.73711E-01  4.07462E-03  1.00000E+00  1.00000E+00  6.00558E-05
 6.40377E-01  4.07044E-01  7.50830E-03  1.00000E+00  1.00000E+00  6.00558E-05
 6.40377E-01  4.40377E-01  1.36568E-02  1.00000E+00  1.00000E+00  6.00558E-05
 6.40377E-01  4.73711E-01  2.32230E-02  1.00000E+00  1.00000E+00  6.00558E-05
 6.40377E-01  5.07044E-01  3.76554E-02  1.00000E+00  1.00000E+00  6.00558E-05
 6.40377E-01  5.40377E-01  5.84323E-02  1.00000E+00  1.00000E+00  6.00558E-05
 6.40377E-01  5.73711E-01  8.66988E-02  1.00000E+00  1.00000E+00  6.00558E-05
 6.40377E-01  6.07044E-01  1.22997E-01  1.00000E+00  1.00000E+00  6.00558E-05
 6.40377E-01  6.40377E-01  1.66860E-01  1.00000E+00  1.00000E+00  6.00558E-05
 6.40377E-01  6.73711E-01  2.16475E-01  1.00000E+00  1.00000E+00  6.00558E-05
 6.40377E-01  7.07044E-01  2.68589E-01  1.00000E+00  1.00000E+00  6.00558E-05
 6.40377E-01  7.40377E-01  3.18722E-01  1.00000E+00  1.00000E+00  6.00558E-05
 6.40377E-01  7.73711E-01  3.61740E-01  1.00000E+00  1.00000E+00  6.00558E-05
 6.40377E-01  8.07044E-01  3.92695E-01  1.00000E+00  1.00000E+00  6.00558E-05
 6.40377E-01  8.40377E-01  4.07753E-01  1.00000E+00  1.00000E+00  6.00558E-05
 6.40377E-01  8.73711E-01  4.04973E-01  1.00000E+00  1.00000E+00  6.00558E-05
 6.40377E-01  9.07044E-01  3.84718E-01  1.00000E+00  1.00000E+00  6.00558E-05
 6.40377E-01  9.40377E-01  3.49577E-01  1.00000E+00  1.00000E+00  6.00558E-05
 6.40377E-01  9.73711E-01  3.03821E-01  1.00000E+00  1.00000E+00  6.00558E-05
 6.73711E-01  7.04416E-03  3.27652E-01  1.00000E+00  1.00000E+00  6.00558E-05
 6.73711E-01  4.03775E-02  2.60491E-01  1.00000E+00  1.00000E+00  6.00558E-05
 6.73711E-01  7.37108E-02  1.98059E-01  1.00000E+00  1.00000E+00  6.00558E-05
 6.73711E-01  1.07044E-01  1.44011E-01  1.00000E+00  1.00000E+00  6.00558E-05
 6.73711E-01  1.40377E-01  1.00130E-01  1.00000E+00  1.00000E+00  6.00558E-05
 6.73711E-01  1.73711E-01  6.65551E-02  1.00000E+00  1.00000E+00  6.00558E-05
 6.73711E-01  2.07044E-01  4.23125E-02  1.00000E+00  1.00000E+00  6.00558E-05
 6.73711E-01  2.40377E-01  2.57702E-02  1.00000E+00  1.00000E+00  6.00558E-05
 6.73711E-01  2.73711E-01  1.48839E-02  1.00000E+00  1.00000E+00  6.00558E-05
 6.73711E-01  3.07044E-01  7.95020E-03  1.00000E+00  1.00000E+00  6.00558E-05
 6.73711E-01  3.40377E-01  4.61856E-03  1.00000E+00  1.00000E+00  6.00558E-05
 6.73711E-01  3.73711E-01  5.28344E-03  1.00000E+00  1.00000E+00  6.00558E-05
 6.73711E-01  4.07044E-01  9.73855E-03  1.00000E+00  1.00000E+00  6.00558E-05
 6.73711E-01  4.40377E-01  1.77167E-02  1.00000E+00  1.00000E+00  6.00558E-05
 6.73711E-01  4.73711E-01  3.01272E-02  1.00000E+00  1.00000E+00  6.00558E-05
 6.73711E-01  5.07044E-01  4.88507E-02  1.00000E+00  1.00000E+00  6.00558E-05
 6.73711E-01  5.40377E-01  7.58059E-02  1.00000E+00  1.00000E+00  6.00558E-05
 6.73711E-01  5.73711E-01  1.12478E-01  1.00000E+00  1.00000E+00  6.00558E-05
 6.73711E-01  6.07044E-01  1.59569E-01  1.00000E+00  1.00000E+00  6.00558E-05
 6.73711E-01  6.40377E-01  2.16475E-01  1.00000E+00  1.00000E+00  6.00558E-05
 6.73711E-01  6.73711E-01  2.80844E-01  1.00000E+00  1.00000E+00  6.00558E-05
 6.73711E-01  7.07044E-01  3.48455E-01  1.00000E+00  1.00000E+00  6.00558E-05
 6.73711E-01  7.40377E-01  4.13495E-01  1.00000E+00  1.00000E+00  6.00558E-05
 6.73711E-01  7.73711E-01  4.69305E-01  1.00000E+00  1.00000E+00  6.00558E-05
 6.73711E-01  8.07044E-01  5.09465E-01  1.00000E+00  1.00000E+00  6.00558E-05
 6.73711E-01  8.40377E-01  5.29000E-01  1.00000E+00  1.00000E+00  6.00558E-05
 6.73711E-01  8.73711E-01  5.25393E-01  1.00000E+00  1.00000E+00  6.00558E-05
 6.73711E-01  9.07044E-01  4.99115E-01  1.00000E+00  1.00000E+00  6.00558E-05
 6.73711E-01  9.40377E-01  4.53525E-01  1.00000E+00  1.00000E+00  6.00558E-05
 6.73711E-01  9.73711E-01  3.94163E-01  1.00000E+00  1.00000E+00  6.00558E-05
 7.07044E-01  7.04416E-03  4.06530E-01  1.00000E+00  1.00000E+00  6.00558E-05
 7.07044E-01  4.03775E-02  3.23201E-01  1.00000E+00  1.00000E+00  6.00558E-05
 7.07044E-01  7.37108E-02  2.45739E-01  1.00000E+00  1.00000E+00  6.00558E-05
 7.07044E-01  1.07044E-01  1.78679E-01  1.00000E+00  1.00000E+00  6.00558E-05
 7.07044E-01  1.40377E-01  1.24233E-01  1.00000E+00  1.00000E+00  6.00558E-05
 7.07044E-01  1.73711E-01  8.25767E-02  1.00000E+00  1.00000E+00  6.00558E-05
 7.07044E-01  2.07044E-01  5.24980E-02  1.00000E+00  1.00000E+00  6.00558E-05
 7.07044E-01  2.40377E-01  3.19718E-02  1.00000E+00  1.00000E+00  6.00558E-05
 7.07044E-01  2.73711E-01  1.84644E-02  1.00000E+00  1.00000E+00  6.00558E-05
 7.07044E-01  3.07044E-01  9.86440E-03  1.00000E+00  1.00000E+00  6.00558E-05
 7.07044E-01  3.40377E-01  5.73078E-03  1.00000E+00  1.00000E+00  6.00558E-05
 7.07044E-01  3.73711E-01  6.55286E-03  1.00000E+00  1.00000E+00  6.00558E-05
 7.07044E-01  4.07044E-01  1.20809E-02  1.00000E+00  1.00000E+00  6.00558E-05
 7.07044E-01  4.40377E-01  2.19809E-02  1.00000E+00  1.00000E+00  6.00558E-05
 7.07044E-01  4.73711E-01  3.73789E-02  1.00000E+00  1.00000E+00  6.00558E-05
 7.07044E-01  5.07044E-01  6.06098E-02  1.00000E+00  1.00000E+00  6.00558E-05
 7.07044E-01  5.40377E-01  9.40543E-02  1.00000E+00  1.00000E+00  6.00558E-05
 7.07044E-01  5.73711E-01  1.39555E-01  1.00000E+00  1.00000E+00  6.00558E-05
 7.07044E-01  6.07044E-01  1.97983E-01  1.00000E+00  1.00000E+00  6.00558E-05
 7.07044E-01  6.40377E-01  2.68589E-01  1.00000E+00  1.00000E+00  6.00558E-05
 7.07044E-01  6.73711E-01  3.48455E-01  1.00000E+00  1.00000E+00  6.00558E-05
 7.07044E-01  7.07044E-01  4.32341E-01  1.00000E+00  1.00000E+00  6.00558E-05
 7.07044E-01  7.40377E-01  5.13040E-01  1.00000E+00  1.00000E+00  6.00558E-05
 7.07044E-01  7.73711E-01  5.82286E-01  1.00000E+00  1.00000E+00  6.00558E-05
 7.07044E-01  8.07044E-01  6.32114E-01  1.00000E+00  1.00000E+00  6.00558E-05
 7.07044E-01  8.40377E-01  6.56352E-01  1.00000E+00  1.00000E+00  6.00558E-05
 7.07044E-01  8.73711E-01  6.51877E-01  1.00000E+00  1.00000E+00  6.00558E-05
 7.07044E-01  9.07044E-01  6.19273E-01  1.00000E+00  1.00000E+00  6.00558E-05
 7.07044E-01  9.40377E-01  5.62706E-01  1.00000E+00  1.00000E+00  6.00558E-05
 7.07044E-01  9.73711E-01  4.89054E-01  1.00000E+00  1.00000E+00  6.00558E-05
 7.40377E-01  7.04416E-03  4.82411E-01  1.00000E+00  1.00000E+00  6.00558E-05
 7.40377E-01  4.03775E-02  3.83528E-01  1.00000E+00  1.00000E+00  6.00558E-05
 7.40377E-01  7.37108E-02  2.91606E-01  1.00000E+00  1.00000E+00  6.00558E-05
 7.40377E-01  1.07044E-01  2.12030E-01  1.00000E+00  1.00000E+00  6.00558E-05
 7.40377E-01  1.40377E-01  1.47421E-01  1.00000E+00  1.00000E+00  6.00558E-05
 7.40377E-01  1.73711E-01  9.79894E-02  1.00000E+00  1.00000E+00  6.00558E-05
 7.40377E-01  2.07044E-01  6.22964E-02  1.00000E+00  1.00000E+00  6.00558E-05
 7.40377E-01  2.40377E-01  3.79376E-02  1.00000E+00  1.00000E+00  6.00558E-05
 7.40377E-01  2.73711E-01  2.19087E-02  1.00000E+00  1.00000E+00  6.00558E-05
 7.40377E-01  3.07044E-01  1.17059E-02  1.00000E+00  1.00000E+00  6.00558E-05
 7.40377E-01  3.40377E-01  6.80080E-03  1.00000E+00  1.00000E+00  6.00558E-05
 7.40377E-01  3.73711E-01  7.77383E-03  1.00000E+00  1.00000E+00  6.00558E-05
 7.40377E-01  4.07044E-01  1.43340E-02  1.00000E+00  1.00000E+00  6.00558E-05
 7.40377E-01  4.40377E-01  2.60830E-02  1.00000E+00  1.00000E+00  6.00558E-05
 7.40377E-01  4.73711E-01  4.43550E-02  1.00000E+00  1.00000E+00  6.00558E-05
 7.40377E-01  5.07044E-01  7.19218E-02  1.00000E+00  1.00000E+00  6.00558E-05
 7.40377E-01  5.40377E-01  1.11609E-01  1.00000E+00  1.00000E+00  6.00558E-05
 7.40377E-01  5.73711E-01  1.65602E-01  1.00000E+00  1.00000E+00  6.00558E-05
 7.40377E-01  6.07044E-01  2.34937E-01  1.00000E+00  1.00000E+00  6.00558E-05
 7.40377E-01  6.40377E-01  3.18722E-01  1.00000E+00  1.00000E+00  6.00558E-05
 7.40377E-01  6.73711E-01  4.13495E-01  1.00000E+00  1.00000E+00  6.00558E-05
 7.40377E-01  7.07044E-01  5.13040E-01  1.00000E+00  1.00000E+00  6.00558E-05
 7.40377E-01  7.40377E-01  6.08802E-01  1.00000E+00  1.00000E+00  6.00558E-05
 7.40377E-01  7.73711E-01  6.90973E-01  1.00000E+00  1.00000E+00  6.00558E-05
 7.40377E-01  8.07044E-01  7.50102E-01  1.00000E+00  1.00000E+00  6.00558E-05
 7.40377E-01  8.40377E-01  7.78864E-01  1.00000E+00  1.00000E+00  6.00558E-05
 7.40377E-01  8.73711E-01  7.73554E-01  1.00000E+00  1.00000E+00  6.00558E-05
 7.40377E-01  9.07044E-01  7.34864E-01  1.00000E+00  1.00000E+00  6.00558E-05
 7.40377E-01  9.40377E-01  6.67739E-01  1.00000E+00  1.00000E+00  6.00558E-05
 7.40377E-01  9.73711E-01  5.80338E-01  1.00000E+00  1.00000E+00  6.00558E-05
 7.73711E-01  7.04416E-03  5.47522E-01  1.00000E+00  1.00000E+00  6.00558E-05
 7.73711E-01  4.03775E-02  4.35293E-01  1.00000E+00  1.00000E+00  6.00558E-05
 7.73711E-01  7.37108E-02  3.30965E-01  1.00000E+00  1.00000E+00  6.00558E-05
 7.73711E-01  1.07044E-01  2.40648E-01  1.00000E+00  1.00000E+00  6.00558E-05
 7.73711E-01  1.40377E-01  1.67318E-01  1.00000E+00  1.00000E+00  6.00558E-05
 7.73711E-01  1.73711E-01  1.11215E-01  1.00000E+00  1.00000E+00  6.00558E-05
 7.73711E-01  2.07044E-01  7.07043E-02  1.00000E+00  1.00000E+00  6.00558E-05
 7.73711E-01  2.40377E-01  4.30567E-02  1.00000E+00  1.00000E+00  6.00558E-05
 7.73711E-01  2.73711E-01  2.48641E-02  1.00000E+00  1.00000E+00  6.00558E-05
 7.73711E-01  3.07044E-01  1.32861E-02  1.00000E+00  1.00000E+00  6.00558E-05
 7.73711E-01  3.40377E-01  7.71901E-03  1.00000E+00  1.00000E+00  6.00558E-05
 7.73711E-01  3.73711E-01  8.82141E-03  1.00000E+00  1.00000E+00  6.00558E-05
 7.73711E-01  4.07044E-01  1.62674E-02  1.00000E+00  1.00000E+00  6.00558E-05
 7.73711E-01  4.40377E-01  2.96030E-02  1.00000E+00  1.00000E+00  6.00558E-05
 7.73711E-01  4.73711E-01  5.03411E-02  1.00000E+00  1.00000E+00  6.00558E-05
 7.73711E-01  5.07044E-01  8.16285E-02  1.00000E+00  1.00000E+00  6.00558E-05
 7.73711E-01  5.40377E-01  1.26672E-01  1.00000E+00  1.00000E+00  6.00558E-05
 7.73711E-01  5.73711E-01  1.87954E-01  1.00000E+00  1.00000E+00  6.00558E-05
 7.73711E-01  6.07044E-01  2.66647E-01  1.00000E+00  1.00000E+00  6.00558E-05
 7.73711E-01  6.40377E-01  3.61740E-01  1.00000E+00  1.00000E+00  6.00558E-05
 7.73711E-01  6.73711E-01  4.69305E-01  1.00000E+00  1.00000E+00  6.00558E-05
 7.73711E-01  7.07044E-01  5.82286E-01  1.00000E+00  1.00000E+00  6.00558E-05
 7.73711E-01  7.40377E-01  6.90973E-01  1.00000E+00  1.00000E+00  6.00558E-05
 7.73711E-01  7.73711E-01  7.84236E-01  1.00000E+00  1.00000E+00  6.00558E-05
 7.73711E-01  8.07044E-01  8.51345E-01  1.00000E+00  1.00000E+00  6.00558E-05
 7.73711E-01  8.40377E-01  8.83989E-01  1.00000E+00  1.00000E+00  6.00558E-05
 7.73711E-01  8.73711E-01  8.77962E-01  1.00000E+00  1.00000E+00  6.00558E-05
 7.73711E-01  9.07044E-01  8.34050E-01  1.00000E+00  1.00000E+00  6.00558E-05
 7.73711E-01  9.40377E-01  7.57865E-01  1.00000E+00  1.00000E+00  6.00558E-05
 7.73711E-01  9.73711E-01  6.58667E-01  1.00000E+00  1.00000E+00  6.00558E-05
 8.07044E-01  7.04416E-03  5.94375E-01  1.00000E+00  1.00000E+00  6.00558E-05
 8.07044E-01  4.03775E-02  4.72542E-01  1.00000E+00  1.00000E+00  6.00558E-05
 8.07044E-01  7.37108E-02  3.59286E-01  1.00000E+00  1.00000E+00  6.00558E-05
 8.07044E-01  1.07044E-01  2.61240E-01  1.00000E+00  1.00000E+00  6.00558E-05
 8.07044E-01  1.40377E-01  1.81636E-01  1.00000E+00  1.00000E+00  6.00558E-05
 8.07044E-01  1.73711E-01  1.20731E-01  1.00000E+00  1.00000E+00  6.00558E-05
 8.07044E-01  2.07044E-01  7.67544E-02  1.00000E+00  1.00000E+00  6.00558E-05
 8.07044E-01  2.40377E-01  4.67403E-02  1.00000E+00  1.00000E+00  6.00558E-05
 8.07044E-01  2.73711E-01  2.69907E-02  1.00000E+00  1.00000E+00  6.00558E-05
 8.07044E-01  3.07044E-01  1.44232E-02  1.00000E+00  1.00000E+00  6.00558E-05
 8.07044E-01  3.40377E-01  8.37977E-03  1.00000E+00  1.00000E+00  6.00558E-05
 8.07044E-01  3.73711E-01  9.57519E-03  1.00000E+00  1.00000E+00  6.00558E-05
 8.07044E-01  4.07044E-01  1.76585E-02  1.00000E+00  1.00000E+00  6.00558E-05
 8.07044E-01  4.40377E-01  3.21359E-02  1.00000E+00  1.00000E+00  6.00558E-05
 8.07044E-01  4.73711E-01  5.46485E-02  1.00000E+00  1.00000E+00  6.00558E-05
 8.07044E-01  5.07044E-01  8.86132E-02  1.00000E+00  1.00000E+00  6.00558E-05
 8.07044E-01  5.40377E-01  1.37512E-01  1.00000E+00  1.00000E+00  6.00558E-05
 8.07044E-01  5.73711E-01  2.04037E-01  1.00000E+00  1.00000E+00  6.00558E-05
 8.07044E-01  6.07044E-01  2.89464E-01  1.00000E+00  1.00000E+00  6.00558E-05
 8.07044E-01  6.40377E-01  3.92695E-01  1.00000E+00  1.00000E+00  6.00558E-05
 8.07044E-01  6.73711E-01  5.09465E-01  1.00000E+00  1.00000E+00  6.00558E-05
 8.07044E-01  7.07044E-01  6.32114E-01  1.00000E+00  1.00000E+00  6.00558E-05
 8.07044E-01  7.40377E-01  7.50102E-01  1.00000E+00  1.00000E+00  6.00558E-05
 8.07044E-01  7.73711E-01  8.51345E-01  1.00000E+00  1.00000E+00  6.00558E-05
 8.07044E-01  8.07044E-01  9.24197E-01  1.00000E+00  1.00000E+00  6.00558E-05
 8.07044E-01  8.40377E-01  9.59635E-01  1.00000E+00  1.00000E+00  6.00558E-05
 8.07044E-01  8.73711E-01  9.53092E-01  1.00000E+00  1.00000E+00  6.00558E-05
 8.07044E-01  9.07044E-01  9.05422E-01  1.00000E+00  1.00000E+00  6.00558E-05
 8.07044E-01  9.40377E-01  8.22717E-01  1.00000E+00  1.00000E+00  6.00558E-05
 8.07044E-01  9.73711E-01  7.15031E-01  1.00000E+00  1.00000E+00  6.00558E-05
 8.40377E-01  7.04416E-03  6.17166E-01  1.00000E+00  1.00000E+00  6.00558E-05
 8.40377E-01  4.03775E-02  4.90661E-01  1.00000E+00  1.00000E+00  6.00558E-05
 8.40377E-01  7.37108E-02  3.73062E-01  1.00000E+00  1.00000E+00  6.00558E-05
 8.40377E-01  1.07044E-01  2.71257E-01  1.00000E+00  1.00000E+00  6.00558E-05
 8.40377E-01  1.40377E-01  1.88600E-01  1.00000E+00  1.00000E+00  6.00558E-05
 8.40377E-01  1.73711E-01  1.25361E-01  1.00000E+00  1.00000E+00  6.00558E-05
 8.40377E-01  2.07044E-01  7.96975E-02  1.00000E+00  1.00000E+00  6.00558E-05
 8.40377E-01  2.40377E-01  4.85322E-02  1.00000E+00  1.00000E+00  6.00558E-05
 8.40377E-01  2.73711E-01  2.80252E-02  1.00000E+00  1.00000E+00  6.00558E-05
 8.40377E-01  3.07044E-01  1.49764E-02  1.00000E+00  1.00000E+00  6.00558E-05
 8.40377E-01  3.40377E-01  8.70122E-03  1.00000E+00  1.00000E+00  6.00558E-05
 8.40377E-01  3.73711E-01  9.94187E-03  1.00000E+00  1.00000E+00  6.00558E-05
 8.40377E-01  4.07044E-01  1.83352E-02  1.00000E+00  1.00000E+00  6.00558E-05
 8.40377E-01  4.40377E-01  3.33681E-02  1.00000E+00  1.00000E+00  6.00558E-05
 8.40377E-01  4.73711E-01  5.67439E-02  1.00000E+00  1.00000E+00  6.00558E-05
 8.40377E-01  5.07044E-01  9.20109E-02  1.00000E+00  1.00000E+00  6.00558E-05
 8.40377E-01  5.40377E-01  1.42785E-01  1.00000E+00  1.00000E+00  6.00558E-05
 8.40377E-01  5.73711E-01  2.11861E-01  1.00000E+00  1.00000E+00  6.00558E-05
 8.40377E-01  6.07044E-01  3.00564E-01  1.00000E+00  1.00000E+00  6.00558E-05
 8.40377E-01  6.40377E-01  4.07753E-01  1.00000E+00  1.00000E+00  6.00558E-05
 8.40377E-01  6.73711E-01  5.29000E-01  1.00000E+00  1.00000E+00  6.00558E-05
 8.40377E-01  7.07044E-01  6.56352E-01  1.00000E+00  1.00000E+00  6.00558E-05
 8.40377E-01  7.40377E-01  7.78864E-01  1.00000E+00  1.00000E+00  6.00558E-05
 8.40377E-01  7.73711E-01  8.83989E-01  1.00000E+00  1.00000E+00  6.00558E-05
 8.40377E-01  8.07044E-01  9.59635E-01  1.00000E+00  1.00000E+00  6.00558E-05
 8.40377E-01  8.40377E-01  9.96431E-01  1.00000E+00  1.00000E+00  6.00558E-05
 8.40377E-01  8.73711E-01  9.89638E-01  1.00000E+00  1.00000E+00  6.00558E-05
 8.40377E-01  9.07044E-01  9.40140E-01  1.00000E+00  1.00000E+00  6.00558E-05
 8.40377E-01  9.40377E-01  8.54264E-01  1.00000E+00  1.00000E+00  6.00558E-05
 8.40377E-01  9.73711E-01  7.42448E-01  1.00000E+00  1.00000E+00  6.00558E-05
 8.73711E-01  7.04416E-03  6.12958E-01  1.00000E+00  1.00000E+00  6.00558E-05
 8.73711E-01  4.03775E-02  4.87316E-01  1.00000E+00  1.00000E+00  6.00558E-05
 8.73711E-01  7.37108E-02  3.70519E-01  1.00000E+00  1.00000E+00  6.00558E-05
 8.73711E-01  1.07044E-01  2.69408E-01  1.00000E+00  1.00000E+00  6.00558E-05
 8.73711E-01  1.40377E-01  1.87315E-01  1.00000E+00  1.00000E+00  6.00558E-05
 8.73711E-01  1.73711E-01  1.24506E-01  1.00000E+00  1.00000E+00  6.00558E-05
 8.73711E-01  2.07044E-01  7.91542E-02  1.00000E+00  1.00000E+00  6.00558E-05
 8.73711E-01  2.40377E-01  4.82014E-02  1.00000E+00  1.00000E+00  6.00558E-05
 8.73711E-01  2.73711E-01  2.78343E-02  1.00000E+00  1.00000E+00  6.00558E-05
 8.73711E-01  3.07044E-01  1.48744E-02  1.00000E+00  1.00000E+00  6.00558E-05
 8.73711E-01  3.40377E-01  8.64193E-03  1.00000E+00  1.00000E+00  6.00558E-05
 8.73711E-01  3.73711E-01  9.87423E-03  1.00000E+00  1.00000E+00  6.00558E-05
 8.73711E-01  4.07044E-01  1.82104E-02  1.00000E+00  1.00000E+00  6.00558E-05
 8.73711E-01  4.40377E-01  3.31407E-02  1.00000E+00  1.00000E+00  6.00558E-05
 8.73711E-01  4.73711E-01  5.63571E-02  1.00000E+00  1.00000E+00  6.00558E-05
 8.73711E-01  5.07044E-01  9.13837E-02  1.00000E+00  1.00000E+00  6.00558E-05
 8.73711E-01  5.40377E-01  1.41811E-01  1.00000E+00  1.00000E+00  6.00558E-05
 8.73711E-01  5.73711E-01  2.10416E-01  1.00000E+00  1.00000E+00  6.00558E-05
 8.73711E-01  6.07044E-01  2.98515E-01  1.00000E+00  1.00000E+00  6.00558E-05
 8.73711E-01  6.40377E-01  4.04973E-01  1.00000E+00  1.00000E+00  6.00558E-05
 8.73711E-01  6.73711E-01  5.25393E-01  1.00000E+00  1.00000E+00  6.00558E-05
 8.73711E-01  7.07044E-01  6.51877E-01  1.00000E+00  1.00000E+00  6.00558E-05
 8.73711E-01  7.40377E-01  7.73554E-01  1.00000E+00  1.00000E+00  6.00558E-05
 8.73711E-01  7.73711E-01  8.77962E-01  1.00000E+00  1.00000E+00  6.00558E-05
 8.73711E-01  8.07044E-01  9.53092E-01  1.00000E+00  1.00000E+00  6.00558E-05
 8.73711E-01  8.40377E-01  9.89638E-01  1.00000E+00  1.00000E+00  6.00558E-05
 8.73711E-01  8.73711E-01  9.82890E-01  1.00000E+00  1.00000E+00  6.00558E-05
 8.73711E-01  9.07044E-01  9.33730E-01  1.00000E+00  1.00000E+00  6.00558E-05
 8.73711E-01  9.40377E-01  8.48439E-01  1.00000E+00  1.00000E+00  6.00558E-05
 8.73711E-01  9.73711E-01  7.37386E-01  1.00000E+00  1.00000E+00  6.00558E-05
 9.07044E-01  7.04416E-03  5.82301E-01  1.00000E+00  1.00000E+00  6.00558E-05
 9.07044E-01  4.03775E-02  4.62942E-01  1.00000E+00  1.00000E+00  6.00558E-05
 9.07044E-01  7.37108E-02  3.51987E-01  1.00000E+00  1.00000E+00  6.00558E-05
 9.07044E-01  1.07044E-01  2.55933E-01  1.00000E+00  1.00000E+00  6.00558E-05
 9.07044E-01  1.40377E-01  1.77946E-01  1.00000E+00  1.00000E+00  6.00558E-05
 9.07044E-01  1.73711E-01  1.18279E-01  1.00000E+00  1.00000E+00  6.00558E-05
 9.07044E-01  2.07044E-01  7.51956E-02  1.00000E+00  1.00000E+00  6.00558E-05
 9.07044E-01  2.40377E-01  4.57913E-02  1.00000E+00  1.00000E+00  6.00558E-05
 9.07044E-01  2.73711E-01  2.64429E-02  1.00000E+00  1.00000E+00  6.00558E-05
 9.07044E-01  3.07044E-01  1.41304E-02  1.00000E+00  1.00000E+00  6.00558E-05
 9.07044E-01  3.40377E-01  8.20962E-03  1.00000E+00  1.00000E+00  6.00558E-05
 9.07044E-01  3.73711E-01  9.38109E-03  1.00000E+00  1.00000E+00  6.00558E-05
 9.07044E-01  4.07044E-01  1.73002E-02  1.00000E+00  1.00000E+00  6.00558E-05
 9.07044E-01  4.40377E-01  3.14834E-02  1.00000E+00  1.00000E+00  6.00558E-05
 9.07044E-01  4.73711E-01  5.35388E-02  1.00000E+00  1.00000E+00  6.00558E-05
 9.07044E-01  5.07044E-01  8.68135E-02  1.00000E+00  1.00000E+00  6.00558E-05
 9.07044E-01  5.40377E-01  1.34719E-01  1.00000E+00  1.00000E+00  6.00558E-05
 9.07044E-01  5.73711E-01  1.99892E-01  1.00000E+00  1.00000E+00  6.00558E-05
 9.07044E-01  6.07044E-01  2.83584E-01  1.00000E+00  1.00000E+00  6.00558E-05
 9.07044E-01  6.40377E-01  3.84718E-01  1.00000E+00  1.00000E+00  6.00558E-05
 9.07044E-01  6.73711E-01  4.99115E-01  1.00000E+00  1.00000E+00  6.00558E-05
 9.07044E-01  7.07044E-01  6.19273E-01  1.00000E+00  1.00000E+00  6.00558E-05
 9.07044E-01  7.40377E-01  7.34864E-01  1.00000E+00  1.00000E+00  6.00558E-05
 9.07044E-01  7.73711E-01  8.34050E-01  1.00000E+00  1.00000E+00  6.00558E-05
 9.07044E-01  8.07044E-01  9.05422E-01  1.00000E+00  1.00000E+00  6.00558E-05
 9.07044E-01  8.40377E-01  9.40140E-01  1.00000E+00  1.00000E+00  6.00558E-05
 9.07044E-01  8.73711E-01  9.33730E-01  1.00000E+00  1.00000E+00  6.00558E-05
 9.07044E-01  9.07044E-01  8.87028E-01  1.00000E+00  1.00000E+00  6.00558E-05
 9.07044E-01  9.40377E-01  8.06004E-01  1.00000E+00  1.00000E+00  6.00558E-05
 9.07044E-01  9.73711E-01  7.00505E-01  1.00000E+00  1.00000E+00  6.00558E-05
 9.40377E-01  7.04416E-03  5.29112E-01  1.00000E+00  1.00000E+00  6.00558E-05
 9.40377E-01  4.03775E-02  4.20656E-01  1.00000E+00  1.00000E+00  6.00558E-05
 9.40377E-01  7.37108E-02  3.19836E-01  1.00000E+00  1.00000E+00  6.00558E-05
 9.40377E-01  1.07044E-01  2.32556E-01  1.00000E+00  1.00000E+00  6.00558E-05
 9.40377E-01  1.40377E-01  1.61693E-01  1.00000E+00  1.00000E+00  6.00558E-05
 9.40377E-01  1.73711E-01  1.07476E-01  1.00000E+00  1.00000E+00  6.00558E-05
 9.40377E-01  2.07044E-01  6.83274E-02  1.00000E+00  1.00000E+00  6.00558E-05
 9.40377E-01  2.40377E-01  4.16097E-02  1.00000E+00  1.00000E+00  6.00558E-05
 9.40377E-01  2.73711E-01  2.40288E-02  1.00000E+00  1.00000E+00  6.00558E-05
 9.40377E-01  3.07044E-01  1.28396E-02  1.00000E+00  1.00000E+00  6.00558E-05
 9.40377E-01  3.40377E-01  7.45958E-03  1.00000E+00  1.00000E+00  6.00558E-05
 9.40377E-01  3.73711E-01  8.52543E-03  1.00000E+00  1.00000E+00  6.00558E-05
 9.40377E-01  4.07044E-01  1.57210E-02  1.00000E+00  1.00000E+00  6.00558E-05
 9.40377E-01  4.40377E-01  2.86081E-02  1.00000E+00  1.00000E+00  6.00558E-05
 9.40377E-01  4.73711E-01  4.86489E-02  1.00000E+00  1.00000E+00  6.00558E-05
 9.40377E-01  5.07044E-01  7.88844E-02  1.00000E+00  1.00000E+00  6.00558E-05
 9.40377E-01  5.40377E-01  1.22414E-01  1.00000E+00  1.00000E+00  6.00558E-05
 9.40377E-01  5.73711E-01  1.81634E-01  1.00000E+00  1.00000E+00  6.00558E-05
 9.40377E-01  6.07044E-01  2.57681E-01  1.00000E+00  1.00000E+00  6.00558E-05
 9.40377E-01  6.40377E-01  3.49577E-01  1.00000E+00  1.00000E+00  6.00558E-05
 9.40377E-01  6.73711E-01  4.53525E-01  1.00000E+00  1.00000E+00  6.00558E-05
 9.40377E-01  7.07044E-01  5.62706E-01  1.00000E+00  1.00000E+00  6.00558E-05
 9.40377E-01  7.40377E-01  6.67739E-01  1.00000E+00  1.00000E+00  6.00558E-05
 9.40377E-01  7.73711E-01  7.57865E-01  1.00000E+00  1.00000E+00  6.00558E-05
 9.40377E-01  8.07044E-01  8.22717E-01  1.00000E+00  1.00000E+00  6.00558E-05
 9.40377E-01  8.40377E-01  8.54264E-01  1.00000E+00  1.00000E+00  6.00558E-05
 9.40377E-01  8.73711E-01  8.48439E-01  1.00000E+00  1.00000E+00  6.00558E-05
 9.40377E-01  9.07044E-01  8.06004E-01  1.00000E+00  1.00000E+00  6.00558E-05
 9.40377E-01  9.40377E-01  7.32380E-01  1.00000E+00  1.00000E+00  6.00558E-05
 9.40377E-01  9.73711E-01  6.36519E-01  1.00000E+00  1.00000E+00  6.00558E-05
 9.73711E-01  7.04416E-03  4.59856E-01  1.00000E+00  1.00000E+00  6.00558E-05
 9.73711E-01  4.03775E-02  3.65597E-01  1.00000E+00  1.00000E+00  6.00558E-05
 9.73711E-01  7.37108E-02  2.77973E-01  1.00000E+00  1.00000E+00  6.00558E-05
 9.73711E-01  1.07044E-01  2.02118E-01  1.00000E+00  1.00000E+00  6.00558E-05
 9.73711E-01  1.40377E-01  1.40530E-01  1.00000E+00  1.00000E+00  6.00558E-05
 9.73711E-01  1.73711E-01  9.34088E-02  1.00000E+00  1.00000E+00  6.00558E-05
 9.73711E-01  2.07044E-01  5.93846E-02  1.00000E+00  1.00000E+00  6.00558E-05
 9.73711E-01  2.40377E-01  3.61649E-02  1.00000E+00  1.00000E+00  6.00558E-05
 9.73711E-01  2.73711E-01  2.08854E-02  1.00000E+00  1.00000E+00  6.00558E-05
 9.73711E-01  3.07044E-01  1.11589E-02  1.00000E+00  1.00000E+00  6.00558E-05
 9.73711E-01  3.40377E-01  6.48299E-03  1.00000E+00  1.00000E+00  6.00558E-05
 9.73711E-01  3.73711E-01  7.41119E-03  1.00000E+00  1.00000E+00  6.00558E-05
 9.73711E-01  4.07044E-01  1.36647E-02  1.00000E+00  1.00000E+00  6.00558E-05
 9.73711E-01  4.40377E-01  2.48642E-02  1.00000E+00  1.00000E+00  6.00558E-05
 9.73711E-01  4.73711E-01  4.22820E-02  1.00000E+00  1.00000E+00  6.00558E-05
 9.73711E-01  5.07044E-01  6.85601E-02  1.00000E+00  1.00000E+00  6.00558E-05
 9.73711E-01  5.40377E-01  1.06392E-01  1.00000E+00  1.00000E+00  6.00558E-05
 9.73711E-01  5.73711E-01  1.57861E-01  1.00000E+00  1.00000E+00  6.00558E-05
 9.73711E-01  6.07044E-01  2.23954E-01  1.00000E+00  1.00000E+00  6.00558E-05
 9.73711E-01  6.40377E-01  3.03821E-01  1.00000E+00  1.00000E+00  6.00558E-05
 9.73711E-01  6.73711E-01  3.94163E-01  1.00000E+00  1.00000E+00  6.00558E-05
 9.73711E-01  7.07044E-01  4.89054E-01  1.00000E+00  1.00000E+00  6.00558E-05
 9.73711E-01  7.40377E-01  5.80338E-01  1.00000E+00  1.00000E+00  6.00558E-05
 9.73711E-01  7.73711E-01  6.58667E-01  1.00000E+00  1.00000E+00  6.00558E-05
 9.73711E-01  8.07044E-01  7.15031E-01  1.00000E+00  1.00000E+00  6.00558E-05
 9.73711E-01  8.40377E-01  7.42448E-01  1.00000E+00  1.00000E+00  6.00558E-05
 9.73711E-01  8.73711E-01  7.37386E-01  1.00000E+00  1.00000E+00  6.00558E-05
 9.73711E-01  9.07044E-01  7.00505E-01  1.00000E+00  1.00000E+00  6.00558E-05
 9.73711E-01  9.40377E-01  6.36519E-01  1.00000E+00  1.00000E+00  6.00558E-05
 9.73711E-01  9.73711E-01  5.53205E-01  1.00000E+00  1.00000E+00  6.00558E-05
