 7.04416E-03  7.04416E-03  7.15496E-01  1.00000E+00  1.00000E+00  6.00550E-05
 7.04416E-03  4.03775E-02  7.90659E-01  1.00000E+00  1.00000E+00  6.00550E-05
 7.04416E-03  7.37108E-02  8.35754E-01  1.00000E+00  1.00000E+00  6.00550E-05
 7.04416E-03  1.07044E-01  8.45057E-01  1.00000E+00  1.00000E+00  6.00550E-05
 7.04416E-03  1.40377E-01  8.17364E-01  1.00000E+00  1.00000E+00  6.00550E-05
 7.04416E-03  1.73711E-01  7.56246E-01  1.00000E+00  1.00000E+00  6.00550E-05
 7.04416E-03  2.07044E-01  6.69293E-01  1.00000E+00  1.00000E+00  6.00550E-05
 7.04416E-03  2.40377E-01  5.66574E-01  1.00000E+00  1.00000E+00  6.00550E-05
 7.04416E-03  2.73711E-01  4.58728E-01  1.00000E+00  1.00000E+00  6.00550E-05
 7.04416E-03  3.07044E-01  3.55206E-01  1.00000E+00  1.00000E+00  6.00550E-05
 7.04416E-03  3.40377E-01  2.63022E-01  1.00000E+00  1.00000E+00  6.00550E-05
 7.04416E-03  3.73711E-01  1.86217E-01  1.00000E+00  1.00000E+00  6.00550E-05
 7.04416E-03  4.07044E-01  1.26029E-01  1.00000E+00  1.00000E+00  6.00550E-05
 7.04416E-03  4.40377E-01  8.15743E-02  1.00000E+00  1.00000E+00  6.00550E-05
 7.04416E-03  4.73711E-01  5.05333E-02  1.00000E+00  1.00000E+00  6.00550E-05
 7.04416E-03  5.07044E-01  2.97469E-02  1.00000E+00  1.00000E+00  6.00550E-05
 7.04416E-03  5.40377E-01  1.62963E-02  1.00000E+00  1.00000E+00  6.00550E-05
 7.04416E-03  5.73711E-01  8.80617E-03  1.00000E+00  1.00000E+00  6.00550E-05
 7.04416E-03  6.07044E-01  7.33328E-03  1.00000E+00  1.00000E+00  6.00550E-05
 7.04416E-03  6.40377E-01  1.19049E-02  1.00000E+00  1.00000E+00  6.00550E-05
 7.04416E-03  6.73711E-01  2.22369E-02  1.00000E+00  1.00000E+00  6.00550E-05
 7.04416E-03  7.07044E-01  3.90070E-02  1.00000E+00  1.00000E+00  6.00550E-05
 7.04416E-03  7.40377E-01  6.45311E-02  1.00000E+00  1.00000E+00  6.00550E-05
 7.04416E-03  7.73711E-01  1.01948E-01  1.00000E+00  1.00000E+00  6.00550E-05
 7.04416E-03  8.07044E-01  1.54055E-01  1.00000E+00  1.00000E+00  6.00550E-05
 7.04416E-03  8.40377E-01  2.22559E-01  1.00000E+00  1.00000E+00  6.00550E-05
 7.04416E-03  8.73711E-01  3.07393E-01  1.00000E+00  1.00000E+00  6.00550E-05
 7.04416E-03  9.07044E-01  4.05969E-01  1.00000E+00  1.00000E+00  6.00550E-05
 7.04416E-03  9.40377E-01  5.12729E-01  1.00000E+00  1.00000E+00  6.00550E-05
 7.04416E-03  9.73711E-01  6.19321E-01  1.00000E+00  1.00000E+00  6.00550E-05
 4.03775E-02  7.04416E-03  7.90659E-01  1.00000E+00  1.00000E+00  6.00550E-05
 4.03775E-02  4.03775E-02  8.73717E-01  1.00000E+00  1.00000E+00  6.00550E-05
 4.03775E-02  7.37108E-02  9.23549E-01  1.00000E+00  1.00000E+00  6.00550E-05
 4.03775E-02  1.07044E-01  9.33830E-01  1.00000E+00  1.00000E+00  6.00550E-05
 4.03775E-02  1.40377E-01  9.03228E-01  1.00000E+00  1.00000E+00  6.00550E-05
 4.03775E-02  1.73711E-01  8.35689E-01  1.00000E+00  1.00000E+00  6.00550E-05
 4.03775E-02  2.07044E-01  7.39602E-01  1.00000E+00  1.00000E+00  6.00550E-05
 4.03775E-02  2.40377E-01  6.26092E-01  1.00000E+00  1.00000E+00  6.00550E-05
 4.03775E-02  2.73711E-01  5.06917E-01  1.00000E+00  1.00000E+00  6.00550E-05
 4.03775E-02  3.07044E-01  3.92520E-01  1.00000E+00  1.00000E+00  6.00550E-05
 4.03775E-02  3.40377E-01  2.90652E-01  1.00000E+00  1.00000E+00  6.00550E-05
 4.03775E-02  3.73711E-01  2.05779E-01  1.00000E+00  1.00000E+00  6.00550E-05
 4.03775E-02  4.07044E-01  1.39268E-01  1.00000E+00  1.00000E+00  6.00550E-05
 4.03775E-02  4.40377E-01  9.01434E-02  1.00000E+00  1.00000E+00  6.00550E-05
 4.03775E-02  4.73711E-01  5.58407E-02  1.00000E+00  1.00000E+00  6.00550E-05
 4.03775E-02  5.07044E-01  3.28702E-02  1.00000E+00  1.00000E+00  6.00550E-05
 4.03775E-02  5.40377E-01  1.80080E-02  1.00000E+00  1.00000E+00  6.00550E-05
 4.03775E-02  5.73711E-01  9.73203E-03  1.00000E+00  1.00000E+00  6.00550E-05
 4.03775E-02  6.07044E-01  8.10311E-03  1.00000E+00  1.00000E+00  6.00550E-05
 4.03775E-02  6.40377E-01  1.31540E-02  1.00000E+00  1.00000E+00  6.00550E-05
 4.03775E-02  6.73711E-01  2.45720E-02  1.00000E+00  1.00000E+00  6.00550E-05
 4.03775E-02  7.07044E-01  4.31044E-02  1.00000E+00  1.00000E+00  6.00550E-05
 4.03775E-02  7.40377E-01  7.13097E-02  1.00000E+00  1.00000E+00  6.00550E-05
 4.03775E-02  7.73711E-01  1.12657E-01  1.00000E+00  1.00000E+00  6.00550E-05
 4.03775E-02  8.07044E-01  1.70238E-01  1.00000E+00  1.00000E+00  6.00550E-05
 4.03775E-02  8.40377E-01  2.45938E-01  1.00000E+00  1.00000E+00  6.00550E-05
 4.03775E-02  8.73711E-01  3.39684E-01  1.00000E+00  1.00000E+00  6.00550E-05
 4.03775E-02  9.07044E-01  4.48616E-01  1.00000E+00  1.00000E+00  6.00550E-05
 4.03775E-02  9.40377E-01  5.66591E-01  1.00000E+00  1.00000E+00  6.00550E-05
 4.03775E-02  9.73711E-01  6.84380E-01  1.00000E+00  1.00000E+00  6.00550E-05
 7.37108E-02  7.04416E-03  8.35754E-01  1.00000E+00  1.00000E+00  6.00550E-05
 7.37108E-02  4.03775E-02  9.23549E-01  1.00000E+00  1.00000E+00  6.00550E-05
 7.37108E-02  7.37108E-02  9.76224E-01  1.00000E+00  1.00000E+00  6.00550E-05
 7.37108E-02  1.07044E-01  9.87090E-01  1.00000E+00  1.00000E+00  6.00550E-05
 7.37108E-02  1.40377E-01  9.54743E-01  1.00000E+00  1.00000E+00  6.00550E-05
 7.37108E-02  1.73711E-01  8.83352E-01  1.00000E+00  1.00000E+00  6.00550E-05
 7.37108E-02  2.07044E-01  7.81785E-01  1.00000E+00  1.00000E+00  6.00550E-05
 7.37108E-02  2.40377E-01  6.61801E-01  1.00000E+00  1.00000E+00  6.00550E-05
 7.37108E-02  2.73711E-01  5.35829E-01  1.00000E+00  1.00000E+00  6.00550E-05
 7.37108E-02  3.07044E-01  4.14907E-01  1.00000E+00  1.00000E+00  6.00550E-05
 7.37108E-02  3.40377E-01  3.07229E-01  1.00000E+00  1.00000E+00  6.00550E-05
 7.37108E-02  3.73711E-01  2.17515E-01  1.00000E+00  1.00000E+00  6.00550E-05
 7.37108E-02  4.07044E-01  1.47211E-01  1.00000E+00  1.00000E+00  6.00550E-05
 7.37108E-02  4.40377E-01  9.52846E-02  1.00000E+00  1.00000E+00  6.00550E-05
 7.37108E-02  4.73711E-01  5.90250E-02  1.00000E+00  1.00000E+00  6.00550E-05
 7.37108E-02  5.07044E-01  3.47441E-02  1.00000E+00  1.00000E+00  6.00550E-05
 7.37108E-02  5.40377E-01  1.90349E-02  1.00000E+00  1.00000E+00  6.00550E-05
 7.37108E-02  5.73711E-01  1.02875E-02  1.00000E+00  1.00000E+00  6.00550E-05
 7.37108E-02  6.07044E-01  8.56499E-03  1.00000E+00  1.00000E+00  6.00550E-05
 7.37108E-02  6.40377E-01  1.39034E-02  1.00000E+00  1.00000E+00  6.00550E-05
 7.37108E-02  6.73711E-01  2.59730E-02  1.00000E+00  1.00000E+00  6.00550E-05
 7.37108E-02  7.07044E-01  4.55627E-02  1.00000E+00  1.00000E+00  6.00550E-05
 7.37108E-02  7.40377E-01  7.53766E-02  1.00000E+00  1.00000E+00  6.00550E-05
 7.37108E-02  7.73711E-01  1.19082E-01  1.00000E+00  1.00000E+00  6.00550E-05
 7.37108E-02  8.07044E-01  1.79947E-01  1.00000E+00  1.00000E+00  6.00550E-05
 7.37108E-02  8.40377E-01  2.59965E-01  1.00000E+00  1.00000E+00  6.00550E-05
 7.37108E-02  8.73711E-01  3.59058E-01  1.00000E+00  1.00000E+00  6.00550E-05
 7.37108E-02  9.07044E-01  4.74203E-01  1.00000E+00  1.00000E+00  6.00550E-05
 7.37108E-02  9.40377E-01  5.98906E-01  1.00000E+00  1.00000E+00  6.00550E-05
 7.37108E-02  9.73711E-01  7.23413E-01  1.00000E+00  1.00000E+00  6.00550E-05
 1.07044E-01  7.04416E-03  8.45057E-01  1.00000E+00  1.00000E+00  6.00550E-05
 1.07044E-01  4.03775E-02  9.33830E-01  1.00000E+00  1.00000E+00  6.00550E-05
 1.07044E-01  7.37108E-02  9.87090E-01  1.00000E+00  1.00000E+00  6.00550E-05
 1.07044E-01  1.07044E-01  9.98078E-01  1.00000E+00  1.00000E+00  6.00550E-05
 1.07044E-01  1.40377E-01  9.65371E-01  1.00000E+00  1.00000E+00  6.00550E-05
 1.07044E-01  1.73711E-01  8.93185E-01  1.00000E+00  1.00000E+00  6.00550E-05
 1.07044E-01  2.07044E-01  7.90487E-01  1.00000E+00  1.00000E+00  6.00550E-05
 1.07044E-01  2.40377E-01  6.69168E-01  1.00000E+00  1.00000E+00  6.00550E-05
 1.07044E-01  2.73711E-01  5.41794E-01  1.00000E+00  1.00000E+00  6.00550E-05
 1.07044E-01  3.07044E-01  4.19526E-01  1.00000E+00  1.00000E+00  6.00550E-05
 1.07044E-01  3.40377E-01  3.10649E-01  1.00000E+00  1.00000E+00  6.00550E-05
 1.07044E-01  3.73711E-01  2.19936E-01  1.00000E+00  1.00000E+00  6.00550E-05
 1.07044E-01  4.07044E-01  1.48850E-01  1.00000E+00  1.00000E+00  6.00550E-05
 1.07044E-01  4.40377E-01  9.63453E-02  1.00000E+00  1.00000E+00  6.00550E-05
 1.07044E-01  4.73711E-01  5.96820E-02  1.00000E+00  1.00000E+00  6.00550E-05
 1.07044E-01  5.07044E-01  3.51307E-02  1.00000E+00  1.00000E+00  6.00550E-05
 1.07044E-01  5.40377E-01  1.92468E-02  1.00000E+00  1.00000E+00  6.00550E-05
 1.07044E-01  5.73711E-01  1.04022E-02  1.00000E+00  1.00000E+00  6.00550E-05
 1.07044E-01  6.07044E-01  8.66029E-03  1.00000E+00  1.00000E+00  6.00550E-05
 1.07044E-01  6.40377E-01  1.40580E-02  1.00000E+00  1.00000E+00  6.00550E-05
 1.07044E-01  6.73711E-01  2.62621E-02  1.00000E+00  1.00000E+00  6.00550E-05
 1.07044E-01  7.07044E-01  4.60699E-02  1.00000E+00  1.00000E+00  6.00550E-05
 1.07044E-01  7.40377E-01  7.62157E-02  1.00000E+00  1.00000E+00  6.00550E-05
 1.07044E-01  7.73711E-01  1.20407E-01  1.00000E+00  1.00000E+00  6.00550E-05
 1.07044E-01  8.07044E-01  1.81950E-01  1.00000E+00  1.00000E+00  6.00550E-05
 1.07044E-01  8.40377E-01  2.62859E-01  1.00000E+00  1.00000E+00  6.00550E-05
 1.07044E-01  8.73711E-01  3.63055E-01  1.00000E+00  1.00000E+00  6.00550E-05
 1.07044E-01  9.07044E-01  4.79481E-01  1.00000E+00  1.00000E+00  6.00550E-05
 1.07044E-01  9.40377E-01  6.05573E-01  1.00000E+00  1.00000E+00  6.00550E-05
 1.07044E-01  9.73711E-01  7.31466E-01  1.00000E+00  1.00000E+00  6.00550E-05
 1.40377E-01  7.04416E-03  8.17364E-01  1.00000E+00  1.00000E+00  6.00550E-05
 1.40377E-01  4.03775E-02  9.03228E-01  1.00000E+00  1.00000E+00  6.00550E-05
 1.40377E-01  7.37108E-02  9.54743E-01  1.00000E+00  1.00000E+00  6.00550E-05
 1.40377E-01  1.07044E-01  9.65371E-01  1.00000E+00  1.00000E+00  6.00550E-05
 1.40377E-01  1.40377E-01  9.33735E-01  1.00000E+00  1.00000E+00  6.00550E-05
 1.40377E-01  1.73711E-01  8.63915E-01  1.00000E+00  1.00000E+00  6.00550E-05
 1.40377E-01  2.07044E-01  7.64583E-01  1.00000E+00  1.00000E+00  6.00550E-05
 1.40377E-01  2.40377E-01  6.47239E-01  1.00000E+00  1.00000E+00  6.00550E-05
 1.40377E-01  2.73711E-01  5.24039E-01  1.00000E+00  1.00000E+00  6.00550E-05
 1.40377E-01  3.07044E-01  4.05778E-01  1.00000E+00  1.00000E+00  6.00550E-05
 1.40377E-01  3.40377E-01  3.00470E-01  1.00000E+00  1.00000E+00  6.00550E-05
 1.40377E-01  3.73711E-01  2.12729E-01  1.00000E+00  1.00000E+00  6.00550E-05
 1.40377E-01  4.07044E-01  1.43972E-01  1.00000E+00  1.00000E+00  6.00550E-05
 1.40377E-01  4.40377E-01  9.31882E-02  1.00000E+00  1.00000E+00  6.00550E-05
 1.40377E-01  4.73711E-01  5.77266E-02  1.00000E+00  1.00000E+00  6.00550E-05
 1.40377E-01  5.07044E-01  3.39800E-02  1.00000E+00  1.00000E+00  6.00550E-05
 1.40377E-01  5.40377E-01  1.86162E-02  1.00000E+00  1.00000E+00  6.00550E-05
 1.40377E-01  5.73711E-01  1.00611E-02  1.00000E+00  1.00000E+00  6.00550E-05
 1.40377E-01  6.07044E-01  8.37668E-03  1.00000E+00  1.00000E+00  6.00550E-05
 1.40377E-01  6.40377E-01  1.35979E-02  1.00000E+00  1.00000E+00  6.00550E-05
 1.40377E-01  6.73711E-01  2.54018E-02  1.00000E+00  1.00000E+00  6.00550E-05
 1.40377E-01  7.07044E-01  4.45603E-02  1.00000E+00  1.00000E+00  6.00550E-05
 1.40377E-01  7.40377E-01  7.37183E-02  1.00000E+00  1.00000E+00  6.00550E-05
 1.40377E-01  7.73711E-01  1.16462E-01  1.00000E+00  1.00000E+00  6.00550E-05
 1.40377E-01  8.07044E-01  1.75988E-01  1.00000E+00  1.00000E+00  6.00550E-05
 1.40377E-01  8.40377E-01  2.54245E-01  1.00000E+00  1.00000E+00  6.00550E-05
 1.40377E-01  8.73711E-01  3.51158E-01  1.00000E+00  1.00000E+00  6.00550E-05
 1.40377E-01  9.07044E-01  4.63769E-01  1.00000E+00  1.00000E+00  6.00550E-05
 1.40377E-01  9.40377E-01  5.85728E-01  1.00000E+00  1.00000E+00  6.00550E-05
 1.40377E-01  9.73711E-01  7.07495E-01  1.00000E+00  1.00000E+00  6.00550E-05
 1.73711E-01  7.04416E-03  7.56246E-01  1.00000E+00  1.00000E+00  6.00550E-05
 1.73711E-01  4.03775E-02  8.35689E-01  1.00000E+00  1.00000E+00  6.00550E-05
 1.73711E-01  7.37108E-02  8.83352E-01  1.00000E+00  1.00000E+00  6.00550E-05
 1.73711E-01  1.07044E-01  8.93185E-01  1.00000E+00  1.00000E+00  6.00550E-05
 1.73711E-01  1.40377E-01  8.63915E-01  1.00000E+00  1.00000E+00  6.00550E-05
 1.73711E-01  1.73711E-01  7.99316E-01  1.00000E+00  1.00000E+00  6.00550E-05
 1.73711E-01  2.07044E-01  7.07411E-01  1.00000E+00  1.00000E+00  6.00550E-05
 1.73711E-01  2.40377E-01  5.98841E-01  1.00000E+00  1.00000E+00  6.00550E-05
 1.73711E-01  2.73711E-01  4.84854E-01  1.00000E+00  1.00000E+00  6.00550E-05
 1.73711E-01  3.07044E-01  3.75436E-01  1.00000E+00  1.00000E+00  6.00550E-05
 1.73711E-01  3.40377E-01  2.78002E-01  1.00000E+00  1.00000E+00  6.00550E-05
 1.73711E-01  3.73711E-01  1.96823E-01  1.00000E+00  1.00000E+00  6.00550E-05
 1.73711E-01  4.07044E-01  1.33207E-01  1.00000E+00  1.00000E+00  6.00550E-05
 1.73711E-01  4.40377E-01  8.62203E-02  1.00000E+00  1.00000E+00  6.00550E-05
 1.73711E-01  4.73711E-01  5.34109E-02  1.00000E+00  1.00000E+00  6.00550E-05
 1.73711E-01  5.07044E-01  3.14404E-02  1.00000E+00  1.00000E+00  6.00550E-05
 1.73711E-01  5.40377E-01  1.72244E-02  1.00000E+00  1.00000E+00  6.00550E-05
 1.73711E-01  5.73711E-01  9.30820E-03  1.00000E+00  1.00000E+00  6.00550E-05
 1.73711E-01  6.07044E-01  7.75072E-03  1.00000E+00  1.00000E+00  6.00550E-05
 1.73711E-01  6.40377E-01  1.25822E-02  1.00000E+00  1.00000E+00  6.00550E-05
 1.73711E-01  6.73711E-01  2.35030E-02  1.00000E+00  1.00000E+00  6.00550E-05
 1.73711E-01  7.07044E-01  4.12286E-02  1.00000E+00  1.00000E+00  6.00550E-05
 1.73711E-01  7.40377E-01  6.82063E-02  1.00000E+00  1.00000E+00  6.00550E-05
 1.73711E-01  7.73711E-01  1.07754E-01  1.00000E+00  1.00000E+00  6.00550E-05
 1.73711E-01  8.07044E-01  1.62829E-01  1.00000E+00  1.00000E+00  6.00550E-05
 1.73711E-01  8.40377E-01  2.35234E-01  1.00000E+00  1.00000E+00  6.00550E-05
 1.73711E-01  8.73711E-01  3.24900E-01  1.00000E+00  1.00000E+00  6.00550E-05
 1.73711E-01  9.07044E-01  4.29090E-01  1.00000E+00  1.00000E+00  6.00550E-05
 1.73711E-01  9.40377E-01  5.41931E-01  1.00000E+00  1.00000E+00  6.00550E-05
 1.73711E-01  9.73711E-01  6.54592E-01  1.00000E+00  1.00000E+00  6.00550E-05
 2.07044E-01  7.04416E-03  6.69293E-01  1.00000E+00  1.00000E+00  6.00550E-05
 2.07044E-01  4.03775E-02  7.39602E-01  1.00000E+00  1.00000E+00  6.00550E-05
 2.07044E-01  7.37108E-02  7.81785E-01  1.00000E+00  1.00000E+00  6.00550E-05
 2.07044E-01  1.07044E-01  7.90487E-01  1.00000E+00  1.00000E+00  6.00550E-05
 2.07044E-01  1.40377E-01  7.64583E-01  1.00000E+00  1.00000E+00  6.00550E-05
 2.07044E-01  1.73711E-01  7.07411E-01  1.00000E+00  1.00000E+00  6.00550E-05
 2.07044E-01  2.07044E-01  6.26073E-01  1.00000E+00  1.00000E+00  6.00550E-05
 2.07044E-01  2.40377E-01  5.29987E-01  1.00000E+00  1.00000E+00  6.00550E-05
 2.07044E-01  2.73711E-01  4.29106E-01  1.00000E+00  1.00000E+00  6.00550E-05
 2.07044E-01  3.07044E-01  3.32269E-01  1.00000E+00  1.00000E+00  6.00550E-05
 2.07044E-01  3.40377E-01  2.46038E-01  1.00000E+00  1.00000E+00  6.00550E-05
 2.07044E-01  3.73711E-01  1.74193E-01  1.00000E+00  1.00000E+00  6.00550E-05
 2.07044E-01  4.07044E-01  1.17891E-01  1.00000E+00  1.00000E+00  6.00550E-05
 2.07044E-01  4.40377E-01  7.63071E-02  1.00000E+00  1.00000E+00  6.00550E-05
 2.07044E-01  4.73711E-01  4.72710E-02  1.00000E+00  1.00000E+00  6.00550E-05
 2.07044E-01  5.07044E-01  2.78271E-02  1.00000E+00  1.00000E+00  6.00550E-05
 2.07044E-01  5.40377E-01  1.52443E-02  1.00000E+00  1.00000E+00  6.00550E-05
 2.07044E-01  5.73711E-01  8.23719E-03  1.00000E+00  1.00000E+00  6.00550E-05
 2.07044E-01  6.07044E-01  6.86015E-03  1.00000E+00  1.00000E+00  6.00550E-05
 2.07044E-01  6.40377E-01  1.11372E-02  1.00000E+00  1.00000E+00  6.00550E-05
 2.07044E-01  6.73711E-01  2.08017E-02  1.00000E+00  1.00000E+00  6.00550E-05
 2.07044E-01  7.07044E-01  3.64885E-02  1.00000E+00  1.00000E+00  6.00550E-05
 2.07044E-01  7.40377E-01  6.03645E-02  1.00000E+00  1.00000E+00  6.00550E-05
 2.07044E-01  7.73711E-01  9.53649E-02  1.00000E+00  1.00000E+00  6.00550E-05
 2.07044E-01  8.07044E-01  1.44107E-01  1.00000E+00  1.00000E+00  6.00550E-05
 2.07044E-01  8.40377E-01  2.08188E-01  1.00000E+00  1.00000E+00  6.00550E-05
 2.07044E-01  8.73711E-01  2.87544E-01  1.00000E+00  1.00000E+00  6.00550E-05
 2.07044E-01  9.07044E-01  3.79754E-01  1.00000E+00  1.00000E+00  6.00550E-05
 2.07044E-01  9.40377E-01  4.79620E-01  1.00000E+00  1.00000E+00  6.00550E-05
 2.07044E-01  9.73711E-01  5.79328E-01  1.00000E+00  1.00000E+00  6.00550E-05
 2.40377E-01  7.04416E-03  5.66574E-01  1.00000E+00  1.00000E+00  6.00550E-05
 2.40377E-01  4.03775E-02  6.26092E-01  1.00000E+00  1.00000E+00  6.00550E-05
 2.40377E-01  7.37108E-02  6.61801E-01  1.00000E+00  1.00000E+00  6.00550E-05
 2.40377E-01  1.07044E-01  6.69168E-01  1.00000E+00  1.00000E+00  6.00550E-05
 2.40377E-01  1.40377E-01  6.47239E-01  1.00000E+00  1.00000E+00  6.00550E-05
 2.40377E-01  1.73711E-01  5.98841E-01  1.00000E+00  1.00000E+00  6.00550E-05
 2.40377E-01  2.07044E-01  5.29987E-01  1.00000E+00  1.00000E+00  6.00550E-05
 2.40377E-01  2.40377E-01  4.48648E-01  1.00000E+00  1.00000E+00  6.00550E-05
 2.40377E-01  2.73711E-01  3.63250E-01  1.00000E+00  1.00000E+00  6.00550E-05
 2.40377E-01  3.07044E-01  2.81275E-01  1.00000E+00  1.00000E+00  6.00550E-05
 2.40377E-01  3.40377E-01  2.08278E-01  1.00000E+00  1.00000E+00  6.00550E-05
 2.40377E-01  3.73711E-01  1.47459E-01  1.00000E+00  1.00000E+00  6.00550E-05
 2.40377E-01  4.07044E-01  9.97986E-02  1.00000E+00  1.00000E+00  6.00550E-05
 2.40377E-01  4.40377E-01  6.45965E-02  1.00000E+00  1.00000E+00  6.00550E-05
 2.40377E-01  4.73711E-01  4.00177E-02  1.00000E+00  1.00000E+00  6.00550E-05
 2.40377E-01  5.07044E-01  2.35585E-02  1.00000E+00  1.00000E+00  6.00550E-05
 2.40377E-01  5.40377E-01  1.29052E-02  1.00000E+00  1.00000E+00  6.00550E-05
 2.40377E-01  5.73711E-01  6.97207E-03  1.00000E+00  1.00000E+00  6.00550E-05
 2.40377E-01  6.07044E-01  5.80806E-03  1.00000E+00  1.00000E+00  6.00550E-05
 2.40377E-01  6.40377E-01  9.42999E-03  1.00000E+00  1.00000E+00  6.00550E-05
 2.40377E-01  6.73711E-01  1.76104E-02  1.00000E+00  1.00000E+00  6.00550E-05
 2.40377E-01  7.07044E-01  3.08890E-02  1.00000E+00  1.00000E+00  6.00550E-05
 2.40377E-01  7.40377E-01  5.11008E-02  1.00000E+00  1.00000E+00  6.00550E-05
 2.40377E-01  7.73711E-01  8.07297E-02  1.00000E+00  1.00000E+00  6.00550E-05
 2.40377E-01  8.07044E-01  1.21991E-01  1.00000E+00  1.00000E+00  6.00550E-05
 2.40377E-01  8.40377E-01  1.76237E-01  1.00000E+00  1.00000E+00  6.00550E-05
 2.40377E-01  8.73711E-01  2.43414E-01  1.00000E+00  1.00000E+00  6.00550E-05
 2.40377E-01  9.07044E-01  3.21472E-01  1.00000E+00  1.00000E+00  6.00550E-05
 2.40377E-01  9.40377E-01  4.06011E-01  1.00000E+00  1.00000E+00  6.00550E-05
 2.40377E-01  9.73711E-01  4.90416E-01  1.00000E+00  1.00000E+00  6.00550E-05
 2.73711E-01  7.04416E-03  4.58728E-01  1.00000E+00  1.00000E+00  6.00550E-05
 2.73711E-01  4.03775E-02  5.06917E-01  1.00000E+00  1.00000E+00  6.00550E-05
 2.73711E-01  7.37108E-02  5.35829E-01  1.00000E+00  1.00000E+00  6.00550E-05
 2.73711E-01  1.07044E-01  5.41794E-01  1.00000E+00  1.00000E+00  6.00550E-05
 2.73711E-01  1.40377E-01  5.24039E-01  1.00000E+00  1.00000E+00  6.00550E-05
 2.73711E-01  1.73711E-01  4.84854E-01  1.00000E+00  1.00000E+00  6.00550E-05
 2.73711E-01  2.07044E-01  4.29106E-01  1.00000E+00  1.00000E+00  6.00550E-05
 2.73711E-01  2.40377E-01  3.63250E-01  1.00000E+00  1.00000E+00  6.00550E-05
 2.73711E-01  2.73711E-01  2.94107E-01  1.00000E+00  1.00000E+00  6.00550E-05
 2.73711E-01  3.07044E-01  2.27736E-01  1.00000E+00  1.00000E+00  6.00550E-05
 2.73711E-01  3.40377E-01  1.68634E-01  1.00000E+00  1.00000E+00  6.00550E-05
 2.73711E-01  3.73711E-01  1.19392E-01  1.00000E+00  1.00000E+00  6.00550E-05
 2.73711E-01  4.07044E-01  8.08028E-02  1.00000E+00  1.00000E+00  6.00550E-05
 2.73711E-01  4.40377E-01  5.23014E-02  1.00000E+00  1.00000E+00  6.00550E-05
 2.73711E-01  4.73711E-01  3.24022E-02  1.00000E+00  1.00000E+00  6.00550E-05
 2.73711E-01  5.07044E-01  1.90766E-02  1.00000E+00  1.00000E+00  6.00550E-05
 2.73711E-01  5.40377E-01  1.04493E-02  1.00000E+00  1.00000E+00  6.00550E-05
 2.73711E-01  5.73711E-01  5.64393E-03  1.00000E+00  1.00000E+00  6.00550E-05
 2.73711E-01  6.07044E-01  4.70336E-03  1.00000E+00  1.00000E+00  6.00550E-05
 2.73711E-01  6.40377E-01  7.63731E-03  1.00000E+00  1.00000E+00  6.00550E-05
 2.73711E-01  6.73711E-01  1.42596E-02  1.00000E+00  1.00000E+00  6.00550E-05
 2.73711E-01  7.07044E-01  2.50099E-02  1.00000E+00  1.00000E+00  6.00550E-05
 2.73711E-01  7.40377E-01  4.13746E-02  1.00000E+00  1.00000E+00  6.00550E-05
 2.73711E-01  7.73711E-01  6.53639E-02  1.00000E+00  1.00000E+00  6.00550E-05
 2.73711E-01  8.07044E-01  9.87713E-02  1.00000E+00  1.00000E+00  6.00550E-05
 2.73711E-01  8.40377E-01  1.42691E-01  1.00000E+00  1.00000E+00  6.00550E-05
 2.73711E-01  8.73711E-01  1.97081E-01  1.00000E+00  1.00000E+00  6.00550E-05
 2.73711E-01  9.07044E-01  2.60281E-01  1.00000E+00  1.00000E+00  6.00550E-05
 2.73711E-01  9.40377E-01  3.28728E-01  1.00000E+00  1.00000E+00  6.00550E-05
 2.73711E-01  9.73711E-01  3.97067E-01  1.00000E+00  1.00000E+00  6.00550E-05
 3.07044E-01  7.04416E-03  3.55206E-01  1.00000E+00  1.00000E+00  6.00550E-05
 3.07044E-01  4.03775E-02  3.92520E-01  1.00000E+00  1.00000E+00  6.00550E-05
 3.07044E-01  7.37108E-02  4.14907E-01  1.00000E+00  1.00000E+00  6.00550E-05
 3.07044E-01  1.07044E-01  4.19526E-01  1.00000E+00  1.00000E+00  6.00550E-05
 3.07044E-01  1.40377E-01  4.05778E-01  1.00000E+00  1.00000E+00  6.00550E-05
 3.07044E-01  1.73711E-01  3.75436E-01  1.00000E+00  1.00000E+00  6.00550E-05
 3.07044E-01  2.07044E-01  3.32269E-01  1.00000E+00  1.00000E+00  6.00550E-05
 3.07044E-01  2.40377E-01  2.81275E-01  1.00000E+00  1.00000E+00  6.00550E-05
 3.07044E-01  2.73711E-01  2.27736E-01  1.00000E+00  1.00000E+00  6.00550E-05
 3.07044E-01  3.07044E-01  1.76343E-01  1.00000E+00  1.00000E+00  6.00550E-05
 3.07044E-01  3.40377E-01  1.30579E-01  1.00000E+00  1.00000E+00  6.00550E-05
 3.07044E-01  3.73711E-01  9.24494E-02  1.00000E+00  1.00000E+00  6.00550E-05
 3.07044E-01  4.07044E-01  6.25685E-02  1.00000E+00  1.00000E+00  6.00550E-05
 3.07044E-01  4.40377E-01  4.04991E-02  1.00000E+00  1.00000E+00  6.00550E-05
 3.07044E-01  4.73711E-01  2.50918E-02  1.00000E+00  1.00000E+00  6.00550E-05
 3.07044E-01  5.07044E-01  1.47741E-02  1.00000E+00  1.00000E+00  6.00550E-05
 3.07044E-01  5.40377E-01  8.09173E-03  1.00000E+00  1.00000E+00  6.00550E-05
 3.07044E-01  5.73711E-01  4.36922E-03  1.00000E+00  1.00000E+00  6.00550E-05
 3.07044E-01  6.07044E-01  3.64285E-03  1.00000E+00  1.00000E+00  6.00550E-05
 3.07044E-01  6.40377E-01  5.91616E-03  1.00000E+00  1.00000E+00  6.00550E-05
 3.07044E-01  6.73711E-01  1.10431E-02  1.00000E+00  1.00000E+00  6.00550E-05
 3.07044E-01  7.07044E-01  1.93665E-02  1.00000E+00  1.00000E+00  6.00550E-05
 3.07044E-01  7.40377E-01  3.20383E-02  1.00000E+00  1.00000E+00  6.00550E-05
 3.07044E-01  7.73711E-01  5.06141E-02  1.00000E+00  1.00000E+00  6.00550E-05
 3.07044E-01  8.07044E-01  7.64823E-02  1.00000E+00  1.00000E+00  6.00550E-05
 3.07044E-01  8.40377E-01  1.10491E-01  1.00000E+00  1.00000E+00  6.00550E-05
 3.07044E-01  8.73711E-01  1.52606E-01  1.00000E+00  1.00000E+00  6.00550E-05
 3.07044E-01  9.07044E-01  2.01544E-01  1.00000E+00  1.00000E+00  6.00550E-05
 3.07044E-01  9.40377E-01  2.54544E-01  1.00000E+00  1.00000E+00  6.00550E-05
 3.07044E-01  9.73711E-01  3.07460E-01  1.00000E+00  1.00000E+00  6.00550E-05
 3.40377E-01  7.04416E-03  2.63022E-01  1.00000E+00  1.00000E+00  6.00550E-05
 3.40377E-01  4.03775E-02  2.90652E-01  1.00000E+00  1.00000E+00  6.00550E-05
 3.40377E-01  7.37108E-02  3.07229E-01  1.00000E+00  1.00000E+00  6.00550E-05
 3.40377E-01  1.07044E-01  3.10649E-01  1.00000E+00  1.00000E+00  6.00550E-05
 3.40377E-01  1.40377E-01  3.00470E-01  1.00000E+00  1.00000E+00  6.00550E-05
 3.40377E-01  1.73711E-01  2.78002E-01  1.00000E+00  1.00000E+00  6.00550E-05
 3.40377E-01  2.07044E-01  2.46038E-01  1.00000E+00  1.00000E+00  6.00550E-05
 3.40377E-01  2.40377E-01  2.08278E-01  1.00000E+00  1.00000E+00  6.00550E-05
 3.40377E-01  2.73711E-01  1.68634E-01  1.00000E+00  1.00000E+00  6.00550E-05
 3.40377E-01  3.07044E-01  1.30579E-01  1.00000E+00  1.00000E+00  6.00550E-05
 3.40377E-01  3.40377E-01  9.66922E-02  1.00000E+00  1.00000E+00  6.00550E-05
 3.40377E-01  3.73711E-01  6.84580E-02  1.00000E+00  1.00000E+00  6.00550E-05
 3.40377E-01  4.07044E-01  4.63316E-02  1.00000E+00  1.00000E+00  6.00550E-05
 3.40377E-01  4.40377E-01  2.99896E-02  1.00000E+00  1.00000E+00  6.00550E-05
 3.40377E-01  4.73711E-01  1.85820E-02  1.00000E+00  1.00000E+00  6.00550E-05
 3.40377E-01  5.07044E-01  1.09426E-02  1.00000E+00  1.00000E+00  6.00550E-05
 3.40377E-01  5.40377E-01  5.99248E-03  1.00000E+00  1.00000E+00  6.00550E-05
 3.40377E-01  5.73711E-01  3.23447E-03  1.00000E+00  1.00000E+00  6.00550E-05
 3.40377E-01  6.07044E-01  2.69851E-03  1.00000E+00  1.00000E+00  6.00550E-05
 3.40377E-01  6.40377E-01  4.38329E-03  1.00000E+00  1.00000E+00  6.00550E-05
 3.40377E-01  6.73711E-01  8.17877E-03  1.00000E+00  1.00000E+00  6.00550E-05
 3.40377E-01  7.07044E-01  1.43414E-02  1.00000E+00  1.00000E+00  6.00550E-05
 3.40377E-01  7.40377E-01  2.37248E-02  1.00000E+00  1.00000E+00  6.00550E-05
 3.40377E-01  7.73711E-01  3.74799E-02  1.00000E+00  1.00000E+00  6.00550E-05
 3.40377E-01  8.07044E-01  5.66347E-02  1.00000E+00  1.00000E+00  6.00550E-05
 3.40377E-01  8.40377E-01  8.18170E-02  1.00000E+00  1.00000E+00  6.00550E-05
 3.40377E-01  8.73711E-01  1.13002E-01  1.00000E+00  1.00000E+00  6.00550E-05
 3.40377E-01  9.07044E-01  1.49239E-01  1.00000E+00  1.00000E+00  6.00550E-05
 3.40377E-01  9.40377E-01  1.88485E-01  1.00000E+00  1.00000E+00  6.00550E-05
 3.40377E-01  9.73711E-01  2.27668E-01  1.00000E+00  1.00000E+00  6.00550E-05
 3.73711E-01  7.04416E-03  1.86217E-01  1.00000E+00  1.00000E+00  6.00550E-05
 3.73711E-01  4.03775E-02  2.05779E-01  1.00000E+00  1.00000E+00  6.00550E-05
 3.73711E-01  7.37108E-02  2.17515E-01  1.00000E+00  1.00000E+00  6.00550E-05
 3.73711E-01  1.07044E-01  2.19936E-01  1.00000E+00  1.00000E+00  6.00550E-05
 3.73711E-01  1.40377E-01  2.12729E-01  1.00000E+00  1.00000E+00  6.00550E-05
 3.73711E-01  1.73711E-01  1.96823E-01  1.00000E+00  1.00000E+00  6.00550E-05
 3.73711E-01  2.07044E-01  1.74193E-01  1.00000E+00  1.00000E+00  6.00550E-05
 3.73711E-01  2.40377E-01  1.47459E-01  1.00000E+00  1.00000E+00  6.00550E-05
 3.73711E-01  2.73711E-01  1.19392E-01  1.00000E+00  1.00000E+00  6.00550E-05
 3.73711E-01  3.07044E-01  9.24494E-02  1.00000E+00  1.00000E+00  6.00550E-05
 3.73711E-01  3.40377E-01  6.84580E-02  1.00000E+00  1.00000E+00  6.00550E-05
 3.73711E-01  3.73711E-01  4.84687E-02  1.00000E+00  1.00000E+00  6.00550E-05
 3.73711E-01  4.07044E-01  3.28031E-02  1.00000E+00  1.00000E+00  6.00550E-05
 3.73711E-01  4.40377E-01  2.12331E-02  1.00000E+00  1.00000E+00  6.00550E-05
 3.73711E-01  4.73711E-01  1.31578E-02  1.00000E+00  1.00000E+00  6.00550E-05
 3.73711E-01  5.07044E-01  7.74969E-03  1.00000E+00  1.00000E+00  6.00550E-05
 3.73711E-01  5.40377E-01  4.24325E-03  1.00000E+00  1.00000E+00  6.00550E-05
 3.73711E-01  5.73711E-01  2.28918E-03  1.00000E+00  1.00000E+00  6.00550E-05
 3.73711E-01  6.07044E-01  1.91149E-03  1.00000E+00  1.00000E+00  6.00550E-05
 3.73711E-01  6.40377E-01  3.10560E-03  1.00000E+00  1.00000E+00  6.00550E-05
 3.73711E-01  6.73711E-01  5.79193E-03  1.00000E+00  1.00000E+00  6.00550E-05
 3.73711E-01  7.07044E-01  1.01543E-02  1.00000E+00  1.00000E+00  6.00550E-05
 3.73711E-01  7.40377E-01  1.67978E-02  1.00000E+00  1.00000E+00  6.00550E-05
 3.73711E-01  7.73711E-01  2.65365E-02  1.00000E+00  1.00000E+00  6.00550E-05
 3.73711E-01  8.07044E-01  4.00978E-02  1.00000E+00  1.00000E+00  6.00550E-05
 3.73711E-01  8.40377E-01  5.79264E-02  1.00000E+00  1.00000E+00  6.00550E-05
 3.73711E-01  8.73711E-01  8.00053E-02  1.00000E+00  1.00000E+00  6.00550E-05
 3.73711E-01  9.07044E-01  1.05660E-01  1.00000E+00  1.00000E+00  6.00550E-05
 3.73711E-01  9.40377E-01  1.33445E-01  1.00000E+00  1.00000E+00  6.00550E-05
 3.73711E-01  9.73711E-01  1.61187E-01  1.00000E+00  1.00000E+00  6.00550E-05
 4.07044E-01  7.04416E-03  1.26029E-01  1.00000E+00  1.00000E+00  6.00550E-05
 4.07044E-01  4.03775E-02  1.39268E-01  1.00000E+00  1.00000E+00  6.00550E-05
 4.07044E-01  7.37108E-02  1.47211E-01  1.00000E+00  1.00000E+00  6.00550E-05
 4.07044E-01  1.07044E-01  1.48850E-01  1.00000E+00  1.00000E+00  6.00550E-05
 4.07044E-01  1.40377E-01  1.43972E-01  1.00000E+00  1.00000E+00  6.00550E-05
 4.07044E-01  1.73711E-01  1.33207E-01  1.00000E+00  1.00000E+00  6.00550E-05
 4.07044E-01  2.07044E-01  1.17891E-01  1.00000E+00  1.00000E+00  6.00550E-05
 4.07044E-01  2.40377E-01  9.97986E-02  1.00000E+00  1.00000E+00  6.00550E-05
 4.07044E-01  2.73711E-01  8.08028E-02  1.00000E+00  1.00000E+00  6.00550E-05
 4.07044E-01  3.07044E-01  6.25685E-02  1.00000E+00  1.00000E+00  6.00550E-05
 4.07044E-01  3.40377E-01  4.63316E-02  1.00000E+00  1.00000E+00  6.00550E-05
 4.07044E-01  3.73711E-01  3.28031E-02  1.00000E+00  1.00000E+00  6.00550E-05
 4.07044E-01  4.07044E-01  2.22005E-02  1.00000E+00  1.00000E+00  6.00550E-05
 4.07044E-01  4.40377E-01  1.43702E-02  1.00000E+00  1.00000E+00  6.00550E-05
 4.07044E-01  4.73711E-01  8.90599E-03  1.00000E+00  1.00000E+00  6.00550E-05
 4.07044E-01  5.07044E-01  5.24647E-03  1.00000E+00  1.00000E+00  6.00550E-05
 4.07044E-01  5.40377E-01  2.87185E-03  1.00000E+00  1.00000E+00  6.00550E-05
 4.07044E-01  5.73711E-01  1.54823E-03  1.00000E+00  1.00000E+00  6.00550E-05
 4.07044E-01  6.07044E-01  1.29420E-03  1.00000E+00  1.00000E+00  6.00550E-05
 4.07044E-01  6.40377E-01  2.10342E-03  1.00000E+00  1.00000E+00  6.00550E-05
 4.07044E-01  6.73711E-01  3.92064E-03  1.00000E+00  1.00000E+00  6.00550E-05
 4.07044E-01  7.07044E-01  6.87230E-03  1.00000E+00  1.00000E+00  6.00550E-05
 4.07044E-01  7.40377E-01  1.13686E-02  1.00000E+00  1.00000E+00  6.00550E-05
 4.07044E-01  7.73711E-01  1.79597E-02  1.00000E+00  1.00000E+00  6.00550E-05
 4.07044E-01  8.07044E-01  2.71377E-02  1.00000E+00  1.00000E+00  6.00550E-05
 4.07044E-01  8.40377E-01  3.92038E-02  1.00000E+00  1.00000E+00  6.00550E-05
 4.07044E-01  8.73711E-01  5.41464E-02  1.00000E+00  1.00000E+00  6.00550E-05
 4.07044E-01  9.07044E-01  7.15095E-02  1.00000E+00  1.00000E+00  6.00550E-05
 4.07044E-01  9.40377E-01  9.03140E-02  1.00000E+00  1.00000E+00  6.00550E-05
 4.07044E-01  9.73711E-01  1.09089E-01  1.00000E+00  1.00000E+00  6.00550E-05
 4.40377E-01  7.04416E-03  8.15743E-02  1.00000E+00  1.00000E+00  6.00550E-05
 4.40377E-01  4.03775E-02  9.01434E-02  1.00000E+00  1.00000E+00  6.00550E-05
 4.40377E-01  7.37108E-02  9.52846E-02  1.00000E+00  1.00000E+00  6.00550E-05
 4.40377E-01  1.07044E-01  9.63453E-02  1.00000E+00  1.00000E+00  6.00550E-05
 4.40377E-01  1.40377E-01  9.31882E-02  1.00000E+00  1.00000E+00  6.00550E-05
 4.40377E-01  1.73711E-01  8.62203E-02  1.00000E+00  1.00000E+00  6.00550E-05
 4.40377E-01  2.07044E-01  7.63071E-02  1.00000E+00  1.00000E+00  6.00550E-05
 4.40377E-01  2.40377E-01  6.45965E-02  1.00000E+00  1.00000E+00  6.00550E-05
 4.40377E-01  2.73711E-01  5.23014E-02  1.00000E+00  1.00000E+00  6.00550E-05
 4.40377E-01  3.07044E-01  4.04991E-02  1.00000E+00  1.00000E+00  6.00550E-05
 4.40377E-01  3.40377E-01  2.99896E-02  1.00000E+00  1.00000E+00  6.00550E-05
 4.40377E-01  3.73711E-01  2.12331E-02  1.00000E+00  1.00000E+00  6.00550E-05
 4.40377E-01  4.07044E-01  1.43702E-02  1.00000E+00  1.00000E+00  6.00550E-05
 4.40377E-01  4.40377E-01  9.30185E-03  1.00000E+00  1.00000E+00  6.00550E-05
 4.40377E-01  4.73711E-01  5.76591E-03  1.00000E+00  1.00000E+00  6.00550E-05
 4.40377E-01  5.07044E-01  3.39763E-03  1.00000E+00  1.00000E+00  6.00550E-05
 4.40377E-01  5.40377E-01  1.85921E-03  1.00000E+00  1.00000E+00  6.00550E-05
 4.40377E-01  5.73711E-01  1.00149E-03  1.00000E+00  1.00000E+00  6.00550E-05
 4.40377E-01  6.07044E-01  8.38387E-04  1.00000E+00  1.00000E+00  6.00550E-05
 4.40377E-01  6.40377E-01  1.36308E-03  1.00000E+00  1.00000E+00  6.00550E-05
 4.40377E-01  6.73711E-01  2.53868E-03  1.00000E+00  1.00000E+00  6.00550E-05
 4.40377E-01  7.07044E-01  4.44870E-03  1.00000E+00  1.00000E+00  6.00550E-05
 4.40377E-01  7.40377E-01  7.35913E-03  1.00000E+00  1.00000E+00  6.00550E-05
 4.40377E-01  7.73711E-01  1.16255E-02  1.00000E+00  1.00000E+00  6.00550E-05
 4.40377E-01  8.07044E-01  1.75660E-02  1.00000E+00  1.00000E+00  6.00550E-05
 4.40377E-01  8.40377E-01  2.53759E-02  1.00000E+00  1.00000E+00  6.00550E-05
 4.40377E-01  8.73711E-01  3.50477E-02  1.00000E+00  1.00000E+00  6.00550E-05
 4.40377E-01  9.07044E-01  4.62861E-02  1.00000E+00  1.00000E+00  6.00550E-05
 4.40377E-01  9.40377E-01  5.84574E-02  1.00000E+00  1.00000E+00  6.00550E-05
 4.40377E-01  9.73711E-01  7.06096E-02  1.00000E+00  1.00000E+00  6.00550E-05
 4.73711E-01  7.04416E-03  5.05333E-02  1.00000E+00  1.00000E+00  6.00550E-05
 4.73711E-01  4.03775E-02  5.58407E-02  1.00000E+00  1.00000E+00  6.00550E-05
 4.73711E-01  7.37108E-02  5.90250E-02  1.00000E+00  1.00000E+00  6.00550E-05
 4.73711E-01  1.07044E-01  5.96820E-02  1.00000E+00  1.00000E+00  6.00550E-05
 4.73711E-01  1.40377E-01  5.77266E-02  1.00000E+00  1.00000E+00  6.00550E-05
 4.73711E-01  1.73711E-01  5.34109E-02  1.00000E+00  1.00000E+00  6.00550E-05
 4.73711E-01  2.07044E-01  4.72710E-02  1.00000E+00  1.00000E+00  6.00550E-05
 4.73711E-01  2.40377E-01  4.00177E-02  1.00000E+00  1.00000E+00  6.00550E-05
 4.73711E-01  2.73711E-01  3.24022E-02  1.00000E+00  1.00000E+00  6.00550E-05
 4.73711E-01  3.07044E-01  2.50918E-02  1.00000E+00  1.00000E+00  6.00550E-05
 4.73711E-01  3.40377E-01  1.85820E-02  1.00000E+00  1.00000E+00  6.00550E-05
 4.73711E-01  3.73711E-01  1.31578E-02  1.00000E+00  1.00000E+00  6.00550E-05
 4.73711E-01  4.07044E-01  8.90599E-03  1.00000E+00  1.00000E+00  6.00550E-05
 4.73711E-01  4.40377E-01  5.76591E-03  1.00000E+00  1.00000E+00  6.00550E-05
 4.73711E-01  4.73711E-01  3.57574E-03  1.00000E+00  1.00000E+00  6.00550E-05
 4.73711E-01  5.07044E-01  2.10843E-03  1.00000E+00  1.00000E+00  6.00550E-05
 4.73711E-01  5.40377E-01  1.15371E-03  1.00000E+00  1.00000E+00  6.00550E-05
 4.73711E-01  5.73711E-01  6.21187E-04  1.00000E+00  1.00000E+00  6.00550E-05
 4.73711E-01  6.07044E-01  5.21124E-04  1.00000E+00  1.00000E+00  6.00550E-05
 4.73711E-01  6.40377E-01  8.47149E-04  1.00000E+00  1.00000E+00  6.00550E-05
 4.73711E-01  6.73711E-01  1.57541E-03  1.00000E+00  1.00000E+00  6.00550E-05
 4.73711E-01  7.07044E-01  2.75877E-03  1.00000E+00  1.00000E+00  6.00550E-05
 4.73711E-01  7.40377E-01  4.56233E-03  1.00000E+00  1.00000E+00  6.00550E-05
 4.73711E-01  7.73711E-01  7.20574E-03  1.00000E+00  1.00000E+00  6.00550E-05
 4.73711E-01  8.07044E-01  1.08860E-02  1.00000E+00  1.00000E+00  6.00550E-05
 4.73711E-01  8.40377E-01  1.57240E-02  1.00000E+00  1.00000E+00  6.00550E-05
 4.73711E-01  8.73711E-01  2.17151E-02  1.00000E+00  1.00000E+00  6.00550E-05
 4.73711E-01  9.07044E-01  2.86763E-02  1.00000E+00  1.00000E+00  6.00550E-05
 4.73711E-01  9.40377E-01  3.62152E-02  1.00000E+00  1.00000E+00  6.00550E-05
 4.73711E-01  9.73711E-01  4.37420E-02  1.00000E+00  1.00000E+00  6.00550E-05
 5.07044E-01  7.04416E-03  2.97469E-02  1.00000E+00  1.00000E+00  6.00550E-05
 5.07044E-01  4.03775E-02  3.28702E-02  1.00000E+00  1.00000E+00  6.00550E-05
 5.07044E-01  7.37108E-02  3.47441E-02  1.00000E+00  1.00000E+00  6.00550E-05
 5.07044E-01  1.07044E-01  3.51307E-02  1.00000E+00  1.00000E+00  6.00550E-05
 5.07044E-01  1.40377E-01  3.39800E-02  1.00000E+00  1.00000E+00  6.00550E-05
 5.07044E-01  1.73711E-01  3.14404E-02  1.00000E+00  1.00000E+00  6.00550E-05
 5.07044E-01  2.07044E-01  2.78271E-02  1.00000E+00  1.00000E+00  6.00550E-05
 5.07044E-01  2.40377E-01  2.35585E-02  1.00000E+00  1.00000E+00  6.00550E-05
 5.07044E-01  2.73711E-01  1.90766E-02  1.00000E+00  1.00000E+00  6.00550E-05
 5.07044E-01  3.07044E-01  1.47741E-02  1.00000E+00  1.00000E+00  6.00550E-05
 5.07044E-01  3.40377E-01  1.09426E-02  1.00000E+00  1.00000E+00  6.00550E-05
 5.07044E-01  3.73711E-01  7.74969E-03  1.00000E+00  1.00000E+00  6.00550E-05
 5.07044E-01  4.07044E-01  5.24647E-03  1.00000E+00  1.00000E+00  6.00550E-05
 5.07044E-01  4.40377E-01  3.39763E-03  1.00000E+00  1.00000E+00  6.00550E-05
 5.07044E-01  4.73711E-01  2.10843E-03  1.00000E+00  1.00000E+00  6.00550E-05
 5.07044E-01  5.07044E-01  1.24437E-03  1.00000E+00  1.00000E+00  6.00550E-05
 5.07044E-01  5.40377E-01  6.80902E-04  1.00000E+00  1.00000E+00  6.00550E-05
 5.07044E-01  5.73711E-01  3.66450E-04  1.00000E+00  1.00000E+00  6.00550E-05
 5.07044E-01  6.07044E-01  3.08258E-04  1.00000E+00  1.00000E+00  6.00550E-05
 5.07044E-01  6.40377E-01  5.00977E-04  1.00000E+00  1.00000E+00  6.00550E-05
 5.07044E-01  6.73711E-01  9.29819E-04  1.00000E+00  1.00000E+00  6.00550E-05
 5.07044E-01  7.07044E-01  1.62669E-03  1.00000E+00  1.00000E+00  6.00550E-05
 5.07044E-01  7.40377E-01  2.68898E-03  1.00000E+00  1.00000E+00  6.00550E-05
 5.07044E-01  7.73711E-01  4.24559E-03  1.00000E+00  1.00000E+00  6.00550E-05
 5.07044E-01  8.07044E-01  6.41225E-03  1.00000E+00  1.00000E+00  6.00550E-05
 5.07044E-01  8.40377E-01  9.26017E-03  1.00000E+00  1.00000E+00  6.00550E-05
 5.07044E-01  8.73711E-01  1.27865E-02  1.00000E+00  1.00000E+00  6.00550E-05
 5.07044E-01  9.07044E-01  1.68837E-02  1.00000E+00  1.00000E+00  6.00550E-05
 5.07044E-01  9.40377E-01  2.13206E-02  1.00000E+00  1.00000E+00  6.00550E-05
 5.07044E-01  9.73711E-01  2.57502E-02  1.00000E+00  1.00000E+00  6.00550E-05
 5.40377E-01  7.04416E-03  1.62963E-02  1.00000E+00  1.00000E+00  6.00550E-05
 5.40377E-01  4.03775E-02  1.80080E-02  1.00000E+00  1.00000E+00  6.00550E-05
 5.40377E-01  7.37108E-02  1.90349E-02  1.00000E+00  1.00000E+00  6.00550E-05
 5.40377E-01  1.07044E-01  1.92468E-02  1.00000E+00  1.00000E+00  6.00550E-05
 5.40377E-01  1.40377E-01  1.86162E-02  1.00000E+00  1.00000E+00  6.00550E-05
 5.40377E-01  1.73711E-01  1.72244E-02  1.00000E+00  1.00000E+00  6.00550E-05
 5.40377E-01  2.07044E-01  1.52443E-02  1.00000E+00  1.00000E+00  6.00550E-05
 5.40377E-01  2.40377E-01  1.29052E-02  1.00000E+00  1.00000E+00  6.00550E-05
 5.40377E-01  2.73711E-01  1.04493E-02  1.00000E+00  1.00000E+00  6.00550E-05
 5.40377E-01  3.07044E-01  8.09173E-03  1.00000E+00  1.00000E+00  6.00550E-05
 5.40377E-01  3.40377E-01  5.99248E-03  1.00000E+00  1.00000E+00  6.00550E-05
 5.40377E-01  3.73711E-01  4.24325E-03  1.00000E+00  1.00000E+00  6.00550E-05
 5.40377E-01  4.07044E-01  2.87185E-03  1.00000E+00  1.00000E+00  6.00550E-05
 5.40377E-01  4.40377E-01  1.85921E-03  1.00000E+00  1.00000E+00  6.00550E-05
 5.40377E-01  4.73711E-01  1.15371E-03  1.00000E+00  1.00000E+00  6.00550E-05
 5.40377E-01  5.07044E-01  6.80902E-04  1.00000E+00  1.00000E+00  6.00550E-05
 5.40377E-01  5.40377E-01  3.71981E-04  1.00000E+00  1.00000E+00  6.00550E-05
 5.40377E-01  5.73711E-01  1.99689E-04  1.00000E+00  1.00000E+00  6.00550E-05
 5.40377E-01  6.07044E-01  1.68438E-04  1.00000E+00  1.00000E+00  6.00550E-05
 5.40377E-01  6.40377E-01  2.74131E-04  1.00000E+00  1.00000E+00  6.00550E-05
 5.40377E-01  6.73711E-01  5.08429E-04  1.00000E+00  1.00000E+00  6.00550E-05
 5.40377E-01  7.07044E-01  8.89592E-04  1.00000E+00  1.00000E+00  6.00550E-05
 5.40377E-01  7.40377E-01  1.47124E-03  1.00000E+00  1.00000E+00  6.00550E-05
 5.40377E-01  7.73711E-01  2.32375E-03  1.00000E+00  1.00000E+00  6.00550E-05
 5.40377E-01  8.07044E-01  3.51052E-03  1.00000E+00  1.00000E+00  6.00550E-05
 5.40377E-01  8.40377E-01  5.07066E-03  1.00000E+00  1.00000E+00  6.00550E-05
 5.40377E-01  8.73711E-01  7.00268E-03  1.00000E+00  1.00000E+00  6.00550E-05
 5.40377E-01  9.07044E-01  9.24759E-03  1.00000E+00  1.00000E+00  6.00550E-05
 5.40377E-01  9.40377E-01  1.16788E-02  1.00000E+00  1.00000E+00  6.00550E-05
 5.40377E-01  9.73711E-01  1.41062E-02  1.00000E+00  1.00000E+00  6.00550E-05
 5.73711E-01  7.04416E-03  8.80617E-03  1.00000E+00  1.00000E+00  6.00550E-05
 5.73711E-01  4.03775E-02  9.73203E-03  1.00000E+00  1.00000E+00  6.00550E-05
 5.73711E-01  7.37108E-02  1.02875E-02  1.00000E+00  1.00000E+00  6.00550E-05
 5.73711E-01  1.07044E-01  1.04022E-02  1.00000E+00  1.00000E+00  6.00550E-05
 5.73711E-01  1.40377E-01  1.00611E-02  1.00000E+00  1.00000E+00  6.00550E-05
 5.73711E-01  1.73711E-01  9.30820E-03  1.00000E+00  1.00000E+00  6.00550E-05
 5.73711E-01  2.07044E-01  8.23719E-03  1.00000E+00  1.00000E+00  6.00550E-05
 5.73711E-01  2.40377E-01  6.97207E-03  1.00000E+00  1.00000E+00  6.00550E-05
 5.73711E-01  2.73711E-01  5.64393E-03  1.00000E+00  1.00000E+00  6.00550E-05
 5.73711E-01  3.07044E-01  4.36922E-03  1.00000E+00  1.00000E+00  6.00550E-05
 5.73711E-01  3.40377E-01  3.23447E-03  1.00000E+00  1.00000E+00  6.00550E-05
 5.73711E-01  3.73711E-01  2.28918E-03  1.00000E+00  1.00000E+00  6.00550E-05
 5.73711E-01  4.07044E-01  1.54823E-03  1.00000E+00  1.00000E+00  6.00550E-05
 5.73711E-01  4.40377E-01  1.00149E-03  1.00000E+00  1.00000E+00  6.00550E-05
 5.73711E-01  4.73711E-01  6.21187E-04  1.00000E+00  1.00000E+00  6.00550E-05
 5.73711E-01  5.07044E-01  3.66450E-04  1.00000E+00  1.00000E+00  6.00550E-05
 5.73711E-01  5.40377E-01  1.99689E-04  1.00000E+00  1.00000E+00  6.00550E-05
 5.73711E-01  5.73711E-01  1.06862E-04  1.00000E+00  1.00000E+00  6.00550E-05
 5.73711E-01  6.07044E-01  9.04631E-05  1.00000E+00  1.00000E+00  6.00550E-05
 5.73711E-01  6.40377E-01  1.47469E-04  1.00000E+00  1.00000E+00  6.00550E-05
 5.73711E-01  6.73711E-01  2.73326E-04  1.00000E+00  1.00000E+00  6.00550E-05
 5.73711E-01  7.07044E-01  4.78501E-04  1.00000E+00  1.00000E+00  6.00550E-05
 5.73711E-01  7.40377E-01  7.92196E-04  1.00000E+00  1.00000E+00  6.00550E-05
 5.73711E-01  7.73711E-01  1.25236E-03  1.00000E+00  1.00000E+00  6.00550E-05
 5.73711E-01  8.07044E-01  1.89327E-03  1.00000E+00  1.00000E+00  6.00550E-05
 5.73711E-01  8.40377E-01  2.73620E-03  1.00000E+00  1.00000E+00  6.00550E-05
 5.73711E-01  8.73711E-01  3.78045E-03  1.00000E+00  1.00000E+00  6.00550E-05
 5.73711E-01  9.07044E-01  4.99412E-03  1.00000E+00  1.00000E+00  6.00550E-05
 5.73711E-01  9.40377E-01  6.30879E-03  1.00000E+00  1.00000E+00  6.00550E-05
 5.73711E-01  9.73711E-01  7.62156E-03  1.00000E+00  1.00000E+00  6.00550E-05
 6.07044E-01  7.04416E-03  7.33328E-03  1.00000E+00  1.00000E+00  6.00550E-05
 6.07044E-01  4.03775E-02  8.10311E-03  1.00000E+00  1.00000E+00  6.00550E-05
 6.07044E-01  7.37108E-02  8.56499E-03  1.00000E+00  1.00000E+00  6.00550E-05
 6.07044E-01  1.07044E-01  8.66029E-03  1.00000E+00  1.00000E+00  6.00550E-05
 6.07044E-01  1.40377E-01  8.37668E-03  1.00000E+00  1.00000E+00  6.00550E-05
 6.07044E-01  1.73711E-01  7.75072E-03  1.00000E+00  1.00000E+00  6.00550E-05
 6.07044E-01  2.07044E-01  6.86015E-03  1.00000E+00  1.00000E+00  6.00550E-05
 6.07044E-01  2.40377E-01  5.80806E-03  1.00000E+00  1.00000E+00  6.00550E-05
 6.07044E-01  2.73711E-01  4.70336E-03  1.00000E+00  1.00000E+00  6.00550E-05
 6.07044E-01  3.07044E-01  3.64285E-03  1.00000E+00  1.00000E+00  6.00550E-05
 6.07044E-01  3.40377E-01  2.69851E-03  1.00000E+00  1.00000E+00  6.00550E-05
 6.07044E-01  3.73711E-01  1.91149E-03  1.00000E+00  1.00000E+00  6.00550E-05
 6.07044E-01  4.07044E-01  1.29420E-03  1.00000E+00  1.00000E+00  6.00550E-05
 6.07044E-01  4.40377E-01  8.38387E-04  1.00000E+00  1.00000E+00  6.00550E-05
 6.07044E-01  4.73711E-01  5.21124E-04  1.00000E+00  1.00000E+00  6.00550E-05
 6.07044E-01  5.07044E-01  3.08258E-04  1.00000E+00  1.00000E+00  6.00550E-05
 6.07044E-01  5.40377E-01  1.68438E-04  1.00000E+00  1.00000E+00  6.00550E-05
 6.07044E-01  5.73711E-01  9.04631E-05  1.00000E+00  1.00000E+00  6.00550E-05
 6.07044E-01  6.07044E-01  7.68114E-05  1.00000E+00  1.00000E+00  6.00550E-05
 6.07044E-01  6.40377E-01  1.24764E-04  1.00000E+00  1.00000E+00  6.00550E-05
 6.07044E-01  6.73711E-01  2.30223E-04  1.00000E+00  1.00000E+00  6.00550E-05
 6.07044E-01  7.07044E-01  4.01812E-04  1.00000E+00  1.00000E+00  6.00550E-05
 6.07044E-01  7.40377E-01  6.63786E-04  1.00000E+00  1.00000E+00  6.00550E-05
 6.07044E-01  7.73711E-01  1.04761E-03  1.00000E+00  1.00000E+00  6.00550E-05
 6.07044E-01  8.07044E-01  1.58171E-03  1.00000E+00  1.00000E+00  6.00550E-05
 6.07044E-01  8.40377E-01  2.28370E-03  1.00000E+00  1.00000E+00  6.00550E-05
 6.07044E-01  8.73711E-01  3.15291E-03  1.00000E+00  1.00000E+00  6.00550E-05
 6.07044E-01  9.07044E-01  4.16278E-03  1.00000E+00  1.00000E+00  6.00550E-05
 6.07044E-01  9.40377E-01  5.25639E-03  1.00000E+00  1.00000E+00  6.00550E-05
 6.07044E-01  9.73711E-01  6.34820E-03  1.00000E+00  1.00000E+00  6.00550E-05
 6.40377E-01  7.04416E-03  1.19049E-02  1.00000E+00  1.00000E+00  6.00550E-05
 6.40377E-01  4.03775E-02  1.31540E-02  1.00000E+00  1.00000E+00  6.00550E-05
 6.40377E-01  7.37108E-02  1.39034E-02  1.00000E+00  1.00000E+00  6.00550E-05
 6.40377E-01  1.07044E-01  1.40580E-02  1.00000E+00  1.00000E+00  6.00550E-05
 6.40377E-01  1.40377E-01  1.35979E-02  1.00000E+00  1.00000E+00  6.00550E-05
 6.40377E-01  1.73711E-01  1.25822E-02  1.00000E+00  1.00000E+00  6.00550E-05
 6.40377E-01  2.07044E-01  1.11372E-02  1.00000E+00  1.00000E+00  6.00550E-05
 6.40377E-01  2.40377E-01  9.42999E-03  1.00000E+00  1.00000E+00  6.00550E-05
 6.40377E-01  2.73711E-01  7.63731E-03  1.00000E+00  1.00000E+00  6.00550E-05
 6.40377E-01  3.07044E-01  5.91616E-03  1.00000E+00  1.00000E+00  6.00550E-05
 6.40377E-01  3.40377E-01  4.38329E-03  1.00000E+00  1.00000E+00  6.00550E-05
 6.40377E-01  3.73711E-01  3.10560E-03  1.00000E+00  1.00000E+00  6.00550E-05
 6.40377E-01  4.07044E-01  2.10342E-03  1.00000E+00  1.00000E+00  6.00550E-05
 6.40377E-01  4.40377E-01  1.36308E-03  1.00000E+00  1.00000E+00  6.00550E-05
 6.40377E-01  4.73711E-01  8.47149E-04  1.00000E+00  1.00000E+00  6.00550E-05
 6.40377E-01  5.07044E-01  5.00977E-04  1.00000E+00  1.00000E+00  6.00550E-05
 6.40377E-01  5.40377E-01  2.74131E-04  1.00000E+00  1.00000E+00  6.00550E-05
 6.40377E-01  5.73711E-01  1.47469E-04  1.00000E+00  1.00000E+00  6.00550E-05
 6.40377E-01  6.07044E-01  1.24764E-04  1.00000E+00  1.00000E+00  6.00550E-05
 6.40377E-01  6.40377E-01  2.02563E-04  1.00000E+00  1.00000E+00  6.00550E-05
 6.40377E-01  6.73711E-01  3.74379E-04  1.00000E+00  1.00000E+00  6.00550E-05
 6.40377E-01  7.07044E-01  6.53587E-04  1.00000E+00  1.00000E+00  6.00550E-05
 6.40377E-01  7.40377E-01  1.07933E-03  1.00000E+00  1.00000E+00  6.00550E-05
 6.40377E-01  7.73711E-01  1.70282E-03  1.00000E+00  1.00000E+00  6.00550E-05
 6.40377E-01  8.07044E-01  2.57021E-03  1.00000E+00  1.00000E+00  6.00550E-05
 6.40377E-01  8.40377E-01  3.70998E-03  1.00000E+00  1.00000E+00  6.00550E-05
 6.40377E-01  8.73711E-01  5.12096E-03  1.00000E+00  1.00000E+00  6.00550E-05
 6.40377E-01  9.07044E-01  6.76003E-03  1.00000E+00  1.00000E+00  6.00550E-05
 6.40377E-01  9.40377E-01  8.53480E-03  1.00000E+00  1.00000E+00  6.00550E-05
 6.40377E-01  9.73711E-01  1.03065E-02  1.00000E+00  1.00000E+00  6.00550E-05
 6.73711E-01  7.04416E-03  2.22369E-02  1.00000E+00  1.00000E+00  6.00550E-05
 6.73711E-01  4.03775E-02  2.45720E-02  1.00000E+00  1.00000E+00  6.00550E-05
 6.73711E-01  7.37108E-02  2.59730E-02  1.00000E+00  1.00000E+00  6.00550E-05
 6.73711E-01  1.07044E-01  2.62621E-02  1.00000E+00  1.00000E+00  6.00550E-05
 6.73711E-01  1.40377E-01  2.54018E-02  1.00000E+00  1.00000E+00  6.00550E-05
 6.73711E-01  1.73711E-01  2.35030E-02  1.00000E+00  1.00000E+00  6.00550E-05
 6.73711E-01  2.07044E-01  2.08017E-02  1.00000E+00  1.00000E+00  6.00550E-05
 6.73711E-01  2.40377E-01  1.76104E-02  1.00000E+00  1.00000E+00  6.00550E-05
 6.73711E-01  2.73711E-01  1.42596E-02  1.00000E+00  1.00000E+00  6.00550E-05
 6.73711E-01  3.07044E-01  1.10431E-02  1.00000E+00  1.00000E+00  6.00550E-05
 6.73711E-01  3.40377E-01  8.17877E-03  1.00000E+00  1.00000E+00  6.00550E-05
 6.73711E-01  3.73711E-01  5.79193E-03  1.00000E+00  1.00000E+00  6.00550E-05
 6.73711E-01  4.07044E-01  3.92064E-03  1.00000E+00  1.00000E+00  6.00550E-05
 6.73711E-01  4.40377E-01  2.53868E-03  1.00000E+00  1.00000E+00  6.00550E-05
 6.73711E-01  4.73711E-01  1.57541E-03  1.00000E+00  1.00000E+00  6.00550E-05
 6.73711E-01  5.07044E-01  9.29819E-04  1.00000E+00  1.00000E+00  6.00550E-05
 6.73711E-01  5.40377E-01  5.08429E-04  1.00000E+00  1.00000E+00  6.00550E-05
 6.73711E-01  5.73711E-01  2.73326E-04  1.00000E+00  1.00000E+00  6.00550E-05
 6.73711E-01  6.07044E-01  2.30223E-04  1.00000E+00  1.00000E+00  6.00550E-05
 6.73711E-01  6.40377E-01  3.74379E-04  1.00000E+00  1.00000E+00  6.00550E-05
 6.73711E-01  6.73711E-01  6.94571E-04  1.00000E+00  1.00000E+00  6.00550E-05
 6.73711E-01  7.07044E-01  1.21515E-03  1.00000E+00  1.00000E+00  6.00550E-05
 6.73711E-01  7.40377E-01  2.00908E-03  1.00000E+00  1.00000E+00  6.00550E-05
 6.73711E-01  7.73711E-01  3.17257E-03  1.00000E+00  1.00000E+00  6.00550E-05
 6.73711E-01  8.07044E-01  4.79212E-03  1.00000E+00  1.00000E+00  6.00550E-05
 6.73711E-01  8.40377E-01  6.92102E-03  1.00000E+00  1.00000E+00  6.00550E-05
 6.73711E-01  8.73711E-01  9.55720E-03  1.00000E+00  1.00000E+00  6.00550E-05
 6.73711E-01  9.07044E-01  1.26202E-02  1.00000E+00  1.00000E+00  6.00550E-05
 6.73711E-01  9.40377E-01  1.59372E-02  1.00000E+00  1.00000E+00  6.00550E-05
 6.73711E-01  9.73711E-01  1.92489E-02  1.00000E+00  1.00000E+00  6.00550E-05
 7.07044E-01  7.04416E-03  3.90070E-02  1.00000E+00  1.00000E+00  6.00550E-05
 7.07044E-01  4.03775E-02  4.31044E-02  1.00000E+00  1.00000E+00  6.00550E-05
 7.07044E-01  7.37108E-02  4.55627E-02  1.00000E+00  1.00000E+00  6.00550E-05
 7.07044E-01  1.07044E-01  4.60699E-02  1.00000E+00  1.00000E+00  6.00550E-05
 7.07044E-01  1.40377E-01  4.45603E-02  1.00000E+00  1.00000E+00  6.00550E-05
 7.07044E-01  1.73711E-01  4.12286E-02  1.00000E+00  1.00000E+00  6.00550E-05
 7.07044E-01  2.07044E-01  3.64885E-02  1.00000E+00  1.00000E+00  6.00550E-05
 7.07044E-01  2.40377E-01  3.08890E-02  1.00000E+00  1.00000E+00  6.00550E-05
 7.07044E-01  2.73711E-01  2.50099E-02  1.00000E+00  1.00000E+00  6.00550E-05
 7.07044E-01  3.07044E-01  1.93665E-02  1.00000E+00  1.00000E+00  6.00550E-05
 7.07044E-01  3.40377E-01  1.43414E-02  1.00000E+00  1.00000E+00  6.00550E-05
 7.07044E-01  3.73711E-01  1.01543E-02  1.00000E+00  1.00000E+00  6.00550E-05
 7.07044E-01  4.07044E-01  6.87230E-03  1.00000E+00  1.00000E+00  6.00550E-05
 7.07044E-01  4.40377E-01  4.44870E-03  1.00000E+00  1.00000E+00  6.00550E-05
 7.07044E-01  4.73711E-01  2.75877E-03  1.00000E+00  1.00000E+00  6.00550E-05
 7.07044E-01  5.07044E-01  1.62669E-03  1.00000E+00  1.00000E+00  6.00550E-05
 7.07044E-01  5.40377E-01  8.89592E-04  1.00000E+00  1.00000E+00  6.00550E-05
 7.07044E-01  5.73711E-01  4.78501E-04  1.00000E+00  1.00000E+00  6.00550E-05
 7.07044E-01  6.07044E-01  4.01812E-04  1.00000E+00  1.00000E+00  6.00550E-05
 7.07044E-01  6.40377E-01  6.53587E-04  1.00000E+00  1.00000E+00  6.00550E-05
 7.07044E-01  6.73711E-01  1.21515E-03  1.00000E+00  1.00000E+00  6.00550E-05
 7.07044E-01  7.07044E-01  2.12801E-03  1.00000E+00  1.00000E+00  6.00550E-05
 7.07044E-01  7.40377E-01  3.51986E-03  1.00000E+00  1.00000E+00  6.00550E-05
 7.07044E-01  7.73711E-01  5.56008E-03  1.00000E+00  1.00000E+00  6.00550E-05
 7.07044E-01  8.07044E-01  8.40067E-03  1.00000E+00  1.00000E+00  6.00550E-05
 7.07044E-01  8.40377E-01  1.21351E-02  1.00000E+00  1.00000E+00  6.00550E-05
 7.07044E-01  8.73711E-01  1.67598E-02  1.00000E+00  1.00000E+00  6.00550E-05
 7.07044E-01  9.07044E-01  2.21336E-02  1.00000E+00  1.00000E+00  6.00550E-05
 7.07044E-01  9.40377E-01  2.79534E-02  1.00000E+00  1.00000E+00  6.00550E-05
 7.07044E-01  9.73711E-01  3.37641E-02  1.00000E+00  1.00000E+00  6.00550E-05
 7.40377E-01  7.04416E-03  6.45311E-02  1.00000E+00  1.00000E+00  6.00550E-05
 7.40377E-01  4.03775E-02  7.13097E-02  1.00000E+00  1.00000E+00  6.00550E-05
 7.40377E-01  7.37108E-02  7.53766E-02  1.00000E+00  1.00000E+00  6.00550E-05
 7.40377E-01  1.07044E-01  7.62157E-02  1.00000E+00  1.00000E+00  6.00550E-05
 7.40377E-01  1.40377E-01  7.37183E-02  1.00000E+00  1.00000E+00  6.00550E-05
 7.40377E-01  1.73711E-01  6.82063E-02  1.00000E+00  1.00000E+00  6.00550E-05
 7.40377E-01  2.07044E-01  6.03645E-02  1.00000E+00  1.00000E+00  6.00550E-05
 7.40377E-01  2.40377E-01  5.11008E-02  1.00000E+00  1.00000E+00  6.00550E-05
 7.40377E-01  2.73711E-01  4.13746E-02  1.00000E+00  1.00000E+00  6.00550E-05
 7.40377E-01  3.07044E-01  3.20383E-02  1.00000E+00  1.00000E+00  6.00550E-05
 7.40377E-01  3.40377E-01  2.37248E-02  1.00000E+00  1.00000E+00  6.00550E-05
 7.40377E-01  3.73711E-01  1.67978E-02  1.00000E+00  1.00000E+00  6.00550E-05
 7.40377E-01  4.07044E-01  1.13686E-02  1.00000E+00  1.00000E+00  6.00550E-05
 7.40377E-01  4.40377E-01  7.35913E-03  1.00000E+00  1.00000E+00  6.00550E-05
 7.40377E-01  4.73711E-01  4.56233E-03  1.00000E+00  1.00000E+00  6.00550E-05
 7.40377E-01  5.07044E-01  2.68898E-03  1.00000E+00  1.00000E+00  6.00550E-05
 7.40377E-01  5.40377E-01  1.47124E-03  1.00000E+00  1.00000E+00  6.00550E-05
 7.40377E-01  5.73711E-01  7.92196E-04  1.00000E+00  1.00000E+00  6.00550E-05
 7.40377E-01  6.07044E-01  6.63786E-04  1.00000E+00  1.00000E+00  6.00550E-05
 7.40377E-01  6.40377E-01  1.07933E-03  1.00000E+00  1.00000E+00  6.00550E-05
 7.40377E-01  6.73711E-01  2.00908E-03  1.00000E+00  1.00000E+00  6.00550E-05
 7.40377E-01  7.07044E-01  3.51986E-03  1.00000E+00  1.00000E+00  6.00550E-05
 7.40377E-01  7.40377E-01  5.82234E-03  1.00000E+00  1.00000E+00  6.00550E-05
 7.40377E-01  7.73711E-01  9.19742E-03  1.00000E+00  1.00000E+00  6.00550E-05
 7.40377E-01  8.07044E-01  1.38968E-02  1.00000E+00  1.00000E+00  6.00550E-05
 7.40377E-01  8.40377E-01  2.00750E-02  1.00000E+00  1.00000E+00  6.00550E-05
 7.40377E-01  8.73711E-01  2.77259E-02  1.00000E+00  1.00000E+00  6.00550E-05
 7.40377E-01  9.07044E-01  3.66161E-02  1.00000E+00  1.00000E+00  6.00550E-05
 7.40377E-01  9.40377E-01  4.62444E-02  1.00000E+00  1.00000E+00  6.00550E-05
 7.40377E-01  9.73711E-01  5.58574E-02  1.00000E+00  1.00000E+00  6.00550E-05
 7.73711E-01  7.04416E-03  1.01948E-01  1.00000E+00  1.00000E+00  6.00550E-05
 7.73711E-01  4.03775E-02  1.12657E-01  1.00000E+00  1.00000E+00  6.00550E-05
 7.73711E-01  7.37108E-02  1.19082E-01  1.00000E+00  1.00000E+00  6.00550E-05
 7.73711E-01  1.07044E-01  1.20407E-01  1.00000E+00  1.00000E+00  6.00550E-05
 7.73711E-01  1.40377E-01  1.16462E-01  1.00000E+00  1.00000E+00  6.00550E-05
 7.73711E-01  1.73711E-01  1.07754E-01  1.00000E+00  1.00000E+00  6.00550E-05
 7.73711E-01  2.07044E-01  9.53649E-02  1.00000E+00  1.00000E+00  6.00550E-05
 7.73711E-01  2.40377E-01  8.07297E-02  1.00000E+00  1.00000E+00  6.00550E-05
 7.73711E-01  2.73711E-01  6.53639E-02  1.00000E+00  1.00000E+00  6.00550E-05
 7.73711E-01  3.07044E-01  5.06141E-02  1.00000E+00  1.00000E+00  6.00550E-05
 7.73711E-01  3.40377E-01  3.74799E-02  1.00000E+00  1.00000E+00  6.00550E-05
 7.73711E-01  3.73711E-01  2.65365E-02  1.00000E+00  1.00000E+00  6.00550E-05
 7.73711E-01  4.07044E-01  1.79597E-02  1.00000E+00  1.00000E+00  6.00550E-05
 7.73711E-01  4.40377E-01  1.16255E-02  1.00000E+00  1.00000E+00  6.00550E-05
 7.73711E-01  4.73711E-01  7.20574E-03  1.00000E+00  1.00000E+00  6.00550E-05
 7.73711E-01  5.07044E-01  4.24559E-03  1.00000E+00  1.00000E+00  6.00550E-05
 7.73711E-01  5.40377E-01  2.32375E-03  1.00000E+00  1.00000E+00  6.00550E-05
 7.73711E-01  5.73711E-01  1.25236E-03  1.00000E+00  1.00000E+00  6.00550E-05
 7.73711E-01  6.07044E-01  1.04761E-03  1.00000E+00  1.00000E+00  6.00550E-05
 7.73711E-01  6.40377E-01  1.70282E-03  1.00000E+00  1.00000E+00  6.00550E-05
 7.73711E-01  6.73711E-01  3.17257E-03  1.00000E+00  1.00000E+00  6.00550E-05
 7.73711E-01  7.07044E-01  5.56008E-03  1.00000E+00  1.00000E+00  6.00550E-05
 7.73711E-01  7.40377E-01  9.19742E-03  1.00000E+00  1.00000E+00  6.00550E-05
 7.73711E-01  7.73711E-01  1.45293E-02  1.00000E+00  1.00000E+00  6.00550E-05
 7.73711E-01  8.07044E-01  2.19536E-02  1.00000E+00  1.00000E+00  6.00550E-05
 7.73711E-01  8.40377E-01  3.17140E-02  1.00000E+00  1.00000E+00  6.00550E-05
 7.73711E-01  8.73711E-01  4.38013E-02  1.00000E+00  1.00000E+00  6.00550E-05
 7.73711E-01  9.07044E-01  5.78464E-02  1.00000E+00  1.00000E+00  6.00550E-05
 7.73711E-01  9.40377E-01  7.30575E-02  1.00000E+00  1.00000E+00  6.00550E-05
 7.73711E-01  9.73711E-01  8.82446E-02  1.00000E+00  1.00000E+00  6.00550E-05
 8.07044E-01  7.04416E-03  1.54055E-01  1.00000E+00  1.00000E+00  6.00550E-05
 8.07044E-01  4.03775E-02  1.70238E-01  1.00000E+00  1.00000E+00  6.00550E-05
 8.07044E-01  7.37108E-02  1.79947E-01  1.00000E+00  1.00000E+00  6.00550E-05
 8.07044E-01  1.07044E-01  1.81950E-01  1.00000E+00  1.00000E+00  6.00550E-05
 8.07044E-01  1.40377E-01  1.75988E-01  1.00000E+00  1.00000E+00  6.00550E-05
 8.07044E-01  1.73711E-01  1.62829E-01  1.00000E+00  1.00000E+00  6.00550E-05
 8.07044E-01  2.07044E-01  1.44107E-01  1.00000E+00  1.00000E+00  6.00550E-05
 8.07044E-01  2.40377E-01  1.21991E-01  1.00000E+00  1.00000E+00  6.00550E-05
 8.07044E-01  2.73711E-01  9.87713E-02  1.00000E+00  1.00000E+00  6.00550E-05
 8.07044E-01  3.07044E-01  7.64823E-02  1.00000E+00  1.00000E+00  6.00550E-05
 8.07044E-01  3.40377E-01  5.66347E-02  1.00000E+00  1.00000E+00  6.00550E-05
 8.07044E-01  3.73711E-01  4.00978E-02  1.00000E+00  1.00000E+00  6.00550E-05
 8.07044E-01  4.07044E-01  2.71377E-02  1.00000E+00  1.00000E+00  6.00550E-05
 8.07044E-01  4.40377E-01  1.75660E-02  1.00000E+00  1.00000E+00  6.00550E-05
 8.07044E-01  4.73711E-01  1.08860E-02  1.00000E+00  1.00000E+00  6.00550E-05
 8.07044E-01  5.07044E-01  6.41225E-03  1.00000E+00  1.00000E+00  6.00550E-05
 8.07044E-01  5.40377E-01  3.51052E-03  1.00000E+00  1.00000E+00  6.00550E-05
 8.07044E-01  5.73711E-01  1.89327E-03  1.00000E+00  1.00000E+00  6.00550E-05
 8.07044E-01  6.07044E-01  1.58171E-03  1.00000E+00  1.00000E+00  6.00550E-05
 8.07044E-01  6.40377E-01  2.57021E-03  1.00000E+00  1.00000E+00  6.00550E-05
 8.07044E-01  6.73711E-01  4.79212E-03  1.00000E+00  1.00000E+00  6.00550E-05
 8.07044E-01  7.07044E-01  8.40067E-03  1.00000E+00  1.00000E+00  6.00550E-05
 8.07044E-01  7.40377E-01  1.38968E-02  1.00000E+00  1.00000E+00  6.00550E-05
 8.07044E-01  7.73711E-01  2.19536E-02  1.00000E+00  1.00000E+00  6.00550E-05
 8.07044E-01  8.07044E-01  3.31726E-02  1.00000E+00  1.00000E+00  6.00550E-05
 8.07044E-01  8.40377E-01  4.79219E-02  1.00000E+00  1.00000E+00  6.00550E-05
 8.07044E-01  8.73711E-01  6.61874E-02  1.00000E+00  1.00000E+00  6.00550E-05
 8.07044E-01  9.07044E-01  8.74115E-02  1.00000E+00  1.00000E+00  6.00550E-05
 8.07044E-01  9.40377E-01  1.10398E-01  1.00000E+00  1.00000E+00  6.00550E-05
 8.07044E-01  9.73711E-01  1.33347E-01  1.00000E+00  1.00000E+00  6.00550E-05
 8.40377E-01  7.04416E-03  2.22559E-01  1.00000E+00  1.00000E+00  6.00550E-05
 8.40377E-01  4.03775E-02  2.45938E-01  1.00000E+00  1.00000E+00  6.00550E-05
 8.40377E-01  7.37108E-02  2.59965E-01  1.00000E+00  1.00000E+00  6.00550E-05
 8.40377E-01  1.07044E-01  2.62859E-01  1.00000E+00  1.00000E+00  6.00550E-05
 8.40377E-01  1.40377E-01  2.54245E-01  1.00000E+00  1.00000E+00  6.00550E-05
 8.40377E-01  1.73711E-01  2.35234E-01  1.00000E+00  1.00000E+00  6.00550E-05
 8.40377E-01  2.07044E-01  2.08188E-01  1.00000E+00  1.00000E+00  6.00550E-05
 8.40377E-01  2.40377E-01  1.76237E-01  1.00000E+00  1.00000E+00  6.00550E-05
 8.40377E-01  2.73711E-01  1.42691E-01  1.00000E+00  1.00000E+00  6.00550E-05
 8.40377E-01  3.07044E-01  1.10491E-01  1.00000E+00  1.00000E+00  6.00550E-05
 8.40377E-01  3.40377E-01  8.18170E-02  1.00000E+00  1.00000E+00  6.00550E-05
 8.40377E-01  3.73711E-01  5.79264E-02  1.00000E+00  1.00000E+00  6.00550E-05
 8.40377E-01  4.07044E-01  3.92038E-02  1.00000E+00  1.00000E+00  6.00550E-05
 8.40377E-01  4.40377E-01  2.53759E-02  1.00000E+00  1.00000E+00  6.00550E-05
 8.40377E-01  4.73711E-01  1.57240E-02  1.00000E+00  1.00000E+00  6.00550E-05
 8.40377E-01  5.07044E-01  9.26017E-03  1.00000E+00  1.00000E+00  6.00550E-05
 8.40377E-01  5.40377E-01  5.07066E-03  1.00000E+00  1.00000E+00  6.00550E-05
 8.40377E-01  5.73711E-01  2.73620E-03  1.00000E+00  1.00000E+00  6.00550E-05
 8.40377E-01  6.07044E-01  2.28370E-03  1.00000E+00  1.00000E+00  6.00550E-05
 8.40377E-01  6.40377E-01  3.70998E-03  1.00000E+00  1.00000E+00  6.00550E-05
 8.40377E-01  6.73711E-01  6.92102E-03  1.00000E+00  1.00000E+00  6.00550E-05
 8.40377E-01  7.07044E-01  1.21351E-02  1.00000E+00  1.00000E+00  6.00550E-05
 8.40377E-01  7.40377E-01  2.00750E-02  1.00000E+00  1.00000E+00  6.00550E-05
 8.40377E-01  7.73711E-01  3.17140E-02  1.00000E+00  1.00000E+00  6.00550E-05
 8.40377E-01  8.07044E-01  4.79219E-02  1.00000E+00  1.00000E+00  6.00550E-05
 8.40377E-01  8.40377E-01  6.92301E-02  1.00000E+00  1.00000E+00  6.00550E-05
 8.40377E-01  8.73711E-01  9.56180E-02  1.00000E+00  1.00000E+00  6.00550E-05
 8.40377E-01  9.07044E-01  1.26280E-01  1.00000E+00  1.00000E+00  6.00550E-05
 8.40377E-01  9.40377E-01  1.59488E-01  1.00000E+00  1.00000E+00  6.00550E-05
 8.40377E-01  9.73711E-01  1.92643E-01  1.00000E+00  1.00000E+00  6.00550E-05
 8.73711E-01  7.04416E-03  3.07393E-01  1.00000E+00  1.00000E+00  6.00550E-05
 8.73711E-01  4.03775E-02  3.39684E-01  1.00000E+00  1.00000E+00  6.00550E-05
 8.73711E-01  7.37108E-02  3.59058E-01  1.00000E+00  1.00000E+00  6.00550E-05
 8.73711E-01  1.07044E-01  3.63055E-01  1.00000E+00  1.00000E+00  6.00550E-05
 8.73711E-01  1.40377E-01  3.51158E-01  1.00000E+00  1.00000E+00  6.00550E-05
 8.73711E-01  1.73711E-01  3.24900E-01  1.00000E+00  1.00000E+00  6.00550E-05
 8.73711E-01  2.07044E-01  2.87544E-01  1.00000E+00  1.00000E+00  6.00550E-05
 8.73711E-01  2.40377E-01  2.43414E-01  1.00000E+00  1.00000E+00  6.00550E-05
 8.73711E-01  2.73711E-01  1.97081E-01  1.00000E+00  1.00000E+00  6.00550E-05
 8.73711E-01  3.07044E-01  1.52606E-01  1.00000E+00  1.00000E+00  6.00550E-05
 8.73711E-01  3.40377E-01  1.13002E-01  1.00000E+00  1.00000E+00  6.00550E-05
 8.73711E-01  3.73711E-01  8.00053E-02  1.00000E+00  1.00000E+00  6.00550E-05
 8.73711E-01  4.07044E-01  5.41464E-02  1.00000E+00  1.00000E+00  6.00550E-05
 8.73711E-01  4.40377E-01  3.50477E-02  1.00000E+00  1.00000E+00  6.00550E-05
 8.73711E-01  4.73711E-01  2.17151E-02  1.00000E+00  1.00000E+00  6.00550E-05
 8.73711E-01  5.07044E-01  1.27865E-02  1.00000E+00  1.00000E+00  6.00550E-05
 8.73711E-01  5.40377E-01  7.00268E-03  1.00000E+00  1.00000E+00  6.00550E-05
 8.73711E-01  5.73711E-01  3.78045E-03  1.00000E+00  1.00000E+00  6.00550E-05
 8.73711E-01  6.07044E-01  3.15291E-03  1.00000E+00  1.00000E+00  6.00550E-05
 8.73711E-01  6.40377E-01  5.12096E-03  1.00000E+00  1.00000E+00  6.00550E-05
 8.73711E-01  6.73711E-01  9.55720E-03  1.00000E+00  1.00000E+00  6.00550E-05
 8.73711E-01  7.07044E-01  1.67598E-02  1.00000E+00  1.00000E+00  6.00550E-05
 8.73711E-01  7.40377E-01  2.77259E-02  1.00000E+00  1.00000E+00  6.00550E-05
 8.73711E-01  7.73711E-01  4.38013E-02  1.00000E+00  1.00000E+00  6.00550E-05
 8.73711E-01  8.07044E-01  6.61874E-02  1.00000E+00  1.00000E+00  6.00550E-05
 8.73711E-01  8.40377E-01  9.56180E-02  1.00000E+00  1.00000E+00  6.00550E-05
 8.73711E-01  8.73711E-01  1.32064E-01  1.00000E+00  1.00000E+00  6.00550E-05
 8.73711E-01  9.07044E-01  1.74415E-01  1.00000E+00  1.00000E+00  6.00550E-05
 8.73711E-01  9.40377E-01  2.20281E-01  1.00000E+00  1.00000E+00  6.00550E-05
 8.73711E-01  9.73711E-01  2.66074E-01  1.00000E+00  1.00000E+00  6.00550E-05
 9.07044E-01  7.04416E-03  4.05969E-01  1.00000E+00  1.00000E+00  6.00550E-05
 9.07044E-01  4.03775E-02  4.48616E-01  1.00000E+00  1.00000E+00  6.00550E-05
 9.07044E-01  7.37108E-02  4.74203E-01  1.00000E+00  1.00000E+00  6.00550E-05
 9.07044E-01  1.07044E-01  4.79481E-01  1.00000E+00  1.00000E+00  6.00550E-05
 9.07044E-01  1.40377E-01  4.63769E-01  1.00000E+00  1.00000E+00  6.00550E-05
 9.07044E-01  1.73711E-01  4.29090E-01  1.00000E+00  1.00000E+00  6.00550E-05
 9.07044E-01  2.07044E-01  3.79754E-01  1.00000E+00  1.00000E+00  6.00550E-05
 9.07044E-01  2.40377E-01  3.21472E-01  1.00000E+00  1.00000E+00  6.00550E-05
 9.07044E-01  2.73711E-01  2.60281E-01  1.00000E+00  1.00000E+00  6.00550E-05
 9.07044E-01  3.07044E-01  2.01544E-01  1.00000E+00  1.00000E+00  6.00550E-05
 9.07044E-01  3.40377E-01  1.49239E-01  1.00000E+00  1.00000E+00  6.00550E-05
 9.07044E-01  3.73711E-01  1.05660E-01  1.00000E+00  1.00000E+00  6.00550E-05
 9.07044E-01  4.07044E-01  7.15095E-02  1.00000E+00  1.00000E+00  6.00550E-05
 9.07044E-01  4.40377E-01  4.62861E-02  1.00000E+00  1.00000E+00  6.00550E-05
 9.07044E-01  4.73711E-01  2.86763E-02  1.00000E+00  1.00000E+00  6.00550E-05
 9.07044E-01  5.07044E-01  1.68837E-02  1.00000E+00  1.00000E+00  6.00550E-05
 9.07044E-01  5.40377E-01  9.24759E-03  1.00000E+00  1.00000E+00  6.00550E-05
 9.07044E-01  5.73711E-01  4.99412E-03  1.00000E+00  1.00000E+00  6.00550E-05
 9.07044E-01  6.07044E-01  4.16278E-03  1.00000E+00  1.00000E+00  6.00550E-05
 9.07044E-01  6.40377E-01  6.76003E-03  1.00000E+00  1.00000E+00  6.00550E-05
 9.07044E-01  6.73711E-01  1.26202E-02  1.00000E+00  1.00000E+00  6.00550E-05
 9.07044E-01  7.07044E-01  2.21336E-02  1.00000E+00  1.00000E+00  6.00550E-05
 9.07044E-01  7.40377E-01  3.66161E-02  1.00000E+00  1.00000E+00  6.00550E-05
 9.07044E-01  7.73711E-01  5.78464E-02  1.00000E+00  1.00000E+00  6.00550E-05
 9.07044E-01  8.07044E-01  8.74115E-02  1.00000E+00  1.00000E+00  6.00550E-05
 9.07044E-01  8.40377E-01  1.26280E-01  1.00000E+00  1.00000E+00  6.00550E-05
 9.07044E-01  8.73711E-01  1.74415E-01  1.00000E+00  1.00000E+00  6.00550E-05
 9.07044E-01  9.07044E-01  2.30346E-01  1.00000E+00  1.00000E+00  6.00550E-05
 9.07044E-01  9.40377E-01  2.90921E-01  1.00000E+00  1.00000E+00  6.00550E-05
 9.07044E-01  9.73711E-01  3.51400E-01  1.00000E+00  1.00000E+00  6.00550E-05
 9.40377E-01  7.04416E-03  5.12729E-01  1.00000E+00  1.00000E+00  6.00550E-05
 9.40377E-01  4.03775E-02  5.66591E-01  1.00000E+00  1.00000E+00  6.00550E-05
 9.40377E-01  7.37108E-02  5.98906E-01  1.00000E+00  1.00000E+00  6.00550E-05
 9.40377E-01  1.07044E-01  6.05573E-01  1.00000E+00  1.00000E+00  6.00550E-05
 9.40377E-01  1.40377E-01  5.85728E-01  1.00000E+00  1.00000E+00  6.00550E-05
 9.40377E-01  1.73711E-01  5.41931E-01  1.00000E+00  1.00000E+00  6.00550E-05
 9.40377E-01  2.07044E-01  4.79620E-01  1.00000E+00  1.00000E+00  6.00550E-05
 9.40377E-01  2.40377E-01  4.06011E-01  1.00000E+00  1.00000E+00  6.00550E-05
 9.40377E-01  2.73711E-01  3.28728E-01  1.00000E+00  1.00000E+00  6.00550E-05
 9.40377E-01  3.07044E-01  2.54544E-01  1.00000E+00  1.00000E+00  6.00550E-05
 9.40377E-01  3.40377E-01  1.88485E-01  1.00000E+00  1.00000E+00  6.00550E-05
 9.40377E-01  3.73711E-01  1.33445E-01  1.00000E+00  1.00000E+00  6.00550E-05
 9.40377E-01  4.07044E-01  9.03140E-02  1.00000E+00  1.00000E+00  6.00550E-05
 9.40377E-01  4.40377E-01  5.84574E-02  1.00000E+00  1.00000E+00  6.00550E-05
 9.40377E-01  4.73711E-01  3.62152E-02  1.00000E+00  1.00000E+00  6.00550E-05
 9.40377E-01  5.07044E-01  2.13206E-02  1.00000E+00  1.00000E+00  6.00550E-05
 9.40377E-01  5.40377E-01  1.16788E-02  1.00000E+00  1.00000E+00  6.00550E-05
 9.40377E-01  5.73711E-01  6.30879E-03  1.00000E+00  1.00000E+00  6.00550E-05
 9.40377E-01  6.07044E-01  5.25639E-03  1.00000E+00  1.00000E+00  6.00550E-05
 9.40377E-01  6.40377E-01  8.53480E-03  1.00000E+00  1.00000E+00  6.00550E-05
 9.40377E-01  6.73711E-01  1.59372E-02  1.00000E+00  1.00000E+00  6.00550E-05
 9.40377E-01  7.07044E-01  2.79534E-02  1.00000E+00  1.00000E+00  6.00550E-05
 9.40377E-01  7.40377E-01  4.62444E-02  1.00000E+00  1.00000E+00  6.00550E-05
 9.40377E-01  7.73711E-01  7.30575E-02  1.00000E+00  1.00000E+00  6.00550E-05
 9.40377E-01  8.07044E-01  1.10398E-01  1.00000E+00  1.00000E+00  6.00550E-05
 9.40377E-01  8.40377E-01  1.59488E-01  1.00000E+00  1.00000E+00  6.00550E-05
 9.40377E-01  8.73711E-01  2.20281E-01  1.00000E+00  1.00000E+00  6.00550E-05
 9.40377E-01  9.07044E-01  2.90921E-01  1.00000E+00  1.00000E+00  6.00550E-05
 9.40377E-01  9.40377E-01  3.67425E-01  1.00000E+00  1.00000E+00  6.00550E-05
 9.40377E-01  9.73711E-01  4.43809E-01  1.00000E+00  1.00000E+00  6.00550E-05
 9.73711E-01  7.04416E-03  6.19321E-01  1.00000E+00  1.00000E+00  6.00550E-05
 9.73711E-01  4.03775E-02  6.84380E-01  1.00000E+00  1.00000E+00  6.00550E-05
 9.73711E-01  7.37108E-02  7.23413E-01  1.00000E+00  1.00000E+00  6.00550E-05
 9.73711E-01  1.07044E-01  7.31466E-01  1.00000E+00  1.00000E+00  6.00550E-05
 9.73711E-01  1.40377E-01  7.07495E-01  1.00000E+00  1.00000E+00  6.00550E-05
 9.73711E-01  1.73711E-01  6.54592E-01  1.00000E+00  1.00000E+00  6.00550E-05
 9.73711E-01  2.07044E-01  5.79328E-01  1.00000E+00  1.00000E+00  6.00550E-05
 9.73711E-01  2.40377E-01  4.90416E-01  1.00000E+00  1.00000E+00  6.00550E-05
 9.73711E-01  2.73711E-01  3.97067E-01  1.00000E+00  1.00000E+00  6.00550E-05
 9.73711E-01  3.07044E-01  3.07460E-01  1.00000E+00  1.00000E+00  6.00550E-05
 9.73711E-01  3.40377E-01  2.27668E-01  1.00000E+00  1.00000E+00  6.00550E-05
 9.73711E-01  3.73711E-01  1.61187E-01  1.00000E+00  1.00000E+00  6.00550E-05
 9.73711E-01  4.07044E-01  1.09089E-01  1.00000E+00  1.00000E+00  6.00550E-05
 9.73711E-01  4.40377E-01  7.06096E-02  1.00000E+00  1.00000E+00  6.00550E-05
 9.73711E-01  4.73711E-01  4.37420E-02  1.00000E+00  1.00000E+00  6.00550E-05
 9.73711E-01  5.07044E-01  2.57502E-02  1.00000E+00  1.00000E+00  6.00550E-05
 9.73711E-01  5.40377E-01  1.41062E-02  1.00000E+00  1.00000E+00  6.00550E-05
 9.73711E-01  5.73711E-01  7.62156E-03  1.00000E+00  1.00000E+00  6.00550E-05
 9.73711E-01  6.07044E-01  6.34820E-03  1.00000E+00  1.00000E+00  6.00550E-05
 9.73711E-01  6.40377E-01  1.03065E-02  1.00000E+00  1.00000E+00  6.00550E-05
 9.73711E-01  6.73711E-01  1.92489E-02  1.00000E+00  1.00000E+00  6.00550E-05
 9.73711E-01  7.07044E-01  3.37641E-02  1.00000E+00  1.00000E+00  6.00550E-05
 9.73711E-01  7.40377E-01  5.58574E-02  1.00000E+00  1.00000E+00  6.00550E-05
 9.73711E-01  7.73711E-01  8.82446E-02  1.00000E+00  1.00000E+00  6.00550E-05
 9.73711E-01  8.07044E-01  1.33347E-01  1.00000E+00  1.00000E+00  6.00550E-05
 9.73711E-01  8.40377E-01  1.92643E-01  1.00000E+00  1.00000E+00  6.00550E-05
 9.73711E-01  8.73711E-01  2.66074E-01  1.00000E+00  1.00000E+00  6.00550E-05
 9.73711E-01  9.07044E-01  3.51400E-01  1.00000E+00  1.00000E+00  6.00550E-05
 9.73711E-01  9.40377E-01  4.43809E-01  1.00000E+00  1.00000E+00  6.00550E-05
 9.73711E-01  9.73711E-01  5.36073E-01  1.00000E+00  1.00000E+00  6.00550E-05
