 7.04416E-03  7.04416E-03  2.67754E-01  1.00000E+00  1.00000E+00  6.00547E-05
 7.04416E-03  4.03775E-02  3.33620E-01  1.00000E+00  1.00000E+00  6.00547E-05
 7.04416E-03  7.37108E-02  3.97567E-01  1.00000E+00  1.00000E+00  6.00547E-05
 7.04416E-03  1.07044E-01  4.53156E-01  1.00000E+00  1.00000E+00  6.00547E-05
 7.04416E-03  1.40377E-01  4.94070E-01  1.00000E+00  1.00000E+00  6.00547E-05
 7.04416E-03  1.73711E-01  5.15291E-01  1.00000E+00  1.00000E+00  6.00547E-05
 7.04416E-03  2.07044E-01  5.14102E-01  1.00000E+00  1.00000E+00  6.00547E-05
 7.04416E-03  2.40377E-01  4.90658E-01  1.00000E+00  1.00000E+00  6.00547E-05
 7.04416E-03  2.73711E-01  4.47956E-01  1.00000E+00  1.00000E+00  6.00547E-05
 7.04416E-03  3.07044E-01  3.91203E-01  1.00000E+00  1.00000E+00  6.00547E-05
 7.04416E-03  3.40377E-01  3.26779E-01  1.00000E+00  1.00000E+00  6.00547E-05
 7.04416E-03  3.73711E-01  2.61070E-01  1.00000E+00  1.00000E+00  6.00547E-05
 7.04416E-03  4.07044E-01  1.99468E-01  1.00000E+00  1.00000E+00  6.00547E-05
 7.04416E-03  4.40377E-01  1.45729E-01  1.00000E+00  1.00000E+00  6.00547E-05
 7.04416E-03  4.73711E-01  1.01783E-01  1.00000E+00  1.00000E+00  6.00547E-05
 7.04416E-03  5.07044E-01  6.79588E-02  1.00000E+00  1.00000E+00  6.00547E-05
 7.04416E-03  5.40377E-01  4.34129E-02  1.00000E+00  1.00000E+00  6.00547E-05
 7.04416E-03  5.73711E-01  2.65083E-02  1.00000E+00  1.00000E+00  6.00547E-05
 7.04416E-03  6.07044E-01  1.52750E-02  1.00000E+00  1.00000E+00  6.00547E-05
 7.04416E-03  6.40377E-01  8.18838E-03  1.00000E+00  1.00000E+00  6.00547E-05
 7.04416E-03  6.73711E-01  4.72873E-03  1.00000E+00  1.00000E+00  6.00547E-05
 7.04416E-03  7.07044E-01  4.96004E-03  1.00000E+00  1.00000E+00  6.00547E-05
 7.04416E-03  7.40377E-01  8.79646E-03  1.00000E+00  1.00000E+00  6.00547E-05
 7.04416E-03  7.73711E-01  1.62041E-02  1.00000E+00  1.00000E+00  6.00547E-05
 7.04416E-03  8.07044E-01  2.79115E-02  1.00000E+00  1.00000E+00  6.00547E-05
 7.04416E-03  8.40377E-01  4.55334E-02  1.00000E+00  1.00000E+00  6.00547E-05
 7.04416E-03  8.73711E-01  7.09831E-02  1.00000E+00  1.00000E+00  6.00547E-05
 7.04416E-03  9.07044E-01  1.05825E-01  1.00000E+00  1.00000E+00  6.00547E-05
 7.04416E-03  9.40377E-01  1.50822E-01  1.00000E+00  1.00000E+00  6.00547E-05
 7.04416E-03  9.73711E-01  2.05506E-01  1.00000E+00  1.00000E+00  6.00547E-05
 4.03775E-02  7.04416E-03  3.33620E-01  1.00000E+00  1.00000E+00  6.00547E-05
 4.03775E-02  4.03775E-02  4.15688E-01  1.00000E+00  1.00000E+00  6.00547E-05
 4.03775E-02  7.37108E-02  4.95366E-01  1.00000E+00  1.00000E+00  6.00547E-05
 4.03775E-02  1.07044E-01  5.64629E-01  1.00000E+00  1.00000E+00  6.00547E-05
 4.03775E-02  1.40377E-01  6.15608E-01  1.00000E+00  1.00000E+00  6.00547E-05
 4.03775E-02  1.73711E-01  6.42050E-01  1.00000E+00  1.00000E+00  6.00547E-05
 4.03775E-02  2.07044E-01  6.40567E-01  1.00000E+00  1.00000E+00  6.00547E-05
 4.03775E-02  2.40377E-01  6.11357E-01  1.00000E+00  1.00000E+00  6.00547E-05
 4.03775E-02  2.73711E-01  5.58150E-01  1.00000E+00  1.00000E+00  6.00547E-05
 4.03775E-02  3.07044E-01  4.87436E-01  1.00000E+00  1.00000E+00  6.00547E-05
 4.03775E-02  3.40377E-01  4.07164E-01  1.00000E+00  1.00000E+00  6.00547E-05
 4.03775E-02  3.73711E-01  3.25291E-01  1.00000E+00  1.00000E+00  6.00547E-05
 4.03775E-02  4.07044E-01  2.48535E-01  1.00000E+00  1.00000E+00  6.00547E-05
 4.03775E-02  4.40377E-01  1.81577E-01  1.00000E+00  1.00000E+00  6.00547E-05
 4.03775E-02  4.73711E-01  1.26820E-01  1.00000E+00  1.00000E+00  6.00547E-05
 4.03775E-02  5.07044E-01  8.46758E-02  1.00000E+00  1.00000E+00  6.00547E-05
 4.03775E-02  5.40377E-01  5.40912E-02  1.00000E+00  1.00000E+00  6.00547E-05
 4.03775E-02  5.73711E-01  3.30264E-02  1.00000E+00  1.00000E+00  6.00547E-05
 4.03775E-02  6.07044E-01  1.90300E-02  1.00000E+00  1.00000E+00  6.00547E-05
 4.03775E-02  6.40377E-01  1.02031E-02  1.00000E+00  1.00000E+00  6.00547E-05
 4.03775E-02  6.73711E-01  5.89304E-03  1.00000E+00  1.00000E+00  6.00547E-05
 4.03775E-02  7.07044E-01  6.17836E-03  1.00000E+00  1.00000E+00  6.00547E-05
 4.03775E-02  7.40377E-01  1.09576E-02  1.00000E+00  1.00000E+00  6.00547E-05
 4.03775E-02  7.73711E-01  2.01889E-02  1.00000E+00  1.00000E+00  6.00547E-05
 4.03775E-02  8.07044E-01  3.47769E-02  1.00000E+00  1.00000E+00  6.00547E-05
 4.03775E-02  8.40377E-01  5.67335E-02  1.00000E+00  1.00000E+00  6.00547E-05
 4.03775E-02  8.73711E-01  8.84436E-02  1.00000E+00  1.00000E+00  6.00547E-05
 4.03775E-02  9.07044E-01  1.31856E-01  1.00000E+00  1.00000E+00  6.00547E-05
 4.03775E-02  9.40377E-01  1.87923E-01  1.00000E+00  1.00000E+00  6.00547E-05
 4.03775E-02  9.73711E-01  2.56058E-01  1.00000E+00  1.00000E+00  6.00547E-05
 7.37108E-02  7.04416E-03  3.97567E-01  1.00000E+00  1.00000E+00  6.00547E-05
 7.37108E-02  4.03775E-02  4.95366E-01  1.00000E+00  1.00000E+00  6.00547E-05
 7.37108E-02  7.37108E-02  5.90317E-01  1.00000E+00  1.00000E+00  6.00547E-05
 7.37108E-02  1.07044E-01  6.72856E-01  1.00000E+00  1.00000E+00  6.00547E-05
 7.37108E-02  1.40377E-01  7.33608E-01  1.00000E+00  1.00000E+00  6.00547E-05
 7.37108E-02  1.73711E-01  7.65117E-01  1.00000E+00  1.00000E+00  6.00547E-05
 7.37108E-02  2.07044E-01  7.63351E-01  1.00000E+00  1.00000E+00  6.00547E-05
 7.37108E-02  2.40377E-01  7.28541E-01  1.00000E+00  1.00000E+00  6.00547E-05
 7.37108E-02  2.73711E-01  6.65135E-01  1.00000E+00  1.00000E+00  6.00547E-05
 7.37108E-02  3.07044E-01  5.80867E-01  1.00000E+00  1.00000E+00  6.00547E-05
 7.37108E-02  3.40377E-01  4.85208E-01  1.00000E+00  1.00000E+00  6.00547E-05
 7.37108E-02  3.73711E-01  3.87642E-01  1.00000E+00  1.00000E+00  6.00547E-05
 7.37108E-02  4.07044E-01  2.96173E-01  1.00000E+00  1.00000E+00  6.00547E-05
 7.37108E-02  4.40377E-01  2.16380E-01  1.00000E+00  1.00000E+00  6.00547E-05
 7.37108E-02  4.73711E-01  1.51128E-01  1.00000E+00  1.00000E+00  6.00547E-05
 7.37108E-02  5.07044E-01  1.00906E-01  1.00000E+00  1.00000E+00  6.00547E-05
 7.37108E-02  5.40377E-01  6.44584E-02  1.00000E+00  1.00000E+00  6.00547E-05
 7.37108E-02  5.73711E-01  3.93545E-02  1.00000E+00  1.00000E+00  6.00547E-05
 7.37108E-02  6.07044E-01  2.26756E-02  1.00000E+00  1.00000E+00  6.00547E-05
 7.37108E-02  6.40377E-01  1.21592E-02  1.00000E+00  1.00000E+00  6.00547E-05
 7.37108E-02  6.73711E-01  7.02359E-03  1.00000E+00  1.00000E+00  6.00547E-05
 7.37108E-02  7.07044E-01  7.36108E-03  1.00000E+00  1.00000E+00  6.00547E-05
 7.37108E-02  7.40377E-01  1.30556E-02  1.00000E+00  1.00000E+00  6.00547E-05
 7.37108E-02  7.73711E-01  2.40575E-02  1.00000E+00  1.00000E+00  6.00547E-05
 7.37108E-02  8.07044E-01  4.14425E-02  1.00000E+00  1.00000E+00  6.00547E-05
 7.37108E-02  8.40377E-01  6.76075E-02  1.00000E+00  1.00000E+00  6.00547E-05
 7.37108E-02  8.73711E-01  1.05396E-01  1.00000E+00  1.00000E+00  6.00547E-05
 7.37108E-02  9.07044E-01  1.57129E-01  1.00000E+00  1.00000E+00  6.00547E-05
 7.37108E-02  9.40377E-01  2.23943E-01  1.00000E+00  1.00000E+00  6.00547E-05
 7.37108E-02  9.73711E-01  3.05139E-01  1.00000E+00  1.00000E+00  6.00547E-05
 1.07044E-01  7.04416E-03  4.53156E-01  1.00000E+00  1.00000E+00  6.00547E-05
 1.07044E-01  4.03775E-02  5.64629E-01  1.00000E+00  1.00000E+00  6.00547E-05
 1.07044E-01  7.37108E-02  6.72856E-01  1.00000E+00  1.00000E+00  6.00547E-05
 1.07044E-01  1.07044E-01  7.66937E-01  1.00000E+00  1.00000E+00  6.00547E-05
 1.07044E-01  1.40377E-01  8.36182E-01  1.00000E+00  1.00000E+00  6.00547E-05
 1.07044E-01  1.73711E-01  8.72097E-01  1.00000E+00  1.00000E+00  6.00547E-05
 1.07044E-01  2.07044E-01  8.70084E-01  1.00000E+00  1.00000E+00  6.00547E-05
 1.07044E-01  2.40377E-01  8.30407E-01  1.00000E+00  1.00000E+00  6.00547E-05
 1.07044E-01  2.73711E-01  7.58136E-01  1.00000E+00  1.00000E+00  6.00547E-05
 1.07044E-01  3.07044E-01  6.62085E-01  1.00000E+00  1.00000E+00  6.00547E-05
 1.07044E-01  3.40377E-01  5.53051E-01  1.00000E+00  1.00000E+00  6.00547E-05
 1.07044E-01  3.73711E-01  4.41843E-01  1.00000E+00  1.00000E+00  6.00547E-05
 1.07044E-01  4.07044E-01  3.37585E-01  1.00000E+00  1.00000E+00  6.00547E-05
 1.07044E-01  4.40377E-01  2.46635E-01  1.00000E+00  1.00000E+00  6.00547E-05
 1.07044E-01  4.73711E-01  1.72259E-01  1.00000E+00  1.00000E+00  6.00547E-05
 1.07044E-01  5.07044E-01  1.15015E-01  1.00000E+00  1.00000E+00  6.00547E-05
 1.07044E-01  5.40377E-01  7.34705E-02  1.00000E+00  1.00000E+00  6.00547E-05
 1.07044E-01  5.73711E-01  4.48553E-02  1.00000E+00  1.00000E+00  6.00547E-05
 1.07044E-01  6.07044E-01  2.58444E-02  1.00000E+00  1.00000E+00  6.00547E-05
 1.07044E-01  6.40377E-01  1.38596E-02  1.00000E+00  1.00000E+00  6.00547E-05
 1.07044E-01  6.73711E-01  8.00645E-03  1.00000E+00  1.00000E+00  6.00547E-05
 1.07044E-01  7.07044E-01  8.38912E-03  1.00000E+00  1.00000E+00  6.00547E-05
 1.07044E-01  7.40377E-01  1.48792E-02  1.00000E+00  1.00000E+00  6.00547E-05
 1.07044E-01  7.73711E-01  2.74204E-02  1.00000E+00  1.00000E+00  6.00547E-05
 1.07044E-01  8.07044E-01  4.72368E-02  1.00000E+00  1.00000E+00  6.00547E-05
 1.07044E-01  8.40377E-01  7.70601E-02  1.00000E+00  1.00000E+00  6.00547E-05
 1.07044E-01  8.73711E-01  1.20132E-01  1.00000E+00  1.00000E+00  6.00547E-05
 1.07044E-01  9.07044E-01  1.79099E-01  1.00000E+00  1.00000E+00  6.00547E-05
 1.07044E-01  9.40377E-01  2.55255E-01  1.00000E+00  1.00000E+00  6.00547E-05
 1.07044E-01  9.73711E-01  3.47804E-01  1.00000E+00  1.00000E+00  6.00547E-05
 1.40377E-01  7.04416E-03  4.94070E-01  1.00000E+00  1.00000E+00  6.00547E-05
 1.40377E-01  4.03775E-02  6.15608E-01  1.00000E+00  1.00000E+00  6.00547E-05
 1.40377E-01  7.37108E-02  7.33608E-01  1.00000E+00  1.00000E+00  6.00547E-05
 1.40377E-01  1.07044E-01  8.36182E-01  1.00000E+00  1.00000E+00  6.00547E-05
 1.40377E-01  1.40377E-01  9.11680E-01  1.00000E+00  1.00000E+00  6.00547E-05
 1.40377E-01  1.73711E-01  9.50838E-01  1.00000E+00  1.00000E+00  6.00547E-05
 1.40377E-01  2.07044E-01  9.48643E-01  1.00000E+00  1.00000E+00  6.00547E-05
 1.40377E-01  2.40377E-01  9.05383E-01  1.00000E+00  1.00000E+00  6.00547E-05
 1.40377E-01  2.73711E-01  8.26587E-01  1.00000E+00  1.00000E+00  6.00547E-05
 1.40377E-01  3.07044E-01  7.21863E-01  1.00000E+00  1.00000E+00  6.00547E-05
 1.40377E-01  3.40377E-01  6.02985E-01  1.00000E+00  1.00000E+00  6.00547E-05
 1.40377E-01  3.73711E-01  4.81736E-01  1.00000E+00  1.00000E+00  6.00547E-05
 1.40377E-01  4.07044E-01  3.68065E-01  1.00000E+00  1.00000E+00  6.00547E-05
 1.40377E-01  4.40377E-01  2.68903E-01  1.00000E+00  1.00000E+00  6.00547E-05
 1.40377E-01  4.73711E-01  1.87812E-01  1.00000E+00  1.00000E+00  6.00547E-05
 1.40377E-01  5.07044E-01  1.25399E-01  1.00000E+00  1.00000E+00  6.00547E-05
 1.40377E-01  5.40377E-01  8.01036E-02  1.00000E+00  1.00000E+00  6.00547E-05
 1.40377E-01  5.73711E-01  4.89040E-02  1.00000E+00  1.00000E+00  6.00547E-05
 1.40377E-01  6.07044E-01  2.81767E-02  1.00000E+00  1.00000E+00  6.00547E-05
 1.40377E-01  6.40377E-01  1.51112E-02  1.00000E+00  1.00000E+00  6.00547E-05
 1.40377E-01  6.73711E-01  8.72990E-03  1.00000E+00  1.00000E+00  6.00547E-05
 1.40377E-01  7.07044E-01  9.14574E-03  1.00000E+00  1.00000E+00  6.00547E-05
 1.40377E-01  7.40377E-01  1.62213E-02  1.00000E+00  1.00000E+00  6.00547E-05
 1.40377E-01  7.73711E-01  2.98956E-02  1.00000E+00  1.00000E+00  6.00547E-05
 1.40377E-01  8.07044E-01  5.15016E-02  1.00000E+00  1.00000E+00  6.00547E-05
 1.40377E-01  8.40377E-01  8.40175E-02  1.00000E+00  1.00000E+00  6.00547E-05
 1.40377E-01  8.73711E-01  1.30978E-01  1.00000E+00  1.00000E+00  6.00547E-05
 1.40377E-01  9.07044E-01  1.95270E-01  1.00000E+00  1.00000E+00  6.00547E-05
 1.40377E-01  9.40377E-01  2.78302E-01  1.00000E+00  1.00000E+00  6.00547E-05
 1.40377E-01  9.73711E-01  3.79207E-01  1.00000E+00  1.00000E+00  6.00547E-05
 1.73711E-01  7.04416E-03  5.15291E-01  1.00000E+00  1.00000E+00  6.00547E-05
 1.73711E-01  4.03775E-02  6.42050E-01  1.00000E+00  1.00000E+00  6.00547E-05
 1.73711E-01  7.37108E-02  7.65117E-01  1.00000E+00  1.00000E+00  6.00547E-05
 1.73711E-01  1.07044E-01  8.72097E-01  1.00000E+00  1.00000E+00  6.00547E-05
 1.73711E-01  1.40377E-01  9.50838E-01  1.00000E+00  1.00000E+00  6.00547E-05
 1.73711E-01  1.73711E-01  9.91677E-01  1.00000E+00  1.00000E+00  6.00547E-05
 1.73711E-01  2.07044E-01  9.89388E-01  1.00000E+00  1.00000E+00  6.00547E-05
 1.73711E-01  2.40377E-01  9.44271E-01  1.00000E+00  1.00000E+00  6.00547E-05
 1.73711E-01  2.73711E-01  8.62090E-01  1.00000E+00  1.00000E+00  6.00547E-05
 1.73711E-01  3.07044E-01  7.52868E-01  1.00000E+00  1.00000E+00  6.00547E-05
 1.73711E-01  3.40377E-01  6.28884E-01  1.00000E+00  1.00000E+00  6.00547E-05
 1.73711E-01  3.73711E-01  5.02427E-01  1.00000E+00  1.00000E+00  6.00547E-05
 1.73711E-01  4.07044E-01  3.83873E-01  1.00000E+00  1.00000E+00  6.00547E-05
 1.73711E-01  4.40377E-01  2.80452E-01  1.00000E+00  1.00000E+00  6.00547E-05
 1.73711E-01  4.73711E-01  1.95878E-01  1.00000E+00  1.00000E+00  6.00547E-05
 1.73711E-01  5.07044E-01  1.30785E-01  1.00000E+00  1.00000E+00  6.00547E-05
 1.73711E-01  5.40377E-01  8.35440E-02  1.00000E+00  1.00000E+00  6.00547E-05
 1.73711E-01  5.73711E-01  5.10039E-02  1.00000E+00  1.00000E+00  6.00547E-05
 1.73711E-01  6.07044E-01  2.93864E-02  1.00000E+00  1.00000E+00  6.00547E-05
 1.73711E-01  6.40377E-01  1.57603E-02  1.00000E+00  1.00000E+00  6.00547E-05
 1.73711E-01  6.73711E-01  9.10514E-03  1.00000E+00  1.00000E+00  6.00547E-05
 1.73711E-01  7.07044E-01  9.53816E-03  1.00000E+00  1.00000E+00  6.00547E-05
 1.73711E-01  7.40377E-01  1.69174E-02  1.00000E+00  1.00000E+00  6.00547E-05
 1.73711E-01  7.73711E-01  3.11794E-02  1.00000E+00  1.00000E+00  6.00547E-05
 1.73711E-01  8.07044E-01  5.37136E-02  1.00000E+00  1.00000E+00  6.00547E-05
 1.73711E-01  8.40377E-01  8.76260E-02  1.00000E+00  1.00000E+00  6.00547E-05
 1.73711E-01  8.73711E-01  1.36604E-01  1.00000E+00  1.00000E+00  6.00547E-05
 1.73711E-01  9.07044E-01  2.03657E-01  1.00000E+00  1.00000E+00  6.00547E-05
 1.73711E-01  9.40377E-01  2.90255E-01  1.00000E+00  1.00000E+00  6.00547E-05
 1.73711E-01  9.73711E-01  3.95494E-01  1.00000E+00  1.00000E+00  6.00547E-05
 2.07044E-01  7.04416E-03  5.14102E-01  1.00000E+00  1.00000E+00  6.00547E-05
 2.07044E-01  4.03775E-02  6.40567E-01  1.00000E+00  1.00000E+00  6.00547E-05
 2.07044E-01  7.37108E-02  7.63351E-01  1.00000E+00  1.00000E+00  6.00547E-05
 2.07044E-01  1.07044E-01  8.70084E-01  1.00000E+00  1.00000E+00  6.00547E-05
 2.07044E-01  1.40377E-01  9.48643E-01  1.00000E+00  1.00000E+00  6.00547E-05
 2.07044E-01  1.73711E-01  9.89388E-01  1.00000E+00  1.00000E+00  6.00547E-05
 2.07044E-01  2.07044E-01  9.87104E-01  1.00000E+00  1.00000E+00  6.00547E-05
 2.07044E-01  2.40377E-01  9.42091E-01  1.00000E+00  1.00000E+00  6.00547E-05
 2.07044E-01  2.73711E-01  8.60100E-01  1.00000E+00  1.00000E+00  6.00547E-05
 2.07044E-01  3.07044E-01  7.51130E-01  1.00000E+00  1.00000E+00  6.00547E-05
 2.07044E-01  3.40377E-01  6.27432E-01  1.00000E+00  1.00000E+00  6.00547E-05
 2.07044E-01  3.73711E-01  5.01267E-01  1.00000E+00  1.00000E+00  6.00547E-05
 2.07044E-01  4.07044E-01  3.82987E-01  1.00000E+00  1.00000E+00  6.00547E-05
 2.07044E-01  4.40377E-01  2.79805E-01  1.00000E+00  1.00000E+00  6.00547E-05
 2.07044E-01  4.73711E-01  1.95426E-01  1.00000E+00  1.00000E+00  6.00547E-05
 2.07044E-01  5.07044E-01  1.30483E-01  1.00000E+00  1.00000E+00  6.00547E-05
 2.07044E-01  5.40377E-01  8.33511E-02  1.00000E+00  1.00000E+00  6.00547E-05
 2.07044E-01  5.73711E-01  5.08862E-02  1.00000E+00  1.00000E+00  6.00547E-05
 2.07044E-01  6.07044E-01  2.93186E-02  1.00000E+00  1.00000E+00  6.00547E-05
 2.07044E-01  6.40377E-01  1.57240E-02  1.00000E+00  1.00000E+00  6.00547E-05
 2.07044E-01  6.73711E-01  9.08412E-03  1.00000E+00  1.00000E+00  6.00547E-05
 2.07044E-01  7.07044E-01  9.51617E-03  1.00000E+00  1.00000E+00  6.00547E-05
 2.07044E-01  7.40377E-01  1.68784E-02  1.00000E+00  1.00000E+00  6.00547E-05
 2.07044E-01  7.73711E-01  3.11075E-02  1.00000E+00  1.00000E+00  6.00547E-05
 2.07044E-01  8.07044E-01  5.35896E-02  1.00000E+00  1.00000E+00  6.00547E-05
 2.07044E-01  8.40377E-01  8.74237E-02  1.00000E+00  1.00000E+00  6.00547E-05
 2.07044E-01  8.73711E-01  1.36288E-01  1.00000E+00  1.00000E+00  6.00547E-05
 2.07044E-01  9.07044E-01  2.03186E-01  1.00000E+00  1.00000E+00  6.00547E-05
 2.07044E-01  9.40377E-01  2.89585E-01  1.00000E+00  1.00000E+00  6.00547E-05
 2.07044E-01  9.73711E-01  3.94581E-01  1.00000E+00  1.00000E+00  6.00547E-05
 2.40377E-01  7.04416E-03  4.90658E-01  1.00000E+00  1.00000E+00  6.00547E-05
 2.40377E-01  4.03775E-02  6.11357E-01  1.00000E+00  1.00000E+00  6.00547E-05
 2.40377E-01  7.37108E-02  7.28541E-01  1.00000E+00  1.00000E+00  6.00547E-05
 2.40377E-01  1.07044E-01  8.30407E-01  1.00000E+00  1.00000E+00  6.00547E-05
 2.40377E-01  1.40377E-01  9.05383E-01  1.00000E+00  1.00000E+00  6.00547E-05
 2.40377E-01  1.73711E-01  9.44271E-01  1.00000E+00  1.00000E+00  6.00547E-05
 2.40377E-01  2.07044E-01  9.42091E-01  1.00000E+00  1.00000E+00  6.00547E-05
 2.40377E-01  2.40377E-01  8.99130E-01  1.00000E+00  1.00000E+00  6.00547E-05
 2.40377E-01  2.73711E-01  8.20878E-01  1.00000E+00  1.00000E+00  6.00547E-05
 2.40377E-01  3.07044E-01  7.16878E-01  1.00000E+00  1.00000E+00  6.00547E-05
 2.40377E-01  3.40377E-01  5.98820E-01  1.00000E+00  1.00000E+00  6.00547E-05
 2.40377E-01  3.73711E-01  4.78409E-01  1.00000E+00  1.00000E+00  6.00547E-05
 2.40377E-01  4.07044E-01  3.65523E-01  1.00000E+00  1.00000E+00  6.00547E-05
 2.40377E-01  4.40377E-01  2.67045E-01  1.00000E+00  1.00000E+00  6.00547E-05
 2.40377E-01  4.73711E-01  1.86515E-01  1.00000E+00  1.00000E+00  6.00547E-05
 2.40377E-01  5.07044E-01  1.24533E-01  1.00000E+00  1.00000E+00  6.00547E-05
 2.40377E-01  5.40377E-01  7.95505E-02  1.00000E+00  1.00000E+00  6.00547E-05
 2.40377E-01  5.73711E-01  4.85664E-02  1.00000E+00  1.00000E+00  6.00547E-05
 2.40377E-01  6.07044E-01  2.79823E-02  1.00000E+00  1.00000E+00  6.00547E-05
 2.40377E-01  6.40377E-01  1.50068E-02  1.00000E+00  1.00000E+00  6.00547E-05
 2.40377E-01  6.73711E-01  8.66959E-03  1.00000E+00  1.00000E+00  6.00547E-05
 2.40377E-01  7.07044E-01  9.08266E-03  1.00000E+00  1.00000E+00  6.00547E-05
 2.40377E-01  7.40377E-01  1.61094E-02  1.00000E+00  1.00000E+00  6.00547E-05
 2.40377E-01  7.73711E-01  2.96893E-02  1.00000E+00  1.00000E+00  6.00547E-05
 2.40377E-01  8.07044E-01  5.11460E-02  1.00000E+00  1.00000E+00  6.00547E-05
 2.40377E-01  8.40377E-01  8.34373E-02  1.00000E+00  1.00000E+00  6.00547E-05
 2.40377E-01  8.73711E-01  1.30074E-01  1.00000E+00  1.00000E+00  6.00547E-05
 2.40377E-01  9.07044E-01  1.93921E-01  1.00000E+00  1.00000E+00  6.00547E-05
 2.40377E-01  9.40377E-01  2.76379E-01  1.00000E+00  1.00000E+00  6.00547E-05
 2.40377E-01  9.73711E-01  3.76588E-01  1.00000E+00  1.00000E+00  6.00547E-05
 2.73711E-01  7.04416E-03  4.47956E-01  1.00000E+00  1.00000E+00  6.00547E-05
 2.73711E-01  4.03775E-02  5.58150E-01  1.00000E+00  1.00000E+00  6.00547E-05
 2.73711E-01  7.37108E-02  6.65135E-01  1.00000E+00  1.00000E+00  6.00547E-05
 2.73711E-01  1.07044E-01  7.58136E-01  1.00000E+00  1.00000E+00  6.00547E-05
 2.73711E-01  1.40377E-01  8.26587E-01  1.00000E+00  1.00000E+00  6.00547E-05
 2.73711E-01  1.73711E-01  8.62090E-01  1.00000E+00  1.00000E+00  6.00547E-05
 2.73711E-01  2.07044E-01  8.60100E-01  1.00000E+00  1.00000E+00  6.00547E-05
 2.73711E-01  2.40377E-01  8.20878E-01  1.00000E+00  1.00000E+00  6.00547E-05
 2.73711E-01  2.73711E-01  7.49436E-01  1.00000E+00  1.00000E+00  6.00547E-05
 2.73711E-01  3.07044E-01  6.54487E-01  1.00000E+00  1.00000E+00  6.00547E-05
 2.73711E-01  3.40377E-01  5.46705E-01  1.00000E+00  1.00000E+00  6.00547E-05
 2.73711E-01  3.73711E-01  4.36773E-01  1.00000E+00  1.00000E+00  6.00547E-05
 2.73711E-01  4.07044E-01  3.33711E-01  1.00000E+00  1.00000E+00  6.00547E-05
 2.73711E-01  4.40377E-01  2.43805E-01  1.00000E+00  1.00000E+00  6.00547E-05
 2.73711E-01  4.73711E-01  1.70283E-01  1.00000E+00  1.00000E+00  6.00547E-05
 2.73711E-01  5.07044E-01  1.13695E-01  1.00000E+00  1.00000E+00  6.00547E-05
 2.73711E-01  5.40377E-01  7.26276E-02  1.00000E+00  1.00000E+00  6.00547E-05
 2.73711E-01  5.73711E-01  4.43409E-02  1.00000E+00  1.00000E+00  6.00547E-05
 2.73711E-01  6.07044E-01  2.55481E-02  1.00000E+00  1.00000E+00  6.00547E-05
 2.73711E-01  6.40377E-01  1.37006E-02  1.00000E+00  1.00000E+00  6.00547E-05
 2.73711E-01  6.73711E-01  7.91455E-03  1.00000E+00  1.00000E+00  6.00547E-05
 2.73711E-01  7.07044E-01  8.29300E-03  1.00000E+00  1.00000E+00  6.00547E-05
 2.73711E-01  7.40377E-01  1.47087E-02  1.00000E+00  1.00000E+00  6.00547E-05
 2.73711E-01  7.73711E-01  2.71060E-02  1.00000E+00  1.00000E+00  6.00547E-05
 2.73711E-01  8.07044E-01  4.66949E-02  1.00000E+00  1.00000E+00  6.00547E-05
 2.73711E-01  8.40377E-01  7.61760E-02  1.00000E+00  1.00000E+00  6.00547E-05
 2.73711E-01  8.73711E-01  1.18754E-01  1.00000E+00  1.00000E+00  6.00547E-05
 2.73711E-01  9.07044E-01  1.77044E-01  1.00000E+00  1.00000E+00  6.00547E-05
 2.73711E-01  9.40377E-01  2.52326E-01  1.00000E+00  1.00000E+00  6.00547E-05
 2.73711E-01  9.73711E-01  3.43813E-01  1.00000E+00  1.00000E+00  6.00547E-05
 3.07044E-01  7.04416E-03  3.91203E-01  1.00000E+00  1.00000E+00  6.00547E-05
 3.07044E-01  4.03775E-02  4.87436E-01  1.00000E+00  1.00000E+00  6.00547E-05
 3.07044E-01  7.37108E-02  5.80867E-01  1.00000E+00  1.00000E+00  6.00547E-05
 3.07044E-01  1.07044E-01  6.62085E-01  1.00000E+00  1.00000E+00  6.00547E-05
 3.07044E-01  1.40377E-01  7.21863E-01  1.00000E+00  1.00000E+00  6.00547E-05
 3.07044E-01  1.73711E-01  7.52868E-01  1.00000E+00  1.00000E+00  6.00547E-05
 3.07044E-01  2.07044E-01  7.51130E-01  1.00000E+00  1.00000E+00  6.00547E-05
 3.07044E-01  2.40377E-01  7.16878E-01  1.00000E+00  1.00000E+00  6.00547E-05
 3.07044E-01  2.73711E-01  6.54487E-01  1.00000E+00  1.00000E+00  6.00547E-05
 3.07044E-01  3.07044E-01  5.71568E-01  1.00000E+00  1.00000E+00  6.00547E-05
 3.07044E-01  3.40377E-01  4.77441E-01  1.00000E+00  1.00000E+00  6.00547E-05
 3.07044E-01  3.73711E-01  3.81437E-01  1.00000E+00  1.00000E+00  6.00547E-05
 3.07044E-01  4.07044E-01  2.91432E-01  1.00000E+00  1.00000E+00  6.00547E-05
 3.07044E-01  4.40377E-01  2.12917E-01  1.00000E+00  1.00000E+00  6.00547E-05
 3.07044E-01  4.73711E-01  1.48709E-01  1.00000E+00  1.00000E+00  6.00547E-05
 3.07044E-01  5.07044E-01  9.92910E-02  1.00000E+00  1.00000E+00  6.00547E-05
 3.07044E-01  5.40377E-01  6.34268E-02  1.00000E+00  1.00000E+00  6.00547E-05
 3.07044E-01  5.73711E-01  3.87249E-02  1.00000E+00  1.00000E+00  6.00547E-05
 3.07044E-01  6.07044E-01  2.23129E-02  1.00000E+00  1.00000E+00  6.00547E-05
 3.07044E-01  6.40377E-01  1.19646E-02  1.00000E+00  1.00000E+00  6.00547E-05
 3.07044E-01  6.73711E-01  6.91115E-03  1.00000E+00  1.00000E+00  6.00547E-05
 3.07044E-01  7.07044E-01  7.24346E-03  1.00000E+00  1.00000E+00  6.00547E-05
 3.07044E-01  7.40377E-01  1.28469E-02  1.00000E+00  1.00000E+00  6.00547E-05
 3.07044E-01  7.73711E-01  2.36727E-02  1.00000E+00  1.00000E+00  6.00547E-05
 3.07044E-01  8.07044E-01  4.07793E-02  1.00000E+00  1.00000E+00  6.00547E-05
 3.07044E-01  8.40377E-01  6.65255E-02  1.00000E+00  1.00000E+00  6.00547E-05
 3.07044E-01  8.73711E-01  1.03709E-01  1.00000E+00  1.00000E+00  6.00547E-05
 3.07044E-01  9.07044E-01  1.54614E-01  1.00000E+00  1.00000E+00  6.00547E-05
 3.07044E-01  9.40377E-01  2.20358E-01  1.00000E+00  1.00000E+00  6.00547E-05
 3.07044E-01  9.73711E-01  3.00254E-01  1.00000E+00  1.00000E+00  6.00547E-05
 3.40377E-01  7.04416E-03  3.26779E-01  1.00000E+00  1.00000E+00  6.00547E-05
 3.40377E-01  4.03775E-02  4.07164E-01  1.00000E+00  1.00000E+00  6.00547E-05
 3.40377E-01  7.37108E-02  4.85208E-01  1.00000E+00  1.00000E+00  6.00547E-05
 3.40377E-01  1.07044E-01  5.53051E-01  1.00000E+00  1.00000E+00  6.00547E-05
 3.40377E-01  1.40377E-01  6.02985E-01  1.00000E+00  1.00000E+00  6.00547E-05
 3.40377E-01  1.73711E-01  6.28884E-01  1.00000E+00  1.00000E+00  6.00547E-05
 3.40377E-01  2.07044E-01  6.27432E-01  1.00000E+00  1.00000E+00  6.00547E-05
 3.40377E-01  2.40377E-01  5.98820E-01  1.00000E+00  1.00000E+00  6.00547E-05
 3.40377E-01  2.73711E-01  5.46705E-01  1.00000E+00  1.00000E+00  6.00547E-05
 3.40377E-01  3.07044E-01  4.77441E-01  1.00000E+00  1.00000E+00  6.00547E-05
 3.40377E-01  3.40377E-01  3.98815E-01  1.00000E+00  1.00000E+00  6.00547E-05
 3.40377E-01  3.73711E-01  3.18621E-01  1.00000E+00  1.00000E+00  6.00547E-05
 3.40377E-01  4.07044E-01  2.43439E-01  1.00000E+00  1.00000E+00  6.00547E-05
 3.40377E-01  4.40377E-01  1.77854E-01  1.00000E+00  1.00000E+00  6.00547E-05
 3.40377E-01  4.73711E-01  1.24220E-01  1.00000E+00  1.00000E+00  6.00547E-05
 3.40377E-01  5.07044E-01  8.29398E-02  1.00000E+00  1.00000E+00  6.00547E-05
 3.40377E-01  5.40377E-01  5.29823E-02  1.00000E+00  1.00000E+00  6.00547E-05
 3.40377E-01  5.73711E-01  3.23496E-02  1.00000E+00  1.00000E+00  6.00547E-05
 3.40377E-01  6.07044E-01  1.86402E-02  1.00000E+00  1.00000E+00  6.00547E-05
 3.40377E-01  6.40377E-01  9.99395E-03  1.00000E+00  1.00000E+00  6.00547E-05
 3.40377E-01  6.73711E-01  5.77220E-03  1.00000E+00  1.00000E+00  6.00547E-05
 3.40377E-01  7.07044E-01  6.05193E-03  1.00000E+00  1.00000E+00  6.00547E-05
 3.40377E-01  7.40377E-01  1.07333E-02  1.00000E+00  1.00000E+00  6.00547E-05
 3.40377E-01  7.73711E-01  1.97752E-02  1.00000E+00  1.00000E+00  6.00547E-05
 3.40377E-01  8.07044E-01  3.40641E-02  1.00000E+00  1.00000E+00  6.00547E-05
 3.40377E-01  8.40377E-01  5.55705E-02  1.00000E+00  1.00000E+00  6.00547E-05
 3.40377E-01  8.73711E-01  8.66304E-02  1.00000E+00  1.00000E+00  6.00547E-05
 3.40377E-01  9.07044E-01  1.29153E-01  1.00000E+00  1.00000E+00  6.00547E-05
 3.40377E-01  9.40377E-01  1.84070E-01  1.00000E+00  1.00000E+00  6.00547E-05
 3.40377E-01  9.73711E-01  2.50808E-01  1.00000E+00  1.00000E+00  6.00547E-05
 3.73711E-01  7.04416E-03  2.61070E-01  1.00000E+00  1.00000E+00  6.00547E-05
 3.73711E-01  4.03775E-02  3.25291E-01  1.00000E+00  1.00000E+00  6.00547E-05
 3.73711E-01  7.37108E-02  3.87642E-01  1.00000E+00  1.00000E+00  6.00547E-05
 3.73711E-01  1.07044E-01  4.41843E-01  1.00000E+00  1.00000E+00  6.00547E-05
 3.73711E-01  1.40377E-01  4.81736E-01  1.00000E+00  1.00000E+00  6.00547E-05
 3.73711E-01  1.73711E-01  5.02427E-01  1.00000E+00  1.00000E+00  6.00547E-05
 3.73711E-01  2.07044E-01  5.01267E-01  1.00000E+00  1.00000E+00  6.00547E-05
 3.73711E-01  2.40377E-01  4.78409E-01  1.00000E+00  1.00000E+00  6.00547E-05
 3.73711E-01  2.73711E-01  4.36773E-01  1.00000E+00  1.00000E+00  6.00547E-05
 3.73711E-01  3.07044E-01  3.81437E-01  1.00000E+00  1.00000E+00  6.00547E-05
 3.73711E-01  3.40377E-01  3.18621E-01  1.00000E+00  1.00000E+00  6.00547E-05
 3.73711E-01  3.73711E-01  2.54553E-01  1.00000E+00  1.00000E+00  6.00547E-05
 3.73711E-01  4.07044E-01  1.94489E-01  1.00000E+00  1.00000E+00  6.00547E-05
 3.73711E-01  4.40377E-01  1.42091E-01  1.00000E+00  1.00000E+00  6.00547E-05
 3.73711E-01  4.73711E-01  9.92423E-02  1.00000E+00  1.00000E+00  6.00547E-05
 3.73711E-01  5.07044E-01  6.62625E-02  1.00000E+00  1.00000E+00  6.00547E-05
 3.73711E-01  5.40377E-01  4.23295E-02  1.00000E+00  1.00000E+00  6.00547E-05
 3.73711E-01  5.73711E-01  2.58470E-02  1.00000E+00  1.00000E+00  6.00547E-05
 3.73711E-01  6.07044E-01  1.48941E-02  1.00000E+00  1.00000E+00  6.00547E-05
 3.73711E-01  6.40377E-01  7.98405E-03  1.00000E+00  1.00000E+00  6.00547E-05
 3.73711E-01  6.73711E-01  4.61066E-03  1.00000E+00  1.00000E+00  6.00547E-05
 3.73711E-01  7.07044E-01  4.83646E-03  1.00000E+00  1.00000E+00  6.00547E-05
 3.73711E-01  7.40377E-01  8.57724E-03  1.00000E+00  1.00000E+00  6.00547E-05
 3.73711E-01  7.73711E-01  1.57998E-02  1.00000E+00  1.00000E+00  6.00547E-05
 3.73711E-01  8.07044E-01  2.72149E-02  1.00000E+00  1.00000E+00  6.00547E-05
 3.73711E-01  8.40377E-01  4.43970E-02  1.00000E+00  1.00000E+00  6.00547E-05
 3.73711E-01  8.73711E-01  6.92114E-02  1.00000E+00  1.00000E+00  6.00547E-05
 3.73711E-01  9.07044E-01  1.03183E-01  1.00000E+00  1.00000E+00  6.00547E-05
 3.73711E-01  9.40377E-01  1.47057E-01  1.00000E+00  1.00000E+00  6.00547E-05
 3.73711E-01  9.73711E-01  2.00376E-01  1.00000E+00  1.00000E+00  6.00547E-05
 4.07044E-01  7.04416E-03  1.99468E-01  1.00000E+00  1.00000E+00  6.00547E-05
 4.07044E-01  4.03775E-02  2.48535E-01  1.00000E+00  1.00000E+00  6.00547E-05
 4.07044E-01  7.37108E-02  2.96173E-01  1.00000E+00  1.00000E+00  6.00547E-05
 4.07044E-01  1.07044E-01  3.37585E-01  1.00000E+00  1.00000E+00  6.00547E-05
 4.07044E-01  1.40377E-01  3.68065E-01  1.00000E+00  1.00000E+00  6.00547E-05
 4.07044E-01  1.73711E-01  3.83873E-01  1.00000E+00  1.00000E+00  6.00547E-05
 4.07044E-01  2.07044E-01  3.82987E-01  1.00000E+00  1.00000E+00  6.00547E-05
 4.07044E-01  2.40377E-01  3.65523E-01  1.00000E+00  1.00000E+00  6.00547E-05
 4.07044E-01  2.73711E-01  3.33711E-01  1.00000E+00  1.00000E+00  6.00547E-05
 4.07044E-01  3.07044E-01  2.91432E-01  1.00000E+00  1.00000E+00  6.00547E-05
 4.07044E-01  3.40377E-01  2.43439E-01  1.00000E+00  1.00000E+00  6.00547E-05
 4.07044E-01  3.73711E-01  1.94489E-01  1.00000E+00  1.00000E+00  6.00547E-05
 4.07044E-01  4.07044E-01  1.48598E-01  1.00000E+00  1.00000E+00  6.00547E-05
 4.07044E-01  4.40377E-01  1.08564E-01  1.00000E+00  1.00000E+00  6.00547E-05
 4.07044E-01  4.73711E-01  7.58258E-02  1.00000E+00  1.00000E+00  6.00547E-05
 4.07044E-01  5.07044E-01  5.06277E-02  1.00000E+00  1.00000E+00  6.00547E-05
 4.07044E-01  5.40377E-01  3.23425E-02  1.00000E+00  1.00000E+00  6.00547E-05
 4.07044E-01  5.73711E-01  1.97505E-02  1.00000E+00  1.00000E+00  6.00547E-05
 4.07044E-01  6.07044E-01  1.13818E-02  1.00000E+00  1.00000E+00  6.00547E-05
 4.07044E-01  6.40377E-01  6.09991E-03  1.00000E+00  1.00000E+00  6.00547E-05
 4.07044E-01  6.73711E-01  3.52195E-03  1.00000E+00  1.00000E+00  6.00547E-05
 4.07044E-01  7.07044E-01  3.69684E-03  1.00000E+00  1.00000E+00  6.00547E-05
 4.07044E-01  7.40377E-01  6.55571E-03  1.00000E+00  1.00000E+00  6.00547E-05
 4.07044E-01  7.73711E-01  1.20729E-02  1.00000E+00  1.00000E+00  6.00547E-05
 4.07044E-01  8.07044E-01  2.07939E-02  1.00000E+00  1.00000E+00  6.00547E-05
 4.07044E-01  8.40377E-01  3.39218E-02  1.00000E+00  1.00000E+00  6.00547E-05
 4.07044E-01  8.73711E-01  5.28812E-02  1.00000E+00  1.00000E+00  6.00547E-05
 4.07044E-01  9.07044E-01  7.88368E-02  1.00000E+00  1.00000E+00  6.00547E-05
 4.07044E-01  9.40377E-01  1.12358E-01  1.00000E+00  1.00000E+00  6.00547E-05
 4.07044E-01  9.73711E-01  1.53095E-01  1.00000E+00  1.00000E+00  6.00547E-05
 4.40377E-01  7.04416E-03  1.45729E-01  1.00000E+00  1.00000E+00  6.00547E-05
 4.40377E-01  4.03775E-02  1.81577E-01  1.00000E+00  1.00000E+00  6.00547E-05
 4.40377E-01  7.37108E-02  2.16380E-01  1.00000E+00  1.00000E+00  6.00547E-05
 4.40377E-01  1.07044E-01  2.46635E-01  1.00000E+00  1.00000E+00  6.00547E-05
 4.40377E-01  1.40377E-01  2.68903E-01  1.00000E+00  1.00000E+00  6.00547E-05
 4.40377E-01  1.73711E-01  2.80452E-01  1.00000E+00  1.00000E+00  6.00547E-05
 4.40377E-01  2.07044E-01  2.79805E-01  1.00000E+00  1.00000E+00  6.00547E-05
 4.40377E-01  2.40377E-01  2.67045E-01  1.00000E+00  1.00000E+00  6.00547E-05
 4.40377E-01  2.73711E-01  2.43805E-01  1.00000E+00  1.00000E+00  6.00547E-05
 4.40377E-01  3.07044E-01  2.12917E-01  1.00000E+00  1.00000E+00  6.00547E-05
 4.40377E-01  3.40377E-01  1.77854E-01  1.00000E+00  1.00000E+00  6.00547E-05
 4.40377E-01  3.73711E-01  1.42091E-01  1.00000E+00  1.00000E+00  6.00547E-05
 4.40377E-01  4.07044E-01  1.08564E-01  1.00000E+00  1.00000E+00  6.00547E-05
 4.40377E-01  4.40377E-01  7.93167E-02  1.00000E+00  1.00000E+00  6.00547E-05
 4.40377E-01  4.73711E-01  5.53984E-02  1.00000E+00  1.00000E+00  6.00547E-05
 4.40377E-01  5.07044E-01  3.69887E-02  1.00000E+00  1.00000E+00  6.00547E-05
 4.40377E-01  5.40377E-01  2.36302E-02  1.00000E+00  1.00000E+00  6.00547E-05
 4.40377E-01  5.73711E-01  1.44320E-02  1.00000E+00  1.00000E+00  6.00547E-05
 4.40377E-01  6.07044E-01  8.31771E-03  1.00000E+00  1.00000E+00  6.00547E-05
 4.40377E-01  6.40377E-01  4.45644E-03  1.00000E+00  1.00000E+00  6.00547E-05
 4.40377E-01  6.73711E-01  2.57250E-03  1.00000E+00  1.00000E+00  6.00547E-05
 4.40377E-01  7.07044E-01  2.70252E-03  1.00000E+00  1.00000E+00  6.00547E-05
 4.40377E-01  7.40377E-01  4.79193E-03  1.00000E+00  1.00000E+00  6.00547E-05
 4.40377E-01  7.73711E-01  8.82167E-03  1.00000E+00  1.00000E+00  6.00547E-05
 4.40377E-01  8.07044E-01  1.51925E-02  1.00000E+00  1.00000E+00  6.00547E-05
 4.40377E-01  8.40377E-01  2.47839E-02  1.00000E+00  1.00000E+00  6.00547E-05
 4.40377E-01  8.73711E-01  3.86354E-02  1.00000E+00  1.00000E+00  6.00547E-05
 4.40377E-01  9.07044E-01  5.75981E-02  1.00000E+00  1.00000E+00  6.00547E-05
 4.40377E-01  9.40377E-01  8.20882E-02  1.00000E+00  1.00000E+00  6.00547E-05
 4.40377E-01  9.73711E-01  1.11850E-01  1.00000E+00  1.00000E+00  6.00547E-05
 4.73711E-01  7.04416E-03  1.01783E-01  1.00000E+00  1.00000E+00  6.00547E-05
 4.73711E-01  4.03775E-02  1.26820E-01  1.00000E+00  1.00000E+00  6.00547E-05
 4.73711E-01  7.37108E-02  1.51128E-01  1.00000E+00  1.00000E+00  6.00547E-05
 4.73711E-01  1.07044E-01  1.72259E-01  1.00000E+00  1.00000E+00  6.00547E-05
 4.73711E-01  1.40377E-01  1.87812E-01  1.00000E+00  1.00000E+00  6.00547E-05
 4.73711E-01  1.73711E-01  1.95878E-01  1.00000E+00  1.00000E+00  6.00547E-05
 4.73711E-01  2.07044E-01  1.95426E-01  1.00000E+00  1.00000E+00  6.00547E-05
 4.73711E-01  2.40377E-01  1.86515E-01  1.00000E+00  1.00000E+00  6.00547E-05
 4.73711E-01  2.73711E-01  1.70283E-01  1.00000E+00  1.00000E+00  6.00547E-05
 4.73711E-01  3.07044E-01  1.48709E-01  1.00000E+00  1.00000E+00  6.00547E-05
 4.73711E-01  3.40377E-01  1.24220E-01  1.00000E+00  1.00000E+00  6.00547E-05
 4.73711E-01  3.73711E-01  9.92423E-02  1.00000E+00  1.00000E+00  6.00547E-05
 4.73711E-01  4.07044E-01  7.58258E-02  1.00000E+00  1.00000E+00  6.00547E-05
 4.73711E-01  4.40377E-01  5.53984E-02  1.00000E+00  1.00000E+00  6.00547E-05
 4.73711E-01  4.73711E-01  3.86928E-02  1.00000E+00  1.00000E+00  6.00547E-05
 4.73711E-01  5.07044E-01  2.58345E-02  1.00000E+00  1.00000E+00  6.00547E-05
 4.73711E-01  5.40377E-01  1.65049E-02  1.00000E+00  1.00000E+00  6.00547E-05
 4.73711E-01  5.73711E-01  1.00818E-02  1.00000E+00  1.00000E+00  6.00547E-05
 4.73711E-01  6.07044E-01  5.81116E-03  1.00000E+00  1.00000E+00  6.00547E-05
 4.73711E-01  6.40377E-01  3.11222E-03  1.00000E+00  1.00000E+00  6.00547E-05
 4.73711E-01  6.73711E-01  1.79600E-03  1.00000E+00  1.00000E+00  6.00547E-05
 4.73711E-01  7.07044E-01  1.88886E-03  1.00000E+00  1.00000E+00  6.00547E-05
 4.73711E-01  7.40377E-01  3.34879E-03  1.00000E+00  1.00000E+00  6.00547E-05
 4.73711E-01  7.73711E-01  6.16228E-03  1.00000E+00  1.00000E+00  6.00547E-05
 4.73711E-01  8.07044E-01  1.06114E-02  1.00000E+00  1.00000E+00  6.00547E-05
 4.73711E-01  8.40377E-01  1.73105E-02  1.00000E+00  1.00000E+00  6.00547E-05
 4.73711E-01  8.73711E-01  2.69850E-02  1.00000E+00  1.00000E+00  6.00547E-05
 4.73711E-01  9.07044E-01  4.02292E-02  1.00000E+00  1.00000E+00  6.00547E-05
 4.73711E-01  9.40377E-01  5.73339E-02  1.00000E+00  1.00000E+00  6.00547E-05
 4.73711E-01  9.73711E-01  7.81207E-02  1.00000E+00  1.00000E+00  6.00547E-05
 5.07044E-01  7.04416E-03  6.79588E-02  1.00000E+00  1.00000E+00  6.00547E-05
 5.07044E-01  4.03775E-02  8.46758E-02  1.00000E+00  1.00000E+00  6.00547E-05
 5.07044E-01  7.37108E-02  1.00906E-01  1.00000E+00  1.00000E+00  6.00547E-05
 5.07044E-01  1.07044E-01  1.15015E-01  1.00000E+00  1.00000E+00  6.00547E-05
 5.07044E-01  1.40377E-01  1.25399E-01  1.00000E+00  1.00000E+00  6.00547E-05
 5.07044E-01  1.73711E-01  1.30785E-01  1.00000E+00  1.00000E+00  6.00547E-05
 5.07044E-01  2.07044E-01  1.30483E-01  1.00000E+00  1.00000E+00  6.00547E-05
 5.07044E-01  2.40377E-01  1.24533E-01  1.00000E+00  1.00000E+00  6.00547E-05
 5.07044E-01  2.73711E-01  1.13695E-01  1.00000E+00  1.00000E+00  6.00547E-05
 5.07044E-01  3.07044E-01  9.92910E-02  1.00000E+00  1.00000E+00  6.00547E-05
 5.07044E-01  3.40377E-01  8.29398E-02  1.00000E+00  1.00000E+00  6.00547E-05
 5.07044E-01  3.73711E-01  6.62625E-02  1.00000E+00  1.00000E+00  6.00547E-05
 5.07044E-01  4.07044E-01  5.06277E-02  1.00000E+00  1.00000E+00  6.00547E-05
 5.07044E-01  4.40377E-01  3.69887E-02  1.00000E+00  1.00000E+00  6.00547E-05
 5.07044E-01  4.73711E-01  2.58345E-02  1.00000E+00  1.00000E+00  6.00547E-05
 5.07044E-01  5.07044E-01  1.72489E-02  1.00000E+00  1.00000E+00  6.00547E-05
 5.07044E-01  5.40377E-01  1.10202E-02  1.00000E+00  1.00000E+00  6.00547E-05
 5.07044E-01  5.73711E-01  6.73275E-03  1.00000E+00  1.00000E+00  6.00547E-05
 5.07044E-01  6.07044E-01  3.88119E-03  1.00000E+00  1.00000E+00  6.00547E-05
 5.07044E-01  6.40377E-01  2.07739E-03  1.00000E+00  1.00000E+00  6.00547E-05
 5.07044E-01  6.73711E-01  1.19832E-03  1.00000E+00  1.00000E+00  6.00547E-05
 5.07044E-01  7.07044E-01  1.26208E-03  1.00000E+00  1.00000E+00  6.00547E-05
 5.07044E-01  7.40377E-01  2.23730E-03  1.00000E+00  1.00000E+00  6.00547E-05
 5.07044E-01  7.73711E-01  4.11485E-03  1.00000E+00  1.00000E+00  6.00547E-05
 5.07044E-01  8.07044E-01  7.08491E-03  1.00000E+00  1.00000E+00  6.00547E-05
 5.07044E-01  8.40377E-01  1.15579E-02  1.00000E+00  1.00000E+00  6.00547E-05
 5.07044E-01  8.73711E-01  1.80175E-02  1.00000E+00  1.00000E+00  6.00547E-05
 5.07044E-01  9.07044E-01  2.68603E-02  1.00000E+00  1.00000E+00  6.00547E-05
 5.07044E-01  9.40377E-01  3.82808E-02  1.00000E+00  1.00000E+00  6.00547E-05
 5.07044E-01  9.73711E-01  5.21598E-02  1.00000E+00  1.00000E+00  6.00547E-05
 5.40377E-01  7.04416E-03  4.34129E-02  1.00000E+00  1.00000E+00  6.00547E-05
 5.40377E-01  4.03775E-02  5.40912E-02  1.00000E+00  1.00000E+00  6.00547E-05
 5.40377E-01  7.37108E-02  6.44584E-02  1.00000E+00  1.00000E+00  6.00547E-05
 5.40377E-01  1.07044E-01  7.34705E-02  1.00000E+00  1.00000E+00  6.00547E-05
 5.40377E-01  1.40377E-01  8.01036E-02  1.00000E+00  1.00000E+00  6.00547E-05
 5.40377E-01  1.73711E-01  8.35440E-02  1.00000E+00  1.00000E+00  6.00547E-05
 5.40377E-01  2.07044E-01  8.33511E-02  1.00000E+00  1.00000E+00  6.00547E-05
 5.40377E-01  2.40377E-01  7.95505E-02  1.00000E+00  1.00000E+00  6.00547E-05
 5.40377E-01  2.73711E-01  7.26276E-02  1.00000E+00  1.00000E+00  6.00547E-05
 5.40377E-01  3.07044E-01  6.34268E-02  1.00000E+00  1.00000E+00  6.00547E-05
 5.40377E-01  3.40377E-01  5.29823E-02  1.00000E+00  1.00000E+00  6.00547E-05
 5.40377E-01  3.73711E-01  4.23295E-02  1.00000E+00  1.00000E+00  6.00547E-05
 5.40377E-01  4.07044E-01  3.23425E-02  1.00000E+00  1.00000E+00  6.00547E-05
 5.40377E-01  4.40377E-01  2.36302E-02  1.00000E+00  1.00000E+00  6.00547E-05
 5.40377E-01  4.73711E-01  1.65049E-02  1.00000E+00  1.00000E+00  6.00547E-05
 5.40377E-01  5.07044E-01  1.10202E-02  1.00000E+00  1.00000E+00  6.00547E-05
 5.40377E-01  5.40377E-01  7.04156E-03  1.00000E+00  1.00000E+00  6.00547E-05
 5.40377E-01  5.73711E-01  4.30348E-03  1.00000E+00  1.00000E+00  6.00547E-05
 5.40377E-01  6.07044E-01  2.48148E-03  1.00000E+00  1.00000E+00  6.00547E-05
 5.40377E-01  6.40377E-01  1.32746E-03  1.00000E+00  1.00000E+00  6.00547E-05
 5.40377E-01  6.73711E-01  7.65560E-04  1.00000E+00  1.00000E+00  6.00547E-05
 5.40377E-01  7.07044E-01  8.07753E-04  1.00000E+00  1.00000E+00  6.00547E-05
 5.40377E-01  7.40377E-01  1.43127E-03  1.00000E+00  1.00000E+00  6.00547E-05
 5.40377E-01  7.73711E-01  2.63014E-03  1.00000E+00  1.00000E+00  6.00547E-05
 5.40377E-01  8.07044E-01  4.52725E-03  1.00000E+00  1.00000E+00  6.00547E-05
 5.40377E-01  8.40377E-01  7.38489E-03  1.00000E+00  1.00000E+00  6.00547E-05
 5.40377E-01  8.73711E-01  1.15115E-02  1.00000E+00  1.00000E+00  6.00547E-05
 5.40377E-01  9.07044E-01  1.71602E-02  1.00000E+00  1.00000E+00  6.00547E-05
 5.40377E-01  9.40377E-01  2.44555E-02  1.00000E+00  1.00000E+00  6.00547E-05
 5.40377E-01  9.73711E-01  3.33210E-02  1.00000E+00  1.00000E+00  6.00547E-05
 5.73711E-01  7.04416E-03  2.65083E-02  1.00000E+00  1.00000E+00  6.00547E-05
 5.73711E-01  4.03775E-02  3.30264E-02  1.00000E+00  1.00000E+00  6.00547E-05
 5.73711E-01  7.37108E-02  3.93545E-02  1.00000E+00  1.00000E+00  6.00547E-05
 5.73711E-01  1.07044E-01  4.48553E-02  1.00000E+00  1.00000E+00  6.00547E-05
 5.73711E-01  1.40377E-01  4.89040E-02  1.00000E+00  1.00000E+00  6.00547E-05
 5.73711E-01  1.73711E-01  5.10039E-02  1.00000E+00  1.00000E+00  6.00547E-05
 5.73711E-01  2.07044E-01  5.08862E-02  1.00000E+00  1.00000E+00  6.00547E-05
 5.73711E-01  2.40377E-01  4.85664E-02  1.00000E+00  1.00000E+00  6.00547E-05
 5.73711E-01  2.73711E-01  4.43409E-02  1.00000E+00  1.00000E+00  6.00547E-05
 5.73711E-01  3.07044E-01  3.87249E-02  1.00000E+00  1.00000E+00  6.00547E-05
 5.73711E-01  3.40377E-01  3.23496E-02  1.00000E+00  1.00000E+00  6.00547E-05
 5.73711E-01  3.73711E-01  2.58470E-02  1.00000E+00  1.00000E+00  6.00547E-05
 5.73711E-01  4.07044E-01  1.97505E-02  1.00000E+00  1.00000E+00  6.00547E-05
 5.73711E-01  4.40377E-01  1.44320E-02  1.00000E+00  1.00000E+00  6.00547E-05
 5.73711E-01  4.73711E-01  1.00818E-02  1.00000E+00  1.00000E+00  6.00547E-05
 5.73711E-01  5.07044E-01  6.73275E-03  1.00000E+00  1.00000E+00  6.00547E-05
 5.73711E-01  5.40377E-01  4.30348E-03  1.00000E+00  1.00000E+00  6.00547E-05
 5.73711E-01  5.73711E-01  2.63192E-03  1.00000E+00  1.00000E+00  6.00547E-05
 5.73711E-01  6.07044E-01  1.51865E-03  1.00000E+00  1.00000E+00  6.00547E-05
 5.73711E-01  6.40377E-01  8.12177E-04  1.00000E+00  1.00000E+00  6.00547E-05
 5.73711E-01  6.73711E-01  4.68558E-04  1.00000E+00  1.00000E+00  6.00547E-05
 5.73711E-01  7.07044E-01  4.95487E-04  1.00000E+00  1.00000E+00  6.00547E-05
 5.73711E-01  7.40377E-01  8.76932E-04  1.00000E+00  1.00000E+00  6.00547E-05
 5.73711E-01  7.73711E-01  1.60899E-03  1.00000E+00  1.00000E+00  6.00547E-05
 5.73711E-01  8.07044E-01  2.76764E-03  1.00000E+00  1.00000E+00  6.00547E-05
 5.73711E-01  8.40377E-01  4.51303E-03  1.00000E+00  1.00000E+00  6.00547E-05
 5.73711E-01  8.73711E-01  7.03298E-03  1.00000E+00  1.00000E+00  6.00547E-05
 5.73711E-01  9.07044E-01  1.04819E-02  1.00000E+00  1.00000E+00  6.00547E-05
 5.73711E-01  9.40377E-01  1.49357E-02  1.00000E+00  1.00000E+00  6.00547E-05
 5.73711E-01  9.73711E-01  2.03478E-02  1.00000E+00  1.00000E+00  6.00547E-05
 6.07044E-01  7.04416E-03  1.52750E-02  1.00000E+00  1.00000E+00  6.00547E-05
 6.07044E-01  4.03775E-02  1.90300E-02  1.00000E+00  1.00000E+00  6.00547E-05
 6.07044E-01  7.37108E-02  2.26756E-02  1.00000E+00  1.00000E+00  6.00547E-05
 6.07044E-01  1.07044E-01  2.58444E-02  1.00000E+00  1.00000E+00  6.00547E-05
 6.07044E-01  1.40377E-01  2.81767E-02  1.00000E+00  1.00000E+00  6.00547E-05
 6.07044E-01  1.73711E-01  2.93864E-02  1.00000E+00  1.00000E+00  6.00547E-05
 6.07044E-01  2.07044E-01  2.93186E-02  1.00000E+00  1.00000E+00  6.00547E-05
 6.07044E-01  2.40377E-01  2.79823E-02  1.00000E+00  1.00000E+00  6.00547E-05
 6.07044E-01  2.73711E-01  2.55481E-02  1.00000E+00  1.00000E+00  6.00547E-05
 6.07044E-01  3.07044E-01  2.23129E-02  1.00000E+00  1.00000E+00  6.00547E-05
 6.07044E-01  3.40377E-01  1.86402E-02  1.00000E+00  1.00000E+00  6.00547E-05
 6.07044E-01  3.73711E-01  1.48941E-02  1.00000E+00  1.00000E+00  6.00547E-05
 6.07044E-01  4.07044E-01  1.13818E-02  1.00000E+00  1.00000E+00  6.00547E-05
 6.07044E-01  4.40377E-01  8.31771E-03  1.00000E+00  1.00000E+00  6.00547E-05
 6.07044E-01  4.73711E-01  5.81116E-03  1.00000E+00  1.00000E+00  6.00547E-05
 6.07044E-01  5.07044E-01  3.88119E-03  1.00000E+00  1.00000E+00  6.00547E-05
 6.07044E-01  5.40377E-01  2.48148E-03  1.00000E+00  1.00000E+00  6.00547E-05
 6.07044E-01  5.73711E-01  1.51865E-03  1.00000E+00  1.00000E+00  6.00547E-05
 6.07044E-01  6.07044E-01  8.76748E-04  1.00000E+00  1.00000E+00  6.00547E-05
 6.07044E-01  6.40377E-01  4.68492E-04  1.00000E+00  1.00000E+00  6.00547E-05
 6.07044E-01  6.73711E-01  2.70263E-04  1.00000E+00  1.00000E+00  6.00547E-05
 6.07044E-01  7.07044E-01  2.86609E-04  1.00000E+00  1.00000E+00  6.00547E-05
 6.07044E-01  7.40377E-01  5.06786E-04  1.00000E+00  1.00000E+00  6.00547E-05
 6.07044E-01  7.73711E-01  9.28461E-04  1.00000E+00  1.00000E+00  6.00547E-05
 6.07044E-01  8.07044E-01  1.59615E-03  1.00000E+00  1.00000E+00  6.00547E-05
 6.07044E-01  8.40377E-01  2.60217E-03  1.00000E+00  1.00000E+00  6.00547E-05
 6.07044E-01  8.73711E-01  4.05439E-03  1.00000E+00  1.00000E+00  6.00547E-05
 6.07044E-01  9.07044E-01  6.04167E-03  1.00000E+00  1.00000E+00  6.00547E-05
 6.07044E-01  9.40377E-01  8.60778E-03  1.00000E+00  1.00000E+00  6.00547E-05
 6.07044E-01  9.73711E-01  1.17259E-02  1.00000E+00  1.00000E+00  6.00547E-05
 6.40377E-01  7.04416E-03  8.18838E-03  1.00000E+00  1.00000E+00  6.00547E-05
 6.40377E-01  4.03775E-02  1.02031E-02  1.00000E+00  1.00000E+00  6.00547E-05
 6.40377E-01  7.37108E-02  1.21592E-02  1.00000E+00  1.00000E+00  6.00547E-05
 6.40377E-01  1.07044E-01  1.38596E-02  1.00000E+00  1.00000E+00  6.00547E-05
 6.40377E-01  1.40377E-01  1.51112E-02  1.00000E+00  1.00000E+00  6.00547E-05
 6.40377E-01  1.73711E-01  1.57603E-02  1.00000E+00  1.00000E+00  6.00547E-05
 6.40377E-01  2.07044E-01  1.57240E-02  1.00000E+00  1.00000E+00  6.00547E-05
 6.40377E-01  2.40377E-01  1.50068E-02  1.00000E+00  1.00000E+00  6.00547E-05
 6.40377E-01  2.73711E-01  1.37006E-02  1.00000E+00  1.00000E+00  6.00547E-05
 6.40377E-01  3.07044E-01  1.19646E-02  1.00000E+00  1.00000E+00  6.00547E-05
 6.40377E-01  3.40377E-01  9.99395E-03  1.00000E+00  1.00000E+00  6.00547E-05
 6.40377E-01  3.73711E-01  7.98405E-03  1.00000E+00  1.00000E+00  6.00547E-05
 6.40377E-01  4.07044E-01  6.09991E-03  1.00000E+00  1.00000E+00  6.00547E-05
 6.40377E-01  4.40377E-01  4.45644E-03  1.00000E+00  1.00000E+00  6.00547E-05
 6.40377E-01  4.73711E-01  3.11222E-03  1.00000E+00  1.00000E+00  6.00547E-05
 6.40377E-01  5.07044E-01  2.07739E-03  1.00000E+00  1.00000E+00  6.00547E-05
 6.40377E-01  5.40377E-01  1.32746E-03  1.00000E+00  1.00000E+00  6.00547E-05
 6.40377E-01  5.73711E-01  8.12177E-04  1.00000E+00  1.00000E+00  6.00547E-05
 6.40377E-01  6.07044E-01  4.68492E-04  1.00000E+00  1.00000E+00  6.00547E-05
 6.40377E-01  6.40377E-01  2.49584E-04  1.00000E+00  1.00000E+00  6.00547E-05
 6.40377E-01  6.73711E-01  1.43690E-04  1.00000E+00  1.00000E+00  6.00547E-05
 6.40377E-01  7.07044E-01  1.52966E-04  1.00000E+00  1.00000E+00  6.00547E-05
 6.40377E-01  7.40377E-01  2.70706E-04  1.00000E+00  1.00000E+00  6.00547E-05
 6.40377E-01  7.73711E-01  4.95906E-04  1.00000E+00  1.00000E+00  6.00547E-05
 6.40377E-01  8.07044E-01  8.53146E-04  1.00000E+00  1.00000E+00  6.00547E-05
 6.40377E-01  8.40377E-01  1.39207E-03  1.00000E+00  1.00000E+00  6.00547E-05
 6.40377E-01  8.73711E-01  2.17039E-03  1.00000E+00  1.00000E+00  6.00547E-05
 6.40377E-01  9.07044E-01  3.23580E-03  1.00000E+00  1.00000E+00  6.00547E-05
 6.40377E-01  9.40377E-01  4.61191E-03  1.00000E+00  1.00000E+00  6.00547E-05
 6.40377E-01  9.73711E-01  6.28442E-03  1.00000E+00  1.00000E+00  6.00547E-05
 6.73711E-01  7.04416E-03  4.72873E-03  1.00000E+00  1.00000E+00  6.00547E-05
 6.73711E-01  4.03775E-02  5.89304E-03  1.00000E+00  1.00000E+00  6.00547E-05
 6.73711E-01  7.37108E-02  7.02359E-03  1.00000E+00  1.00000E+00  6.00547E-05
 6.73711E-01  1.07044E-01  8.00645E-03  1.00000E+00  1.00000E+00  6.00547E-05
 6.73711E-01  1.40377E-01  8.72990E-03  1.00000E+00  1.00000E+00  6.00547E-05
 6.73711E-01  1.73711E-01  9.10514E-03  1.00000E+00  1.00000E+00  6.00547E-05
 6.73711E-01  2.07044E-01  9.08412E-03  1.00000E+00  1.00000E+00  6.00547E-05
 6.73711E-01  2.40377E-01  8.66959E-03  1.00000E+00  1.00000E+00  6.00547E-05
 6.73711E-01  2.73711E-01  7.91455E-03  1.00000E+00  1.00000E+00  6.00547E-05
 6.73711E-01  3.07044E-01  6.91115E-03  1.00000E+00  1.00000E+00  6.00547E-05
 6.73711E-01  3.40377E-01  5.77220E-03  1.00000E+00  1.00000E+00  6.00547E-05
 6.73711E-01  3.73711E-01  4.61066E-03  1.00000E+00  1.00000E+00  6.00547E-05
 6.73711E-01  4.07044E-01  3.52195E-03  1.00000E+00  1.00000E+00  6.00547E-05
 6.73711E-01  4.40377E-01  2.57250E-03  1.00000E+00  1.00000E+00  6.00547E-05
 6.73711E-01  4.73711E-01  1.79600E-03  1.00000E+00  1.00000E+00  6.00547E-05
 6.73711E-01  5.07044E-01  1.19832E-03  1.00000E+00  1.00000E+00  6.00547E-05
 6.73711E-01  5.40377E-01  7.65560E-04  1.00000E+00  1.00000E+00  6.00547E-05
 6.73711E-01  5.73711E-01  4.68558E-04  1.00000E+00  1.00000E+00  6.00547E-05
 6.73711E-01  6.07044E-01  2.70263E-04  1.00000E+00  1.00000E+00  6.00547E-05
 6.73711E-01  6.40377E-01  1.43690E-04  1.00000E+00  1.00000E+00  6.00547E-05
 6.73711E-01  6.73711E-01  8.27282E-05  1.00000E+00  1.00000E+00  6.00547E-05
 6.73711E-01  7.07044E-01  8.84317E-05  1.00000E+00  1.00000E+00  6.00547E-05
 6.73711E-01  7.40377E-01  1.56314E-04  1.00000E+00  1.00000E+00  6.00547E-05
 6.73711E-01  7.73711E-01  2.85900E-04  1.00000E+00  1.00000E+00  6.00547E-05
 6.73711E-01  8.07044E-01  4.91808E-04  1.00000E+00  1.00000E+00  6.00547E-05
 6.73711E-01  8.40377E-01  8.02800E-04  1.00000E+00  1.00000E+00  6.00547E-05
 6.73711E-01  8.73711E-01  1.25212E-03  1.00000E+00  1.00000E+00  6.00547E-05
 6.73711E-01  9.07044E-01  1.86736E-03  1.00000E+00  1.00000E+00  6.00547E-05
 6.73711E-01  9.40377E-01  2.66224E-03  1.00000E+00  1.00000E+00  6.00547E-05
 6.73711E-01  9.73711E-01  3.62854E-03  1.00000E+00  1.00000E+00  6.00547E-05
 7.07044E-01  7.04416E-03  4.96004E-03  1.00000E+00  1.00000E+00  6.00547E-05
 7.07044E-01  4.03775E-02  6.17836E-03  1.00000E+00  1.00000E+00  6.00547E-05
 7.07044E-01  7.37108E-02  7.36108E-03  1.00000E+00  1.00000E+00  6.00547E-05
 7.07044E-01  1.07044E-01  8.38912E-03  1.00000E+00  1.00000E+00  6.00547E-05
 7.07044E-01  1.40377E-01  9.14574E-03  1.00000E+00  1.00000E+00  6.00547E-05
 7.07044E-01  1.73711E-01  9.53816E-03  1.00000E+00  1.00000E+00  6.00547E-05
 7.07044E-01  2.07044E-01  9.51617E-03  1.00000E+00  1.00000E+00  6.00547E-05
 7.07044E-01  2.40377E-01  9.08266E-03  1.00000E+00  1.00000E+00  6.00547E-05
 7.07044E-01  2.73711E-01  8.29300E-03  1.00000E+00  1.00000E+00  6.00547E-05
 7.07044E-01  3.07044E-01  7.24346E-03  1.00000E+00  1.00000E+00  6.00547E-05
 7.07044E-01  3.40377E-01  6.05193E-03  1.00000E+00  1.00000E+00  6.00547E-05
 7.07044E-01  3.73711E-01  4.83646E-03  1.00000E+00  1.00000E+00  6.00547E-05
 7.07044E-01  4.07044E-01  3.69684E-03  1.00000E+00  1.00000E+00  6.00547E-05
 7.07044E-01  4.40377E-01  2.70252E-03  1.00000E+00  1.00000E+00  6.00547E-05
 7.07044E-01  4.73711E-01  1.88886E-03  1.00000E+00  1.00000E+00  6.00547E-05
 7.07044E-01  5.07044E-01  1.26208E-03  1.00000E+00  1.00000E+00  6.00547E-05
 7.07044E-01  5.40377E-01  8.07753E-04  1.00000E+00  1.00000E+00  6.00547E-05
 7.07044E-01  5.73711E-01  4.95487E-04  1.00000E+00  1.00000E+00  6.00547E-05
 7.07044E-01  6.07044E-01  2.86609E-04  1.00000E+00  1.00000E+00  6.00547E-05
 7.07044E-01  6.40377E-01  1.52966E-04  1.00000E+00  1.00000E+00  6.00547E-05
 7.07044E-01  6.73711E-01  8.84317E-05  1.00000E+00  1.00000E+00  6.00547E-05
 7.07044E-01  7.07044E-01  9.44433E-05  1.00000E+00  1.00000E+00  6.00547E-05
 7.07044E-01  7.40377E-01  1.66281E-04  1.00000E+00  1.00000E+00  6.00547E-05
 7.07044E-01  7.73711E-01  3.03115E-04  1.00000E+00  1.00000E+00  6.00547E-05
 7.07044E-01  8.07044E-01  5.19979E-04  1.00000E+00  1.00000E+00  6.00547E-05
 7.07044E-01  8.40377E-01  8.46874E-04  1.00000E+00  1.00000E+00  6.00547E-05
 7.07044E-01  8.73711E-01  1.31852E-03  1.00000E+00  1.00000E+00  6.00547E-05
 7.07044E-01  9.07044E-01  1.96367E-03  1.00000E+00  1.00000E+00  6.00547E-05
 7.07044E-01  9.40377E-01  2.79654E-03  1.00000E+00  1.00000E+00  6.00547E-05
 7.07044E-01  9.73711E-01  3.80843E-03  1.00000E+00  1.00000E+00  6.00547E-05
 7.40377E-01  7.04416E-03  8.79646E-03  1.00000E+00  1.00000E+00  6.00547E-05
 7.40377E-01  4.03775E-02  1.09576E-02  1.00000E+00  1.00000E+00  6.00547E-05
 7.40377E-01  7.37108E-02  1.30556E-02  1.00000E+00  1.00000E+00  6.00547E-05
 7.40377E-01  1.07044E-01  1.48792E-02  1.00000E+00  1.00000E+00  6.00547E-05
 7.40377E-01  1.40377E-01  1.62213E-02  1.00000E+00  1.00000E+00  6.00547E-05
 7.40377E-01  1.73711E-01  1.69174E-02  1.00000E+00  1.00000E+00  6.00547E-05
 7.40377E-01  2.07044E-01  1.68784E-02  1.00000E+00  1.00000E+00  6.00547E-05
 7.40377E-01  2.40377E-01  1.61094E-02  1.00000E+00  1.00000E+00  6.00547E-05
 7.40377E-01  2.73711E-01  1.47087E-02  1.00000E+00  1.00000E+00  6.00547E-05
 7.40377E-01  3.07044E-01  1.28469E-02  1.00000E+00  1.00000E+00  6.00547E-05
 7.40377E-01  3.40377E-01  1.07333E-02  1.00000E+00  1.00000E+00  6.00547E-05
 7.40377E-01  3.73711E-01  8.57724E-03  1.00000E+00  1.00000E+00  6.00547E-05
 7.40377E-01  4.07044E-01  6.55571E-03  1.00000E+00  1.00000E+00  6.00547E-05
 7.40377E-01  4.40377E-01  4.79193E-03  1.00000E+00  1.00000E+00  6.00547E-05
 7.40377E-01  4.73711E-01  3.34879E-03  1.00000E+00  1.00000E+00  6.00547E-05
 7.40377E-01  5.07044E-01  2.23730E-03  1.00000E+00  1.00000E+00  6.00547E-05
 7.40377E-01  5.40377E-01  1.43127E-03  1.00000E+00  1.00000E+00  6.00547E-05
 7.40377E-01  5.73711E-01  8.76932E-04  1.00000E+00  1.00000E+00  6.00547E-05
 7.40377E-01  6.07044E-01  5.06786E-04  1.00000E+00  1.00000E+00  6.00547E-05
 7.40377E-01  6.40377E-01  2.70706E-04  1.00000E+00  1.00000E+00  6.00547E-05
 7.40377E-01  6.73711E-01  1.56314E-04  1.00000E+00  1.00000E+00  6.00547E-05
 7.40377E-01  7.07044E-01  1.66281E-04  1.00000E+00  1.00000E+00  6.00547E-05
 7.40377E-01  7.40377E-01  2.93446E-04  1.00000E+00  1.00000E+00  6.00547E-05
 7.40377E-01  7.73711E-01  5.36363E-04  1.00000E+00  1.00000E+00  6.00547E-05
 7.40377E-01  8.07044E-01  9.21079E-04  1.00000E+00  1.00000E+00  6.00547E-05
 7.40377E-01  8.40377E-01  1.50074E-03  1.00000E+00  1.00000E+00  6.00547E-05
 7.40377E-01  8.73711E-01  2.33720E-03  1.00000E+00  1.00000E+00  6.00547E-05
 7.40377E-01  9.07044E-01  3.48149E-03  1.00000E+00  1.00000E+00  6.00547E-05
 7.40377E-01  9.40377E-01  4.95882E-03  1.00000E+00  1.00000E+00  6.00547E-05
 7.40377E-01  9.73711E-01  6.75370E-03  1.00000E+00  1.00000E+00  6.00547E-05
 7.73711E-01  7.04416E-03  1.62041E-02  1.00000E+00  1.00000E+00  6.00547E-05
 7.73711E-01  4.03775E-02  2.01889E-02  1.00000E+00  1.00000E+00  6.00547E-05
 7.73711E-01  7.37108E-02  2.40575E-02  1.00000E+00  1.00000E+00  6.00547E-05
 7.73711E-01  1.07044E-01  2.74204E-02  1.00000E+00  1.00000E+00  6.00547E-05
 7.73711E-01  1.40377E-01  2.98956E-02  1.00000E+00  1.00000E+00  6.00547E-05
 7.73711E-01  1.73711E-01  3.11794E-02  1.00000E+00  1.00000E+00  6.00547E-05
 7.73711E-01  2.07044E-01  3.11075E-02  1.00000E+00  1.00000E+00  6.00547E-05
 7.73711E-01  2.40377E-01  2.96893E-02  1.00000E+00  1.00000E+00  6.00547E-05
 7.73711E-01  2.73711E-01  2.71060E-02  1.00000E+00  1.00000E+00  6.00547E-05
 7.73711E-01  3.07044E-01  2.36727E-02  1.00000E+00  1.00000E+00  6.00547E-05
 7.73711E-01  3.40377E-01  1.97752E-02  1.00000E+00  1.00000E+00  6.00547E-05
 7.73711E-01  3.73711E-01  1.57998E-02  1.00000E+00  1.00000E+00  6.00547E-05
 7.73711E-01  4.07044E-01  1.20729E-02  1.00000E+00  1.00000E+00  6.00547E-05
 7.73711E-01  4.40377E-01  8.82167E-03  1.00000E+00  1.00000E+00  6.00547E-05
 7.73711E-01  4.73711E-01  6.16228E-03  1.00000E+00  1.00000E+00  6.00547E-05
 7.73711E-01  5.07044E-01  4.11485E-03  1.00000E+00  1.00000E+00  6.00547E-05
 7.73711E-01  5.40377E-01  2.63014E-03  1.00000E+00  1.00000E+00  6.00547E-05
 7.73711E-01  5.73711E-01  1.60899E-03  1.00000E+00  1.00000E+00  6.00547E-05
 7.73711E-01  6.07044E-01  9.28461E-04  1.00000E+00  1.00000E+00  6.00547E-05
 7.73711E-01  6.40377E-01  4.95906E-04  1.00000E+00  1.00000E+00  6.00547E-05
 7.73711E-01  6.73711E-01  2.85900E-04  1.00000E+00  1.00000E+00  6.00547E-05
 7.73711E-01  7.07044E-01  3.03115E-04  1.00000E+00  1.00000E+00  6.00547E-05
 7.73711E-01  7.40377E-01  5.36363E-04  1.00000E+00  1.00000E+00  6.00547E-05
 7.73711E-01  7.73711E-01  9.83322E-04  1.00000E+00  1.00000E+00  6.00547E-05
 7.73711E-01  8.07044E-01  1.69125E-03  1.00000E+00  1.00000E+00  6.00547E-05
 7.73711E-01  8.40377E-01  2.75816E-03  1.00000E+00  1.00000E+00  6.00547E-05
 7.73711E-01  8.73711E-01  4.29857E-03  1.00000E+00  1.00000E+00  6.00547E-05
 7.73711E-01  9.07044E-01  6.40683E-03  1.00000E+00  1.00000E+00  6.00547E-05
 7.73711E-01  9.40377E-01  9.12945E-03  1.00000E+00  1.00000E+00  6.00547E-05
 7.73711E-01  9.73711E-01  1.24380E-02  1.00000E+00  1.00000E+00  6.00547E-05
 8.07044E-01  7.04416E-03  2.79115E-02  1.00000E+00  1.00000E+00  6.00547E-05
 8.07044E-01  4.03775E-02  3.47769E-02  1.00000E+00  1.00000E+00  6.00547E-05
 8.07044E-01  7.37108E-02  4.14425E-02  1.00000E+00  1.00000E+00  6.00547E-05
 8.07044E-01  1.07044E-01  4.72368E-02  1.00000E+00  1.00000E+00  6.00547E-05
 8.07044E-01  1.40377E-01  5.15016E-02  1.00000E+00  1.00000E+00  6.00547E-05
 8.07044E-01  1.73711E-01  5.37136E-02  1.00000E+00  1.00000E+00  6.00547E-05
 8.07044E-01  2.07044E-01  5.35896E-02  1.00000E+00  1.00000E+00  6.00547E-05
 8.07044E-01  2.40377E-01  5.11460E-02  1.00000E+00  1.00000E+00  6.00547E-05
 8.07044E-01  2.73711E-01  4.66949E-02  1.00000E+00  1.00000E+00  6.00547E-05
 8.07044E-01  3.07044E-01  4.07793E-02  1.00000E+00  1.00000E+00  6.00547E-05
 8.07044E-01  3.40377E-01  3.40641E-02  1.00000E+00  1.00000E+00  6.00547E-05
 8.07044E-01  3.73711E-01  2.72149E-02  1.00000E+00  1.00000E+00  6.00547E-05
 8.07044E-01  4.07044E-01  2.07939E-02  1.00000E+00  1.00000E+00  6.00547E-05
 8.07044E-01  4.40377E-01  1.51925E-02  1.00000E+00  1.00000E+00  6.00547E-05
 8.07044E-01  4.73711E-01  1.06114E-02  1.00000E+00  1.00000E+00  6.00547E-05
 8.07044E-01  5.07044E-01  7.08491E-03  1.00000E+00  1.00000E+00  6.00547E-05
 8.07044E-01  5.40377E-01  4.52725E-03  1.00000E+00  1.00000E+00  6.00547E-05
 8.07044E-01  5.73711E-01  2.76764E-03  1.00000E+00  1.00000E+00  6.00547E-05
 8.07044E-01  6.07044E-01  1.59615E-03  1.00000E+00  1.00000E+00  6.00547E-05
 8.07044E-01  6.40377E-01  8.53146E-04  1.00000E+00  1.00000E+00  6.00547E-05
 8.07044E-01  6.73711E-01  4.91808E-04  1.00000E+00  1.00000E+00  6.00547E-05
 8.07044E-01  7.07044E-01  5.19979E-04  1.00000E+00  1.00000E+00  6.00547E-05
 8.07044E-01  7.40377E-01  9.21079E-04  1.00000E+00  1.00000E+00  6.00547E-05
 8.07044E-01  7.73711E-01  1.69125E-03  1.00000E+00  1.00000E+00  6.00547E-05
 8.07044E-01  8.07044E-01  2.91060E-03  1.00000E+00  1.00000E+00  6.00547E-05
 8.07044E-01  8.40377E-01  4.74788E-03  1.00000E+00  1.00000E+00  6.00547E-05
 8.07044E-01  8.73711E-01  7.40099E-03  1.00000E+00  1.00000E+00  6.00547E-05
 8.07044E-01  9.07044E-01  1.10327E-02  1.00000E+00  1.00000E+00  6.00547E-05
 8.07044E-01  9.40377E-01  1.57230E-02  1.00000E+00  1.00000E+00  6.00547E-05
 8.07044E-01  9.73711E-01  2.14230E-02  1.00000E+00  1.00000E+00  6.00547E-05
 8.40377E-01  7.04416E-03  4.55334E-02  1.00000E+00  1.00000E+00  6.00547E-05
 8.40377E-01  4.03775E-02  5.67335E-02  1.00000E+00  1.00000E+00  6.00547E-05
 8.40377E-01  7.37108E-02  6.76075E-02  1.00000E+00  1.00000E+00  6.00547E-05
 8.40377E-01  1.07044E-01  7.70601E-02  1.00000E+00  1.00000E+00  6.00547E-05
 8.40377E-01  1.40377E-01  8.40175E-02  1.00000E+00  1.00000E+00  6.00547E-05
 8.40377E-01  1.73711E-01  8.76260E-02  1.00000E+00  1.00000E+00  6.00547E-05
 8.40377E-01  2.07044E-01  8.74237E-02  1.00000E+00  1.00000E+00  6.00547E-05
 8.40377E-01  2.40377E-01  8.34373E-02  1.00000E+00  1.00000E+00  6.00547E-05
 8.40377E-01  2.73711E-01  7.61760E-02  1.00000E+00  1.00000E+00  6.00547E-05
 8.40377E-01  3.07044E-01  6.65255E-02  1.00000E+00  1.00000E+00  6.00547E-05
 8.40377E-01  3.40377E-01  5.55705E-02  1.00000E+00  1.00000E+00  6.00547E-05
 8.40377E-01  3.73711E-01  4.43970E-02  1.00000E+00  1.00000E+00  6.00547E-05
 8.40377E-01  4.07044E-01  3.39218E-02  1.00000E+00  1.00000E+00  6.00547E-05
 8.40377E-01  4.40377E-01  2.47839E-02  1.00000E+00  1.00000E+00  6.00547E-05
 8.40377E-01  4.73711E-01  1.73105E-02  1.00000E+00  1.00000E+00  6.00547E-05
 8.40377E-01  5.07044E-01  1.15579E-02  1.00000E+00  1.00000E+00  6.00547E-05
 8.40377E-01  5.40377E-01  7.38489E-03  1.00000E+00  1.00000E+00  6.00547E-05
 8.40377E-01  5.73711E-01  4.51303E-03  1.00000E+00  1.00000E+00  6.00547E-05
 8.40377E-01  6.07044E-01  2.60217E-03  1.00000E+00  1.00000E+00  6.00547E-05
 8.40377E-01  6.40377E-01  1.39207E-03  1.00000E+00  1.00000E+00  6.00547E-05
 8.40377E-01  6.73711E-01  8.02800E-04  1.00000E+00  1.00000E+00  6.00547E-05
 8.40377E-01  7.07044E-01  8.46874E-04  1.00000E+00  1.00000E+00  6.00547E-05
 8.40377E-01  7.40377E-01  1.50074E-03  1.00000E+00  1.00000E+00  6.00547E-05
 8.40377E-01  7.73711E-01  2.75816E-03  1.00000E+00  1.00000E+00  6.00547E-05
 8.40377E-01  8.07044E-01  4.74788E-03  1.00000E+00  1.00000E+00  6.00547E-05
 8.40377E-01  8.40377E-01  7.74500E-03  1.00000E+00  1.00000E+00  6.00547E-05
 8.40377E-01  8.73711E-01  1.20731E-02  1.00000E+00  1.00000E+00  6.00547E-05
 8.40377E-01  9.07044E-01  1.79978E-02  1.00000E+00  1.00000E+00  6.00547E-05
 8.40377E-01  9.40377E-01  2.56495E-02  1.00000E+00  1.00000E+00  6.00547E-05
 8.40377E-01  9.73711E-01  3.49483E-02  1.00000E+00  1.00000E+00  6.00547E-05
 8.73711E-01  7.04416E-03  7.09831E-02  1.00000E+00  1.00000E+00  6.00547E-05
 8.73711E-01  4.03775E-02  8.84436E-02  1.00000E+00  1.00000E+00  6.00547E-05
 8.73711E-01  7.37108E-02  1.05396E-01  1.00000E+00  1.00000E+00  6.00547E-05
 8.73711E-01  1.07044E-01  1.20132E-01  1.00000E+00  1.00000E+00  6.00547E-05
 8.73711E-01  1.40377E-01  1.30978E-01  1.00000E+00  1.00000E+00  6.00547E-05
 8.73711E-01  1.73711E-01  1.36604E-01  1.00000E+00  1.00000E+00  6.00547E-05
 8.73711E-01  2.07044E-01  1.36288E-01  1.00000E+00  1.00000E+00  6.00547E-05
 8.73711E-01  2.40377E-01  1.30074E-01  1.00000E+00  1.00000E+00  6.00547E-05
 8.73711E-01  2.73711E-01  1.18754E-01  1.00000E+00  1.00000E+00  6.00547E-05
 8.73711E-01  3.07044E-01  1.03709E-01  1.00000E+00  1.00000E+00  6.00547E-05
 8.73711E-01  3.40377E-01  8.66304E-02  1.00000E+00  1.00000E+00  6.00547E-05
 8.73711E-01  3.73711E-01  6.92114E-02  1.00000E+00  1.00000E+00  6.00547E-05
 8.73711E-01  4.07044E-01  5.28812E-02  1.00000E+00  1.00000E+00  6.00547E-05
 8.73711E-01  4.40377E-01  3.86354E-02  1.00000E+00  1.00000E+00  6.00547E-05
 8.73711E-01  4.73711E-01  2.69850E-02  1.00000E+00  1.00000E+00  6.00547E-05
 8.73711E-01  5.07044E-01  1.80175E-02  1.00000E+00  1.00000E+00  6.00547E-05
 8.73711E-01  5.40377E-01  1.15115E-02  1.00000E+00  1.00000E+00  6.00547E-05
 8.73711E-01  5.73711E-01  7.03298E-03  1.00000E+00  1.00000E+00  6.00547E-05
 8.73711E-01  6.07044E-01  4.05439E-03  1.00000E+00  1.00000E+00  6.00547E-05
 8.73711E-01  6.40377E-01  2.17039E-03  1.00000E+00  1.00000E+00  6.00547E-05
 8.73711E-01  6.73711E-01  1.25212E-03  1.00000E+00  1.00000E+00  6.00547E-05
 8.73711E-01  7.07044E-01  1.31852E-03  1.00000E+00  1.00000E+00  6.00547E-05
 8.73711E-01  7.40377E-01  2.33720E-03  1.00000E+00  1.00000E+00  6.00547E-05
 8.73711E-01  7.73711E-01  4.29857E-03  1.00000E+00  1.00000E+00  6.00547E-05
 8.73711E-01  8.07044E-01  7.40099E-03  1.00000E+00  1.00000E+00  6.00547E-05
 8.73711E-01  8.40377E-01  1.20731E-02  1.00000E+00  1.00000E+00  6.00547E-05
 8.73711E-01  8.73711E-01  1.88202E-02  1.00000E+00  1.00000E+00  6.00547E-05
 8.73711E-01  9.07044E-01  2.80565E-02  1.00000E+00  1.00000E+00  6.00547E-05
 8.73711E-01  9.40377E-01  3.99851E-02  1.00000E+00  1.00000E+00  6.00547E-05
 8.73711E-01  9.73711E-01  5.44815E-02  1.00000E+00  1.00000E+00  6.00547E-05
 9.07044E-01  7.04416E-03  1.05825E-01  1.00000E+00  1.00000E+00  6.00547E-05
 9.07044E-01  4.03775E-02  1.31856E-01  1.00000E+00  1.00000E+00  6.00547E-05
 9.07044E-01  7.37108E-02  1.57129E-01  1.00000E+00  1.00000E+00  6.00547E-05
 9.07044E-01  1.07044E-01  1.79099E-01  1.00000E+00  1.00000E+00  6.00547E-05
 9.07044E-01  1.40377E-01  1.95270E-01  1.00000E+00  1.00000E+00  6.00547E-05
 9.07044E-01  1.73711E-01  2.03657E-01  1.00000E+00  1.00000E+00  6.00547E-05
 9.07044E-01  2.07044E-01  2.03186E-01  1.00000E+00  1.00000E+00  6.00547E-05
 9.07044E-01  2.40377E-01  1.93921E-01  1.00000E+00  1.00000E+00  6.00547E-05
 9.07044E-01  2.73711E-01  1.77044E-01  1.00000E+00  1.00000E+00  6.00547E-05
 9.07044E-01  3.07044E-01  1.54614E-01  1.00000E+00  1.00000E+00  6.00547E-05
 9.07044E-01  3.40377E-01  1.29153E-01  1.00000E+00  1.00000E+00  6.00547E-05
 9.07044E-01  3.73711E-01  1.03183E-01  1.00000E+00  1.00000E+00  6.00547E-05
 9.07044E-01  4.07044E-01  7.88368E-02  1.00000E+00  1.00000E+00  6.00547E-05
 9.07044E-01  4.40377E-01  5.75981E-02  1.00000E+00  1.00000E+00  6.00547E-05
 9.07044E-01  4.73711E-01  4.02292E-02  1.00000E+00  1.00000E+00  6.00547E-05
 9.07044E-01  5.07044E-01  2.68603E-02  1.00000E+00  1.00000E+00  6.00547E-05
 9.07044E-01  5.40377E-01  1.71602E-02  1.00000E+00  1.00000E+00  6.00547E-05
 9.07044E-01  5.73711E-01  1.04819E-02  1.00000E+00  1.00000E+00  6.00547E-05
 9.07044E-01  6.07044E-01  6.04167E-03  1.00000E+00  1.00000E+00  6.00547E-05
 9.07044E-01  6.40377E-01  3.23580E-03  1.00000E+00  1.00000E+00  6.00547E-05
 9.07044E-01  6.73711E-01  1.86736E-03  1.00000E+00  1.00000E+00  6.00547E-05
 9.07044E-01  7.07044E-01  1.96367E-03  1.00000E+00  1.00000E+00  6.00547E-05
 9.07044E-01  7.40377E-01  3.48149E-03  1.00000E+00  1.00000E+00  6.00547E-05
 9.07044E-01  7.73711E-01  6.40683E-03  1.00000E+00  1.00000E+00  6.00547E-05
 9.07044E-01  8.07044E-01  1.10327E-02  1.00000E+00  1.00000E+00  6.00547E-05
 9.07044E-01  8.40377E-01  1.79978E-02  1.00000E+00  1.00000E+00  6.00547E-05
 9.07044E-01  8.73711E-01  2.80565E-02  1.00000E+00  1.00000E+00  6.00547E-05
 9.07044E-01  9.07044E-01  4.18266E-02  1.00000E+00  1.00000E+00  6.00547E-05
 9.07044E-01  9.40377E-01  5.96106E-02  1.00000E+00  1.00000E+00  6.00547E-05
 9.07044E-01  9.73711E-01  8.12228E-02  1.00000E+00  1.00000E+00  6.00547E-05
 9.40377E-01  7.04416E-03  1.50822E-01  1.00000E+00  1.00000E+00  6.00547E-05
 9.40377E-01  4.03775E-02  1.87923E-01  1.00000E+00  1.00000E+00  6.00547E-05
 9.40377E-01  7.37108E-02  2.23943E-01  1.00000E+00  1.00000E+00  6.00547E-05
 9.40377E-01  1.07044E-01  2.55255E-01  1.00000E+00  1.00000E+00  6.00547E-05
 9.40377E-01  1.40377E-01  2.78302E-01  1.00000E+00  1.00000E+00  6.00547E-05
 9.40377E-01  1.73711E-01  2.90255E-01  1.00000E+00  1.00000E+00  6.00547E-05
 9.40377E-01  2.07044E-01  2.89585E-01  1.00000E+00  1.00000E+00  6.00547E-05
 9.40377E-01  2.40377E-01  2.76379E-01  1.00000E+00  1.00000E+00  6.00547E-05
 9.40377E-01  2.73711E-01  2.52326E-01  1.00000E+00  1.00000E+00  6.00547E-05
 9.40377E-01  3.07044E-01  2.20358E-01  1.00000E+00  1.00000E+00  6.00547E-05
 9.40377E-01  3.40377E-01  1.84070E-01  1.00000E+00  1.00000E+00  6.00547E-05
 9.40377E-01  3.73711E-01  1.47057E-01  1.00000E+00  1.00000E+00  6.00547E-05
 9.40377E-01  4.07044E-01  1.12358E-01  1.00000E+00  1.00000E+00  6.00547E-05
 9.40377E-01  4.40377E-01  8.20882E-02  1.00000E+00  1.00000E+00  6.00547E-05
 9.40377E-01  4.73711E-01  5.73339E-02  1.00000E+00  1.00000E+00  6.00547E-05
 9.40377E-01  5.07044E-01  3.82808E-02  1.00000E+00  1.00000E+00  6.00547E-05
 9.40377E-01  5.40377E-01  2.44555E-02  1.00000E+00  1.00000E+00  6.00547E-05
 9.40377E-01  5.73711E-01  1.49357E-02  1.00000E+00  1.00000E+00  6.00547E-05
 9.40377E-01  6.07044E-01  8.60778E-03  1.00000E+00  1.00000E+00  6.00547E-05
 9.40377E-01  6.40377E-01  4.61191E-03  1.00000E+00  1.00000E+00  6.00547E-05
 9.40377E-01  6.73711E-01  2.66224E-03  1.00000E+00  1.00000E+00  6.00547E-05
 9.40377E-01  7.07044E-01  2.79654E-03  1.00000E+00  1.00000E+00  6.00547E-05
 9.40377E-01  7.40377E-01  4.95882E-03  1.00000E+00  1.00000E+00  6.00547E-05
 9.40377E-01  7.73711E-01  9.12945E-03  1.00000E+00  1.00000E+00  6.00547E-05
 9.40377E-01  8.07044E-01  1.57230E-02  1.00000E+00  1.00000E+00  6.00547E-05
 9.40377E-01  8.40377E-01  2.56495E-02  1.00000E+00  1.00000E+00  6.00547E-05
 9.40377E-01  8.73711E-01  3.99851E-02  1.00000E+00  1.00000E+00  6.00547E-05
 9.40377E-01  9.07044E-01  5.96106E-02  1.00000E+00  1.00000E+00  6.00547E-05
 9.40377E-01  9.40377E-01  8.49567E-02  1.00000E+00  1.00000E+00  6.00547E-05
 9.40377E-01  9.73711E-01  1.15759E-01  1.00000E+00  1.00000E+00  6.00547E-05
 9.73711E-01  7.04416E-03  2.05506E-01  1.00000E+00  1.00000E+00  6.00547E-05
 9.73711E-01  4.03775E-02  2.56058E-01  1.00000E+00  1.00000E+00  6.00547E-05
 9.73711E-01  7.37108E-02  3.05139E-01  1.00000E+00  1.00000E+00  6.00547E-05
 9.73711E-01  1.07044E-01  3.47804E-01  1.00000E+00  1.00000E+00  6.00547E-05
 9.73711E-01  1.40377E-01  3.79207E-01  1.00000E+00  1.00000E+00  6.00547E-05
 9.73711E-01  1.73711E-01  3.95494E-01  1.00000E+00  1.00000E+00  6.00547E-05
 9.73711E-01  2.07044E-01  3.94581E-01  1.00000E+00  1.00000E+00  6.00547E-05
 9.73711E-01  2.40377E-01  3.76588E-01  1.00000E+00  1.00000E+00  6.00547E-05
 9.73711E-01  2.73711E-01  3.43813E-01  1.00000E+00  1.00000E+00  6.00547E-05
 9.73711E-01  3.07044E-01  3.00254E-01  1.00000E+00  1.00000E+00  6.00547E-05
 9.73711E-01  3.40377E-01  2.50808E-01  1.00000E+00  1.00000E+00  6.00547E-05
 9.73711E-01  3.73711E-01  2.00376E-01  1.00000E+00  1.00000E+00  6.00547E-05
 9.73711E-01  4.07044E-01  1.53095E-01  1.00000E+00  1.00000E+00  6.00547E-05
 9.73711E-01  4.40377E-01  1.11850E-01  1.00000E+00  1.00000E+00  6.00547E-05
 9.73711E-01  4.73711E-01  7.81207E-02  1.00000E+00  1.00000E+00  6.00547E-05
 9.73711E-01  5.07044E-01  5.21598E-02  1.00000E+00  1.00000E+00  6.00547E-05
 9.73711E-01  5.40377E-01  3.33210E-02  1.00000E+00  1.00000E+00  6.00547E-05
 9.73711E-01  5.73711E-01  2.03478E-02  1.00000E+00  1.00000E+00  6.00547E-05
 9.73711E-01  6.07044E-01  1.17259E-02  1.00000E+00  1.00000E+00  6.00547E-05
 9.73711E-01  6.40377E-01  6.28442E-03  1.00000E+00  1.00000E+00  6.00547E-05
 9.73711E-01  6.73711E-01  3.62854E-03  1.00000E+00  1.00000E+00  6.00547E-05
 9.73711E-01  7.07044E-01  3.80843E-03  1.00000E+00  1.00000E+00  6.00547E-05
 9.73711E-01  7.40377E-01  6.75370E-03  1.00000E+00  1.00000E+00  6.00547E-05
 9.73711E-01  7.73711E-01  1.24380E-02  1.00000E+00  1.00000E+00  6.00547E-05
 9.73711E-01  8.07044E-01  2.14230E-02  1.00000E+00  1.00000E+00  6.00547E-05
 9.73711E-01  8.40377E-01  3.49483E-02  1.00000E+00  1.00000E+00  6.00547E-05
 9.73711E-01  8.73711E-01  5.44815E-02  1.00000E+00  1.00000E+00  6.00547E-05
 9.73711E-01  9.07044E-01  8.12228E-02  1.00000E+00  1.00000E+00  6.00547E-05
 9.73711E-01  9.40377E-01  1.15759E-01  1.00000E+00  1.00000E+00  6.00547E-05
 9.73711E-01  9.73711E-01  1.57729E-01  1.00000E+00  1.00000E+00  6.00547E-05
