 7.04416E-03  7.04416E-03  6.15526E-01  1.00000E+00  1.00000E+00  6.00556E-05
 7.04416E-03  4.03775E-02  5.19600E-01  1.00000E+00  1.00000E+00  6.00556E-05
 7.04416E-03  7.37108E-02  4.19511E-01  1.00000E+00  1.00000E+00  6.00556E-05
 7.04416E-03  1.07044E-01  3.23926E-01  1.00000E+00  1.00000E+00  6.00556E-05
 7.04416E-03  1.40377E-01  2.39195E-01  1.00000E+00  1.00000E+00  6.00556E-05
 7.04416E-03  1.73711E-01  1.68899E-01  1.00000E+00  1.00000E+00  6.00556E-05
 7.04416E-03  2.07044E-01  1.14019E-01  1.00000E+00  1.00000E+00  6.00556E-05
 7.04416E-03  2.40377E-01  7.35970E-02  1.00000E+00  1.00000E+00  6.00556E-05
 7.04416E-03  2.73711E-01  4.54929E-02  1.00000E+00  1.00000E+00  6.00556E-05
 7.04416E-03  3.07044E-01  2.68037E-02  1.00000E+00  1.00000E+00  6.00556E-05
 7.04416E-03  3.40377E-01  1.46884E-02  1.00000E+00  1.00000E+00  6.00556E-05
 7.04416E-03  3.73711E-01  7.90354E-03  1.00000E+00  1.00000E+00  6.00556E-05
 7.04416E-03  4.07044E-01  6.82889E-03  1.00000E+00  1.00000E+00  6.00556E-05
 7.04416E-03  4.40377E-01  1.15330E-02  1.00000E+00  1.00000E+00  6.00556E-05
 7.04416E-03  4.73711E-01  2.14926E-02  1.00000E+00  1.00000E+00  6.00556E-05
 7.04416E-03  5.07044E-01  3.73593E-02  1.00000E+00  1.00000E+00  6.00556E-05
 7.04416E-03  5.40377E-01  6.15282E-02  1.00000E+00  1.00000E+00  6.00556E-05
 7.04416E-03  5.73711E-01  9.69466E-02  1.00000E+00  1.00000E+00  6.00556E-05
 7.04416E-03  6.07044E-01  1.46098E-01  1.00000E+00  1.00000E+00  6.00556E-05
 7.04416E-03  6.40377E-01  2.10495E-01  1.00000E+00  1.00000E+00  6.00556E-05
 7.04416E-03  6.73711E-01  2.89992E-01  1.00000E+00  1.00000E+00  6.00556E-05
 7.04416E-03  7.07044E-01  3.82044E-01  1.00000E+00  1.00000E+00  6.00556E-05
 7.04416E-03  7.40377E-01  4.81342E-01  1.00000E+00  1.00000E+00  6.00556E-05
 7.04416E-03  7.73711E-01  5.80002E-01  1.00000E+00  1.00000E+00  6.00556E-05
 7.04416E-03  8.07044E-01  6.68440E-01  1.00000E+00  1.00000E+00  6.00556E-05
 7.04416E-03  8.40377E-01  7.36834E-01  1.00000E+00  1.00000E+00  6.00556E-05
 7.04416E-03  8.73711E-01  7.76894E-01  1.00000E+00  1.00000E+00  6.00556E-05
 7.04416E-03  9.07044E-01  7.83512E-01  1.00000E+00  1.00000E+00  6.00556E-05
 7.04416E-03  9.40377E-01  7.55830E-01  1.00000E+00  1.00000E+00  6.00556E-05
 7.04416E-03  9.73711E-01  6.97419E-01  1.00000E+00  1.00000E+00  6.00556E-05
 4.03775E-02  7.04416E-03  5.19600E-01  1.00000E+00  1.00000E+00  6.00556E-05
 4.03775E-02  4.03775E-02  4.38624E-01  1.00000E+00  1.00000E+00  6.00556E-05
 4.03775E-02  7.37108E-02  3.54133E-01  1.00000E+00  1.00000E+00  6.00556E-05
 4.03775E-02  1.07044E-01  2.73445E-01  1.00000E+00  1.00000E+00  6.00556E-05
 4.03775E-02  1.40377E-01  2.01918E-01  1.00000E+00  1.00000E+00  6.00556E-05
 4.03775E-02  1.73711E-01  1.42578E-01  1.00000E+00  1.00000E+00  6.00556E-05
 4.03775E-02  2.07044E-01  9.62503E-02  1.00000E+00  1.00000E+00  6.00556E-05
 4.03775E-02  2.40377E-01  6.21280E-02  1.00000E+00  1.00000E+00  6.00556E-05
 4.03775E-02  2.73711E-01  3.84045E-02  1.00000E+00  1.00000E+00  6.00556E-05
 4.03775E-02  3.07044E-01  2.26287E-02  1.00000E+00  1.00000E+00  6.00556E-05
 4.03775E-02  3.40377E-01  1.23999E-02  1.00000E+00  1.00000E+00  6.00556E-05
 4.03775E-02  3.73711E-01  6.67110E-03  1.00000E+00  1.00000E+00  6.00556E-05
 4.03775E-02  4.07044E-01  5.76586E-03  1.00000E+00  1.00000E+00  6.00556E-05
 4.03775E-02  4.40377E-01  9.73769E-03  1.00000E+00  1.00000E+00  6.00556E-05
 4.03775E-02  4.73711E-01  1.81441E-02  1.00000E+00  1.00000E+00  6.00556E-05
 4.03775E-02  5.07044E-01  3.15378E-02  1.00000E+00  1.00000E+00  6.00556E-05
 4.03775E-02  5.40377E-01  5.19404E-02  1.00000E+00  1.00000E+00  6.00556E-05
 4.03775E-02  5.73711E-01  8.18390E-02  1.00000E+00  1.00000E+00  6.00556E-05
 4.03775E-02  6.07044E-01  1.23331E-01  1.00000E+00  1.00000E+00  6.00556E-05
 4.03775E-02  6.40377E-01  1.77692E-01  1.00000E+00  1.00000E+00  6.00556E-05
 4.03775E-02  6.73711E-01  2.44799E-01  1.00000E+00  1.00000E+00  6.00556E-05
 4.03775E-02  7.07044E-01  3.22505E-01  1.00000E+00  1.00000E+00  6.00556E-05
 4.03775E-02  7.40377E-01  4.06328E-01  1.00000E+00  1.00000E+00  6.00556E-05
 4.03775E-02  7.73711E-01  4.89612E-01  1.00000E+00  1.00000E+00  6.00556E-05
 4.03775E-02  8.07044E-01  5.64268E-01  1.00000E+00  1.00000E+00  6.00556E-05
 4.03775E-02  8.40377E-01  6.22002E-01  1.00000E+00  1.00000E+00  6.00556E-05
 4.03775E-02  8.73711E-01  6.55819E-01  1.00000E+00  1.00000E+00  6.00556E-05
 4.03775E-02  9.07044E-01  6.61406E-01  1.00000E+00  1.00000E+00  6.00556E-05
 4.03775E-02  9.40377E-01  6.38038E-01  1.00000E+00  1.00000E+00  6.00556E-05
 4.03775E-02  9.73711E-01  5.88730E-01  1.00000E+00  1.00000E+00  6.00556E-05
 7.37108E-02  7.04416E-03  4.19511E-01  1.00000E+00  1.00000E+00  6.00556E-05
 7.37108E-02  4.03775E-02  3.54133E-01  1.00000E+00  1.00000E+00  6.00556E-05
 7.37108E-02  7.37108E-02  2.85919E-01  1.00000E+00  1.00000E+00  6.00556E-05
 7.37108E-02  1.07044E-01  2.20773E-01  1.00000E+00  1.00000E+00  6.00556E-05
 7.37108E-02  1.40377E-01  1.63025E-01  1.00000E+00  1.00000E+00  6.00556E-05
 7.37108E-02  1.73711E-01  1.15115E-01  1.00000E+00  1.00000E+00  6.00556E-05
 7.37108E-02  2.07044E-01  7.77108E-02  1.00000E+00  1.00000E+00  6.00556E-05
 7.37108E-02  2.40377E-01  5.01611E-02  1.00000E+00  1.00000E+00  6.00556E-05
 7.37108E-02  2.73711E-01  3.10083E-02  1.00000E+00  1.00000E+00  6.00556E-05
 7.37108E-02  3.07044E-01  1.82722E-02  1.00000E+00  1.00000E+00  6.00556E-05
 7.37108E-02  3.40377E-01  1.00120E-02  1.00000E+00  1.00000E+00  6.00556E-05
 7.37108E-02  3.73711E-01  5.38528E-03  1.00000E+00  1.00000E+00  6.00556E-05
 7.37108E-02  4.07044E-01  4.65656E-03  1.00000E+00  1.00000E+00  6.00556E-05
 7.37108E-02  4.40377E-01  7.86417E-03  1.00000E+00  1.00000E+00  6.00556E-05
 7.37108E-02  4.73711E-01  1.46501E-02  1.00000E+00  1.00000E+00  6.00556E-05
 7.37108E-02  5.07044E-01  2.54635E-02  1.00000E+00  1.00000E+00  6.00556E-05
 7.37108E-02  5.40377E-01  4.19364E-02  1.00000E+00  1.00000E+00  6.00556E-05
 7.37108E-02  5.73711E-01  6.60757E-02  1.00000E+00  1.00000E+00  6.00556E-05
 7.37108E-02  6.07044E-01  9.95748E-02  1.00000E+00  1.00000E+00  6.00556E-05
 7.37108E-02  6.40377E-01  1.43464E-01  1.00000E+00  1.00000E+00  6.00556E-05
 7.37108E-02  6.73711E-01  1.97645E-01  1.00000E+00  1.00000E+00  6.00556E-05
 7.37108E-02  7.07044E-01  2.60383E-01  1.00000E+00  1.00000E+00  6.00556E-05
 7.37108E-02  7.40377E-01  3.28058E-01  1.00000E+00  1.00000E+00  6.00556E-05
 7.37108E-02  7.73711E-01  3.95300E-01  1.00000E+00  1.00000E+00  6.00556E-05
 7.37108E-02  8.07044E-01  4.55575E-01  1.00000E+00  1.00000E+00  6.00556E-05
 7.37108E-02  8.40377E-01  5.02188E-01  1.00000E+00  1.00000E+00  6.00556E-05
 7.37108E-02  8.73711E-01  5.29490E-01  1.00000E+00  1.00000E+00  6.00556E-05
 7.37108E-02  9.07044E-01  5.34001E-01  1.00000E+00  1.00000E+00  6.00556E-05
 7.37108E-02  9.40377E-01  5.15135E-01  1.00000E+00  1.00000E+00  6.00556E-05
 7.37108E-02  9.73711E-01  4.75325E-01  1.00000E+00  1.00000E+00  6.00556E-05
 1.07044E-01  7.04416E-03  3.23926E-01  1.00000E+00  1.00000E+00  6.00556E-05
 1.07044E-01  4.03775E-02  2.73445E-01  1.00000E+00  1.00000E+00  6.00556E-05
 1.07044E-01  7.37108E-02  2.20773E-01  1.00000E+00  1.00000E+00  6.00556E-05
 1.07044E-01  1.07044E-01  1.70471E-01  1.00000E+00  1.00000E+00  6.00556E-05
 1.07044E-01  1.40377E-01  1.25880E-01  1.00000E+00  1.00000E+00  6.00556E-05
 1.07044E-01  1.73711E-01  8.88872E-02  1.00000E+00  1.00000E+00  6.00556E-05
 1.07044E-01  2.07044E-01  6.00054E-02  1.00000E+00  1.00000E+00  6.00556E-05
 1.07044E-01  2.40377E-01  3.87326E-02  1.00000E+00  1.00000E+00  6.00556E-05
 1.07044E-01  2.73711E-01  2.39447E-02  1.00000E+00  1.00000E+00  6.00556E-05
 1.07044E-01  3.07044E-01  1.41114E-02  1.00000E+00  1.00000E+00  6.00556E-05
 1.07044E-01  3.40377E-01  7.73142E-03  1.00000E+00  1.00000E+00  6.00556E-05
 1.07044E-01  3.73711E-01  4.15743E-03  1.00000E+00  1.00000E+00  6.00556E-05
 1.07044E-01  4.07044E-01  3.59695E-03  1.00000E+00  1.00000E+00  6.00556E-05
 1.07044E-01  4.40377E-01  6.07459E-03  1.00000E+00  1.00000E+00  6.00556E-05
 1.07044E-01  4.73711E-01  1.13132E-02  1.00000E+00  1.00000E+00  6.00556E-05
 1.07044E-01  5.07044E-01  1.96625E-02  1.00000E+00  1.00000E+00  6.00556E-05
 1.07044E-01  5.40377E-01  3.23823E-02  1.00000E+00  1.00000E+00  6.00556E-05
 1.07044E-01  5.73711E-01  5.10215E-02  1.00000E+00  1.00000E+00  6.00556E-05
 1.07044E-01  6.07044E-01  7.68878E-02  1.00000E+00  1.00000E+00  6.00556E-05
 1.07044E-01  6.40377E-01  1.10777E-01  1.00000E+00  1.00000E+00  6.00556E-05
 1.07044E-01  6.73711E-01  1.52612E-01  1.00000E+00  1.00000E+00  6.00556E-05
 1.07044E-01  7.07044E-01  2.01055E-01  1.00000E+00  1.00000E+00  6.00556E-05
 1.07044E-01  7.40377E-01  2.53311E-01  1.00000E+00  1.00000E+00  6.00556E-05
 1.07044E-01  7.73711E-01  3.05231E-01  1.00000E+00  1.00000E+00  6.00556E-05
 1.07044E-01  8.07044E-01  3.51772E-01  1.00000E+00  1.00000E+00  6.00556E-05
 1.07044E-01  8.40377E-01  3.87764E-01  1.00000E+00  1.00000E+00  6.00556E-05
 1.07044E-01  8.73711E-01  4.08846E-01  1.00000E+00  1.00000E+00  6.00556E-05
 1.07044E-01  9.07044E-01  4.12329E-01  1.00000E+00  1.00000E+00  6.00556E-05
 1.07044E-01  9.40377E-01  3.97761E-01  1.00000E+00  1.00000E+00  6.00556E-05
 1.07044E-01  9.73711E-01  3.67022E-01  1.00000E+00  1.00000E+00  6.00556E-05
 1.40377E-01  7.04416E-03  2.39195E-01  1.00000E+00  1.00000E+00  6.00556E-05
 1.40377E-01  4.03775E-02  2.01918E-01  1.00000E+00  1.00000E+00  6.00556E-05
 1.40377E-01  7.37108E-02  1.63025E-01  1.00000E+00  1.00000E+00  6.00556E-05
 1.40377E-01  1.07044E-01  1.25880E-01  1.00000E+00  1.00000E+00  6.00556E-05
 1.40377E-01  1.40377E-01  9.29542E-02  1.00000E+00  1.00000E+00  6.00556E-05
 1.40377E-01  1.73711E-01  6.56377E-02  1.00000E+00  1.00000E+00  6.00556E-05
 1.40377E-01  2.07044E-01  4.43105E-02  1.00000E+00  1.00000E+00  6.00556E-05
 1.40377E-01  2.40377E-01  2.86019E-02  1.00000E+00  1.00000E+00  6.00556E-05
 1.40377E-01  2.73711E-01  1.76830E-02  1.00000E+00  1.00000E+00  6.00556E-05
 1.40377E-01  3.07044E-01  1.04227E-02  1.00000E+00  1.00000E+00  6.00556E-05
 1.40377E-01  3.40377E-01  5.70976E-03  1.00000E+00  1.00000E+00  6.00556E-05
 1.40377E-01  3.73711E-01  3.06922E-03  1.00000E+00  1.00000E+00  6.00556E-05
 1.40377E-01  4.07044E-01  2.65750E-03  1.00000E+00  1.00000E+00  6.00556E-05
 1.40377E-01  4.40377E-01  4.48791E-03  1.00000E+00  1.00000E+00  6.00556E-05
 1.40377E-01  4.73711E-01  8.35506E-03  1.00000E+00  1.00000E+00  6.00556E-05
 1.40377E-01  5.07044E-01  1.45201E-02  1.00000E+00  1.00000E+00  6.00556E-05
 1.40377E-01  5.40377E-01  2.39131E-02  1.00000E+00  1.00000E+00  6.00556E-05
 1.40377E-01  5.73711E-01  3.76768E-02  1.00000E+00  1.00000E+00  6.00556E-05
 1.40377E-01  6.07044E-01  5.67769E-02  1.00000E+00  1.00000E+00  6.00556E-05
 1.40377E-01  6.40377E-01  8.18013E-02  1.00000E+00  1.00000E+00  6.00556E-05
 1.40377E-01  6.73711E-01  1.12693E-01  1.00000E+00  1.00000E+00  6.00556E-05
 1.40377E-01  7.07044E-01  1.48464E-01  1.00000E+00  1.00000E+00  6.00556E-05
 1.40377E-01  7.40377E-01  1.87051E-01  1.00000E+00  1.00000E+00  6.00556E-05
 1.40377E-01  7.73711E-01  2.25390E-01  1.00000E+00  1.00000E+00  6.00556E-05
 1.40377E-01  8.07044E-01  2.59756E-01  1.00000E+00  1.00000E+00  6.00556E-05
 1.40377E-01  8.40377E-01  2.86334E-01  1.00000E+00  1.00000E+00  6.00556E-05
 1.40377E-01  8.73711E-01  3.01901E-01  1.00000E+00  1.00000E+00  6.00556E-05
 1.40377E-01  9.07044E-01  3.04473E-01  1.00000E+00  1.00000E+00  6.00556E-05
 1.40377E-01  9.40377E-01  2.93716E-01  1.00000E+00  1.00000E+00  6.00556E-05
 1.40377E-01  9.73711E-01  2.71018E-01  1.00000E+00  1.00000E+00  6.00556E-05
 1.73711E-01  7.04416E-03  1.68899E-01  1.00000E+00  1.00000E+00  6.00556E-05
 1.73711E-01  4.03775E-02  1.42578E-01  1.00000E+00  1.00000E+00  6.00556E-05
 1.73711E-01  7.37108E-02  1.15115E-01  1.00000E+00  1.00000E+00  6.00556E-05
 1.73711E-01  1.07044E-01  8.88872E-02  1.00000E+00  1.00000E+00  6.00556E-05
 1.73711E-01  1.40377E-01  6.56377E-02  1.00000E+00  1.00000E+00  6.00556E-05
 1.73711E-01  1.73711E-01  4.63493E-02  1.00000E+00  1.00000E+00  6.00556E-05
 1.73711E-01  2.07044E-01  3.12897E-02  1.00000E+00  1.00000E+00  6.00556E-05
 1.73711E-01  2.40377E-01  2.01972E-02  1.00000E+00  1.00000E+00  6.00556E-05
 1.73711E-01  2.73711E-01  1.24880E-02  1.00000E+00  1.00000E+00  6.00556E-05
 1.73711E-01  3.07044E-01  7.36222E-03  1.00000E+00  1.00000E+00  6.00556E-05
 1.73711E-01  3.40377E-01  4.03257E-03  1.00000E+00  1.00000E+00  6.00556E-05
 1.73711E-01  3.73711E-01  2.16672E-03  1.00000E+00  1.00000E+00  6.00556E-05
 1.73711E-01  4.07044E-01  1.87797E-03  1.00000E+00  1.00000E+00  6.00556E-05
 1.73711E-01  4.40377E-01  3.17126E-03  1.00000E+00  1.00000E+00  6.00556E-05
 1.73711E-01  4.73711E-01  5.90092E-03  1.00000E+00  1.00000E+00  6.00556E-05
 1.73711E-01  5.07044E-01  1.02540E-02  1.00000E+00  1.00000E+00  6.00556E-05
 1.73711E-01  5.40377E-01  1.68869E-02  1.00000E+00  1.00000E+00  6.00556E-05
 1.73711E-01  5.73711E-01  2.66056E-02  1.00000E+00  1.00000E+00  6.00556E-05
 1.73711E-01  6.07044E-01  4.00924E-02  1.00000E+00  1.00000E+00  6.00556E-05
 1.73711E-01  6.40377E-01  5.77624E-02  1.00000E+00  1.00000E+00  6.00556E-05
 1.73711E-01  6.73711E-01  7.95754E-02  1.00000E+00  1.00000E+00  6.00556E-05
 1.73711E-01  7.07044E-01  1.04834E-01  1.00000E+00  1.00000E+00  6.00556E-05
 1.73711E-01  7.40377E-01  1.32080E-01  1.00000E+00  1.00000E+00  6.00556E-05
 1.73711E-01  7.73711E-01  1.59151E-01  1.00000E+00  1.00000E+00  6.00556E-05
 1.73711E-01  8.07044E-01  1.83418E-01  1.00000E+00  1.00000E+00  6.00556E-05
 1.73711E-01  8.40377E-01  2.02184E-01  1.00000E+00  1.00000E+00  6.00556E-05
 1.73711E-01  8.73711E-01  2.13176E-01  1.00000E+00  1.00000E+00  6.00556E-05
 1.73711E-01  9.07044E-01  2.14992E-01  1.00000E+00  1.00000E+00  6.00556E-05
 1.73711E-01  9.40377E-01  2.07397E-01  1.00000E+00  1.00000E+00  6.00556E-05
 1.73711E-01  9.73711E-01  1.91369E-01  1.00000E+00  1.00000E+00  6.00556E-05
 2.07044E-01  7.04416E-03  1.14019E-01  1.00000E+00  1.00000E+00  6.00556E-05
 2.07044E-01  4.03775E-02  9.62503E-02  1.00000E+00  1.00000E+00  6.00556E-05
 2.07044E-01  7.37108E-02  7.77108E-02  1.00000E+00  1.00000E+00  6.00556E-05
 2.07044E-01  1.07044E-01  6.00054E-02  1.00000E+00  1.00000E+00  6.00556E-05
 2.07044E-01  1.40377E-01  4.43105E-02  1.00000E+00  1.00000E+00  6.00556E-05
 2.07044E-01  1.73711E-01  3.12897E-02  1.00000E+00  1.00000E+00  6.00556E-05
 2.07044E-01  2.07044E-01  2.11232E-02  1.00000E+00  1.00000E+00  6.00556E-05
 2.07044E-01  2.40377E-01  1.36348E-02  1.00000E+00  1.00000E+00  6.00556E-05
 2.07044E-01  2.73711E-01  8.43134E-03  1.00000E+00  1.00000E+00  6.00556E-05
 2.07044E-01  3.07044E-01  4.97183E-03  1.00000E+00  1.00000E+00  6.00556E-05
 2.07044E-01  3.40377E-01  2.72260E-03  1.00000E+00  1.00000E+00  6.00556E-05
 2.07044E-01  3.73711E-01  1.46196E-03  1.00000E+00  1.00000E+00  6.00556E-05
 2.07044E-01  4.07044E-01  1.26878E-03  1.00000E+00  1.00000E+00  6.00556E-05
 2.07044E-01  4.40377E-01  2.14248E-03  1.00000E+00  1.00000E+00  6.00556E-05
 2.07044E-01  4.73711E-01  3.98422E-03  1.00000E+00  1.00000E+00  6.00556E-05
 2.07044E-01  5.07044E-01  6.92258E-03  1.00000E+00  1.00000E+00  6.00556E-05
 2.07044E-01  5.40377E-01  1.14005E-02  1.00000E+00  1.00000E+00  6.00556E-05
 2.07044E-01  5.73711E-01  1.79613E-02  1.00000E+00  1.00000E+00  6.00556E-05
 2.07044E-01  6.07044E-01  2.70657E-02  1.00000E+00  1.00000E+00  6.00556E-05
 2.07044E-01  6.40377E-01  3.89941E-02  1.00000E+00  1.00000E+00  6.00556E-05
 2.07044E-01  6.73711E-01  5.37192E-02  1.00000E+00  1.00000E+00  6.00556E-05
 2.07044E-01  7.07044E-01  7.07701E-02  1.00000E+00  1.00000E+00  6.00556E-05
 2.07044E-01  7.40377E-01  8.91630E-02  1.00000E+00  1.00000E+00  6.00556E-05
 2.07044E-01  7.73711E-01  1.07438E-01  1.00000E+00  1.00000E+00  6.00556E-05
 2.07044E-01  8.07044E-01  1.23819E-01  1.00000E+00  1.00000E+00  6.00556E-05
 2.07044E-01  8.40377E-01  1.36488E-01  1.00000E+00  1.00000E+00  6.00556E-05
 2.07044E-01  8.73711E-01  1.43908E-01  1.00000E+00  1.00000E+00  6.00556E-05
 2.07044E-01  9.07044E-01  1.45134E-01  1.00000E+00  1.00000E+00  6.00556E-05
 2.07044E-01  9.40377E-01  1.40007E-01  1.00000E+00  1.00000E+00  6.00556E-05
 2.07044E-01  9.73711E-01  1.29187E-01  1.00000E+00  1.00000E+00  6.00556E-05
 2.40377E-01  7.04416E-03  7.35970E-02  1.00000E+00  1.00000E+00  6.00556E-05
 2.40377E-01  4.03775E-02  6.21280E-02  1.00000E+00  1.00000E+00  6.00556E-05
 2.40377E-01  7.37108E-02  5.01611E-02  1.00000E+00  1.00000E+00  6.00556E-05
 2.40377E-01  1.07044E-01  3.87326E-02  1.00000E+00  1.00000E+00  6.00556E-05
 2.40377E-01  1.40377E-01  2.86019E-02  1.00000E+00  1.00000E+00  6.00556E-05
 2.40377E-01  1.73711E-01  2.01972E-02  1.00000E+00  1.00000E+00  6.00556E-05
 2.40377E-01  2.07044E-01  1.36348E-02  1.00000E+00  1.00000E+00  6.00556E-05
 2.40377E-01  2.40377E-01  8.80090E-03  1.00000E+00  1.00000E+00  6.00556E-05
 2.40377E-01  2.73711E-01  5.44290E-03  1.00000E+00  1.00000E+00  6.00556E-05
 2.40377E-01  3.07044E-01  3.21052E-03  1.00000E+00  1.00000E+00  6.00556E-05
 2.40377E-01  3.40377E-01  1.75746E-03  1.00000E+00  1.00000E+00  6.00556E-05
 2.40377E-01  3.73711E-01  9.42916E-04  1.00000E+00  1.00000E+00  6.00556E-05
 2.40377E-01  4.07044E-01  8.19683E-04  1.00000E+00  1.00000E+00  6.00556E-05
 2.40377E-01  4.40377E-01  1.38413E-03  1.00000E+00  1.00000E+00  6.00556E-05
 2.40377E-01  4.73711E-01  2.57211E-03  1.00000E+00  1.00000E+00  6.00556E-05
 2.40377E-01  5.07044E-01  4.46851E-03  1.00000E+00  1.00000E+00  6.00556E-05
 2.40377E-01  5.40377E-01  7.35907E-03  1.00000E+00  1.00000E+00  6.00556E-05
 2.40377E-01  5.73711E-01  1.15939E-02  1.00000E+00  1.00000E+00  6.00556E-05
 2.40377E-01  6.07044E-01  1.74706E-02  1.00000E+00  1.00000E+00  6.00556E-05
 2.40377E-01  6.40377E-01  2.51701E-02  1.00000E+00  1.00000E+00  6.00556E-05
 2.40377E-01  6.73711E-01  3.46748E-02  1.00000E+00  1.00000E+00  6.00556E-05
 2.40377E-01  7.07044E-01  4.56809E-02  1.00000E+00  1.00000E+00  6.00556E-05
 2.40377E-01  7.40377E-01  5.75531E-02  1.00000E+00  1.00000E+00  6.00556E-05
 2.40377E-01  7.73711E-01  6.93491E-02  1.00000E+00  1.00000E+00  6.00556E-05
 2.40377E-01  8.07044E-01  7.99231E-02  1.00000E+00  1.00000E+00  6.00556E-05
 2.40377E-01  8.40377E-01  8.81004E-02  1.00000E+00  1.00000E+00  6.00556E-05
 2.40377E-01  8.73711E-01  9.28902E-02  1.00000E+00  1.00000E+00  6.00556E-05
 2.40377E-01  9.07044E-01  9.36816E-02  1.00000E+00  1.00000E+00  6.00556E-05
 2.40377E-01  9.40377E-01  9.03720E-02  1.00000E+00  1.00000E+00  6.00556E-05
 2.40377E-01  9.73711E-01  8.33883E-02  1.00000E+00  1.00000E+00  6.00556E-05
 2.73711E-01  7.04416E-03  4.54929E-02  1.00000E+00  1.00000E+00  6.00556E-05
 2.73711E-01  4.03775E-02  3.84045E-02  1.00000E+00  1.00000E+00  6.00556E-05
 2.73711E-01  7.37108E-02  3.10083E-02  1.00000E+00  1.00000E+00  6.00556E-05
 2.73711E-01  1.07044E-01  2.39447E-02  1.00000E+00  1.00000E+00  6.00556E-05
 2.73711E-01  1.40377E-01  1.76830E-02  1.00000E+00  1.00000E+00  6.00556E-05
 2.73711E-01  1.73711E-01  1.24880E-02  1.00000E+00  1.00000E+00  6.00556E-05
 2.73711E-01  2.07044E-01  8.43134E-03  1.00000E+00  1.00000E+00  6.00556E-05
 2.73711E-01  2.40377E-01  5.44290E-03  1.00000E+00  1.00000E+00  6.00556E-05
 2.73711E-01  2.73711E-01  3.36741E-03  1.00000E+00  1.00000E+00  6.00556E-05
 2.73711E-01  3.07044E-01  1.98760E-03  1.00000E+00  1.00000E+00  6.00556E-05
 2.73711E-01  3.40377E-01  1.08791E-03  1.00000E+00  1.00000E+00  6.00556E-05
 2.73711E-01  3.73711E-01  5.83408E-04  1.00000E+00  1.00000E+00  6.00556E-05
 2.73711E-01  4.07044E-01  5.08338E-04  1.00000E+00  1.00000E+00  6.00556E-05
 2.73711E-01  4.40377E-01  8.57897E-04  1.00000E+00  1.00000E+00  6.00556E-05
 2.73711E-01  4.73711E-01  1.59202E-03  1.00000E+00  1.00000E+00  6.00556E-05
 2.73711E-01  5.07044E-01  2.76452E-03  1.00000E+00  1.00000E+00  6.00556E-05
 2.73711E-01  5.40377E-01  4.55183E-03  1.00000E+00  1.00000E+00  6.00556E-05
 2.73711E-01  5.73711E-01  7.16986E-03  1.00000E+00  1.00000E+00  6.00556E-05
 2.73711E-01  6.07044E-01  1.08025E-02  1.00000E+00  1.00000E+00  6.00556E-05
 2.73711E-01  6.40377E-01  1.55617E-02  1.00000E+00  1.00000E+00  6.00556E-05
 2.73711E-01  6.73711E-01  2.14365E-02  1.00000E+00  1.00000E+00  6.00556E-05
 2.73711E-01  7.07044E-01  2.82390E-02  1.00000E+00  1.00000E+00  6.00556E-05
 2.73711E-01  7.40377E-01  3.55768E-02  1.00000E+00  1.00000E+00  6.00556E-05
 2.73711E-01  7.73711E-01  4.28674E-02  1.00000E+00  1.00000E+00  6.00556E-05
 2.73711E-01  8.07044E-01  4.94025E-02  1.00000E+00  1.00000E+00  6.00556E-05
 2.73711E-01  8.40377E-01  5.44564E-02  1.00000E+00  1.00000E+00  6.00556E-05
 2.73711E-01  8.73711E-01  5.74167E-02  1.00000E+00  1.00000E+00  6.00556E-05
 2.73711E-01  9.07044E-01  5.79059E-02  1.00000E+00  1.00000E+00  6.00556E-05
 2.73711E-01  9.40377E-01  5.58604E-02  1.00000E+00  1.00000E+00  6.00556E-05
 2.73711E-01  9.73711E-01  5.15443E-02  1.00000E+00  1.00000E+00  6.00556E-05
 3.07044E-01  7.04416E-03  2.68037E-02  1.00000E+00  1.00000E+00  6.00556E-05
 3.07044E-01  4.03775E-02  2.26287E-02  1.00000E+00  1.00000E+00  6.00556E-05
 3.07044E-01  7.37108E-02  1.82722E-02  1.00000E+00  1.00000E+00  6.00556E-05
 3.07044E-01  1.07044E-01  1.41114E-02  1.00000E+00  1.00000E+00  6.00556E-05
 3.07044E-01  1.40377E-01  1.04227E-02  1.00000E+00  1.00000E+00  6.00556E-05
 3.07044E-01  1.73711E-01  7.36222E-03  1.00000E+00  1.00000E+00  6.00556E-05
 3.07044E-01  2.07044E-01  4.97183E-03  1.00000E+00  1.00000E+00  6.00556E-05
 3.07044E-01  2.40377E-01  3.21052E-03  1.00000E+00  1.00000E+00  6.00556E-05
 3.07044E-01  2.73711E-01  1.98760E-03  1.00000E+00  1.00000E+00  6.00556E-05
 3.07044E-01  3.07044E-01  1.17443E-03  1.00000E+00  1.00000E+00  6.00556E-05
 3.07044E-01  3.40377E-01  6.42889E-04  1.00000E+00  1.00000E+00  6.00556E-05
 3.07044E-01  3.73711E-01  3.44678E-04  1.00000E+00  1.00000E+00  6.00556E-05
 3.07044E-01  4.07044E-01  3.01236E-04  1.00000E+00  1.00000E+00  6.00556E-05
 3.07044E-01  4.40377E-01  5.07850E-04  1.00000E+00  1.00000E+00  6.00556E-05
 3.07044E-01  4.73711E-01  9.40519E-04  1.00000E+00  1.00000E+00  6.00556E-05
 3.07044E-01  5.07044E-01  1.63183E-03  1.00000E+00  1.00000E+00  6.00556E-05
 3.07044E-01  5.40377E-01  2.68558E-03  1.00000E+00  1.00000E+00  6.00556E-05
 3.07044E-01  5.73711E-01  4.22854E-03  1.00000E+00  1.00000E+00  6.00556E-05
 3.07044E-01  6.07044E-01  6.36901E-03  1.00000E+00  1.00000E+00  6.00556E-05
 3.07044E-01  6.40377E-01  9.17295E-03  1.00000E+00  1.00000E+00  6.00556E-05
 3.07044E-01  6.73711E-01  1.26338E-02  1.00000E+00  1.00000E+00  6.00556E-05
 3.07044E-01  7.07044E-01  1.66409E-02  1.00000E+00  1.00000E+00  6.00556E-05
 3.07044E-01  7.40377E-01  2.09630E-02  1.00000E+00  1.00000E+00  6.00556E-05
 3.07044E-01  7.73711E-01  2.52571E-02  1.00000E+00  1.00000E+00  6.00556E-05
 3.07044E-01  8.07044E-01  2.91063E-02  1.00000E+00  1.00000E+00  6.00556E-05
 3.07044E-01  8.40377E-01  3.20829E-02  1.00000E+00  1.00000E+00  6.00556E-05
 3.07044E-01  8.73711E-01  3.38264E-02  1.00000E+00  1.00000E+00  6.00556E-05
 3.07044E-01  9.07044E-01  3.41145E-02  1.00000E+00  1.00000E+00  6.00556E-05
 3.07044E-01  9.40377E-01  3.29098E-02  1.00000E+00  1.00000E+00  6.00556E-05
 3.07044E-01  9.73711E-01  3.03678E-02  1.00000E+00  1.00000E+00  6.00556E-05
 3.40377E-01  7.04416E-03  1.46884E-02  1.00000E+00  1.00000E+00  6.00556E-05
 3.40377E-01  4.03775E-02  1.23999E-02  1.00000E+00  1.00000E+00  6.00556E-05
 3.40377E-01  7.37108E-02  1.00120E-02  1.00000E+00  1.00000E+00  6.00556E-05
 3.40377E-01  1.07044E-01  7.73142E-03  1.00000E+00  1.00000E+00  6.00556E-05
 3.40377E-01  1.40377E-01  5.70976E-03  1.00000E+00  1.00000E+00  6.00556E-05
 3.40377E-01  1.73711E-01  4.03257E-03  1.00000E+00  1.00000E+00  6.00556E-05
 3.40377E-01  2.07044E-01  2.72260E-03  1.00000E+00  1.00000E+00  6.00556E-05
 3.40377E-01  2.40377E-01  1.75746E-03  1.00000E+00  1.00000E+00  6.00556E-05
 3.40377E-01  2.73711E-01  1.08791E-03  1.00000E+00  1.00000E+00  6.00556E-05
 3.40377E-01  3.07044E-01  6.42889E-04  1.00000E+00  1.00000E+00  6.00556E-05
 3.40377E-01  3.40377E-01  3.51360E-04  1.00000E+00  1.00000E+00  6.00556E-05
 3.40377E-01  3.73711E-01  1.87915E-04  1.00000E+00  1.00000E+00  6.00556E-05
 3.40377E-01  4.07044E-01  1.64753E-04  1.00000E+00  1.00000E+00  6.00556E-05
 3.40377E-01  4.40377E-01  2.77959E-04  1.00000E+00  1.00000E+00  6.00556E-05
 3.40377E-01  4.73711E-01  5.14423E-04  1.00000E+00  1.00000E+00  6.00556E-05
 3.40377E-01  5.07044E-01  8.92841E-04  1.00000E+00  1.00000E+00  6.00556E-05
 3.40377E-01  5.40377E-01  1.47008E-03  1.00000E+00  1.00000E+00  6.00556E-05
 3.40377E-01  5.73711E-01  2.31540E-03  1.00000E+00  1.00000E+00  6.00556E-05
 3.40377E-01  6.07044E-01  3.48822E-03  1.00000E+00  1.00000E+00  6.00556E-05
 3.40377E-01  6.40377E-01  5.02478E-03  1.00000E+00  1.00000E+00  6.00556E-05
 3.40377E-01  6.73711E-01  6.92151E-03  1.00000E+00  1.00000E+00  6.00556E-05
 3.40377E-01  7.07044E-01  9.11776E-03  1.00000E+00  1.00000E+00  6.00556E-05
 3.40377E-01  7.40377E-01  1.14868E-02  1.00000E+00  1.00000E+00  6.00556E-05
 3.40377E-01  7.73711E-01  1.38406E-02  1.00000E+00  1.00000E+00  6.00556E-05
 3.40377E-01  8.07044E-01  1.59506E-02  1.00000E+00  1.00000E+00  6.00556E-05
 3.40377E-01  8.40377E-01  1.75823E-02  1.00000E+00  1.00000E+00  6.00556E-05
 3.40377E-01  8.73711E-01  1.85380E-02  1.00000E+00  1.00000E+00  6.00556E-05
 3.40377E-01  9.07044E-01  1.86960E-02  1.00000E+00  1.00000E+00  6.00556E-05
 3.40377E-01  9.40377E-01  1.80356E-02  1.00000E+00  1.00000E+00  6.00556E-05
 3.40377E-01  9.73711E-01  1.66422E-02  1.00000E+00  1.00000E+00  6.00556E-05
 3.73711E-01  7.04416E-03  7.90354E-03  1.00000E+00  1.00000E+00  6.00556E-05
 3.73711E-01  4.03775E-02  6.67110E-03  1.00000E+00  1.00000E+00  6.00556E-05
 3.73711E-01  7.37108E-02  5.38528E-03  1.00000E+00  1.00000E+00  6.00556E-05
 3.73711E-01  1.07044E-01  4.15743E-03  1.00000E+00  1.00000E+00  6.00556E-05
 3.73711E-01  1.40377E-01  3.06922E-03  1.00000E+00  1.00000E+00  6.00556E-05
 3.73711E-01  1.73711E-01  2.16672E-03  1.00000E+00  1.00000E+00  6.00556E-05
 3.73711E-01  2.07044E-01  1.46196E-03  1.00000E+00  1.00000E+00  6.00556E-05
 3.73711E-01  2.40377E-01  9.42916E-04  1.00000E+00  1.00000E+00  6.00556E-05
 3.73711E-01  2.73711E-01  5.83408E-04  1.00000E+00  1.00000E+00  6.00556E-05
 3.73711E-01  3.07044E-01  3.44678E-04  1.00000E+00  1.00000E+00  6.00556E-05
 3.73711E-01  3.40377E-01  1.87915E-04  1.00000E+00  1.00000E+00  6.00556E-05
 3.73711E-01  3.73711E-01  1.00194E-04  1.00000E+00  1.00000E+00  6.00556E-05
 3.73711E-01  4.07044E-01  8.82016E-05  1.00000E+00  1.00000E+00  6.00556E-05
 3.73711E-01  4.40377E-01  1.48938E-04  1.00000E+00  1.00000E+00  6.00556E-05
 3.73711E-01  4.73711E-01  2.75471E-04  1.00000E+00  1.00000E+00  6.00556E-05
 3.73711E-01  5.07044E-01  4.78485E-04  1.00000E+00  1.00000E+00  6.00556E-05
 3.73711E-01  5.40377E-01  7.88617E-04  1.00000E+00  1.00000E+00  6.00556E-05
 3.73711E-01  5.73711E-01  1.24302E-03  1.00000E+00  1.00000E+00  6.00556E-05
 3.73711E-01  6.07044E-01  1.87379E-03  1.00000E+00  1.00000E+00  6.00556E-05
 3.73711E-01  6.40377E-01  2.70054E-03  1.00000E+00  1.00000E+00  6.00556E-05
 3.73711E-01  6.73711E-01  3.72140E-03  1.00000E+00  1.00000E+00  6.00556E-05
 3.73711E-01  7.07044E-01  4.90374E-03  1.00000E+00  1.00000E+00  6.00556E-05
 3.73711E-01  7.40377E-01  6.17932E-03  1.00000E+00  1.00000E+00  6.00556E-05
 3.73711E-01  7.73711E-01  7.44688E-03  1.00000E+00  1.00000E+00  6.00556E-05
 3.73711E-01  8.07044E-01  8.58322E-03  1.00000E+00  1.00000E+00  6.00556E-05
 3.73711E-01  8.40377E-01  9.46206E-03  1.00000E+00  1.00000E+00  6.00556E-05
 3.73711E-01  8.73711E-01  9.97686E-03  1.00000E+00  1.00000E+00  6.00556E-05
 3.73711E-01  9.07044E-01  1.00620E-02  1.00000E+00  1.00000E+00  6.00556E-05
 3.73711E-01  9.40377E-01  9.70628E-03  1.00000E+00  1.00000E+00  6.00556E-05
 3.73711E-01  9.73711E-01  8.95576E-03  1.00000E+00  1.00000E+00  6.00556E-05
 4.07044E-01  7.04416E-03  6.82889E-03  1.00000E+00  1.00000E+00  6.00556E-05
 4.07044E-01  4.03775E-02  5.76586E-03  1.00000E+00  1.00000E+00  6.00556E-05
 4.07044E-01  7.37108E-02  4.65656E-03  1.00000E+00  1.00000E+00  6.00556E-05
 4.07044E-01  1.07044E-01  3.59695E-03  1.00000E+00  1.00000E+00  6.00556E-05
 4.07044E-01  1.40377E-01  2.65750E-03  1.00000E+00  1.00000E+00  6.00556E-05
 4.07044E-01  1.73711E-01  1.87797E-03  1.00000E+00  1.00000E+00  6.00556E-05
 4.07044E-01  2.07044E-01  1.26878E-03  1.00000E+00  1.00000E+00  6.00556E-05
 4.07044E-01  2.40377E-01  8.19683E-04  1.00000E+00  1.00000E+00  6.00556E-05
 4.07044E-01  2.73711E-01  5.08338E-04  1.00000E+00  1.00000E+00  6.00556E-05
 4.07044E-01  3.07044E-01  3.01236E-04  1.00000E+00  1.00000E+00  6.00556E-05
 4.07044E-01  3.40377E-01  1.64753E-04  1.00000E+00  1.00000E+00  6.00556E-05
 4.07044E-01  3.73711E-01  8.82016E-05  1.00000E+00  1.00000E+00  6.00556E-05
 4.07044E-01  4.07044E-01  7.78339E-05  1.00000E+00  1.00000E+00  6.00556E-05
 4.07044E-01  4.40377E-01  1.30876E-04  1.00000E+00  1.00000E+00  6.00556E-05
 4.07044E-01  4.73711E-01  2.40999E-04  1.00000E+00  1.00000E+00  6.00556E-05
 4.07044E-01  5.07044E-01  4.17291E-04  1.00000E+00  1.00000E+00  6.00556E-05
 4.07044E-01  5.40377E-01  6.86114E-04  1.00000E+00  1.00000E+00  6.00556E-05
 4.07044E-01  5.73711E-01  1.07942E-03  1.00000E+00  1.00000E+00  6.00556E-05
 4.07044E-01  6.07044E-01  1.62481E-03  1.00000E+00  1.00000E+00  6.00556E-05
 4.07044E-01  6.40377E-01  2.33909E-03  1.00000E+00  1.00000E+00  6.00556E-05
 4.07044E-01  6.73711E-01  3.22057E-03  1.00000E+00  1.00000E+00  6.00556E-05
 4.07044E-01  7.07044E-01  4.24102E-03  1.00000E+00  1.00000E+00  6.00556E-05
 4.07044E-01  7.40377E-01  5.34161E-03  1.00000E+00  1.00000E+00  6.00556E-05
 4.07044E-01  7.73711E-01  6.43501E-03  1.00000E+00  1.00000E+00  6.00556E-05
 4.07044E-01  8.07044E-01  7.41505E-03  1.00000E+00  1.00000E+00  6.00556E-05
 4.07044E-01  8.40377E-01  8.17293E-03  1.00000E+00  1.00000E+00  6.00556E-05
 4.07044E-01  8.73711E-01  8.61684E-03  1.00000E+00  1.00000E+00  6.00556E-05
 4.07044E-01  9.07044E-01  8.69022E-03  1.00000E+00  1.00000E+00  6.00556E-05
 4.07044E-01  9.40377E-01  8.38353E-03  1.00000E+00  1.00000E+00  6.00556E-05
 4.07044E-01  9.73711E-01  7.73634E-03  1.00000E+00  1.00000E+00  6.00556E-05
 4.40377E-01  7.04416E-03  1.15330E-02  1.00000E+00  1.00000E+00  6.00556E-05
 4.40377E-01  4.03775E-02  9.73769E-03  1.00000E+00  1.00000E+00  6.00556E-05
 4.40377E-01  7.37108E-02  7.86417E-03  1.00000E+00  1.00000E+00  6.00556E-05
 4.40377E-01  1.07044E-01  6.07459E-03  1.00000E+00  1.00000E+00  6.00556E-05
 4.40377E-01  1.40377E-01  4.48791E-03  1.00000E+00  1.00000E+00  6.00556E-05
 4.40377E-01  1.73711E-01  3.17126E-03  1.00000E+00  1.00000E+00  6.00556E-05
 4.40377E-01  2.07044E-01  2.14248E-03  1.00000E+00  1.00000E+00  6.00556E-05
 4.40377E-01  2.40377E-01  1.38413E-03  1.00000E+00  1.00000E+00  6.00556E-05
 4.40377E-01  2.73711E-01  8.57897E-04  1.00000E+00  1.00000E+00  6.00556E-05
 4.40377E-01  3.07044E-01  5.07850E-04  1.00000E+00  1.00000E+00  6.00556E-05
 4.40377E-01  3.40377E-01  2.77959E-04  1.00000E+00  1.00000E+00  6.00556E-05
 4.40377E-01  3.73711E-01  1.48938E-04  1.00000E+00  1.00000E+00  6.00556E-05
 4.40377E-01  4.07044E-01  1.30876E-04  1.00000E+00  1.00000E+00  6.00556E-05
 4.40377E-01  4.40377E-01  2.20269E-04  1.00000E+00  1.00000E+00  6.00556E-05
 4.40377E-01  4.73711E-01  4.06527E-04  1.00000E+00  1.00000E+00  6.00556E-05
 4.40377E-01  5.07044E-01  7.04364E-04  1.00000E+00  1.00000E+00  6.00556E-05
 4.40377E-01  5.40377E-01  1.15833E-03  1.00000E+00  1.00000E+00  6.00556E-05
 4.40377E-01  5.73711E-01  1.82261E-03  1.00000E+00  1.00000E+00  6.00556E-05
 4.40377E-01  6.07044E-01  2.74378E-03  1.00000E+00  1.00000E+00  6.00556E-05
 4.40377E-01  6.40377E-01  3.95019E-03  1.00000E+00  1.00000E+00  6.00556E-05
 4.40377E-01  6.73711E-01  5.43896E-03  1.00000E+00  1.00000E+00  6.00556E-05
 4.40377E-01  7.07044E-01  7.16246E-03  1.00000E+00  1.00000E+00  6.00556E-05
 4.40377E-01  7.40377E-01  9.02126E-03  1.00000E+00  1.00000E+00  6.00556E-05
 4.40377E-01  7.73711E-01  1.08679E-02  1.00000E+00  1.00000E+00  6.00556E-05
 4.40377E-01  8.07044E-01  1.25231E-02  1.00000E+00  1.00000E+00  6.00556E-05
 4.40377E-01  8.40377E-01  1.38030E-02  1.00000E+00  1.00000E+00  6.00556E-05
 4.40377E-01  8.73711E-01  1.45527E-02  1.00000E+00  1.00000E+00  6.00556E-05
 4.40377E-01  9.07044E-01  1.46766E-02  1.00000E+00  1.00000E+00  6.00556E-05
 4.40377E-01  9.40377E-01  1.41587E-02  1.00000E+00  1.00000E+00  6.00556E-05
 4.40377E-01  9.73711E-01  1.30656E-02  1.00000E+00  1.00000E+00  6.00556E-05
 4.73711E-01  7.04416E-03  2.14926E-02  1.00000E+00  1.00000E+00  6.00556E-05
 4.73711E-01  4.03775E-02  1.81441E-02  1.00000E+00  1.00000E+00  6.00556E-05
 4.73711E-01  7.37108E-02  1.46501E-02  1.00000E+00  1.00000E+00  6.00556E-05
 4.73711E-01  1.07044E-01  1.13132E-02  1.00000E+00  1.00000E+00  6.00556E-05
 4.73711E-01  1.40377E-01  8.35506E-03  1.00000E+00  1.00000E+00  6.00556E-05
 4.73711E-01  1.73711E-01  5.90092E-03  1.00000E+00  1.00000E+00  6.00556E-05
 4.73711E-01  2.07044E-01  3.98422E-03  1.00000E+00  1.00000E+00  6.00556E-05
 4.73711E-01  2.40377E-01  2.57211E-03  1.00000E+00  1.00000E+00  6.00556E-05
 4.73711E-01  2.73711E-01  1.59202E-03  1.00000E+00  1.00000E+00  6.00556E-05
 4.73711E-01  3.07044E-01  9.40519E-04  1.00000E+00  1.00000E+00  6.00556E-05
 4.73711E-01  3.40377E-01  5.14423E-04  1.00000E+00  1.00000E+00  6.00556E-05
 4.73711E-01  3.73711E-01  2.75471E-04  1.00000E+00  1.00000E+00  6.00556E-05
 4.73711E-01  4.07044E-01  2.40999E-04  1.00000E+00  1.00000E+00  6.00556E-05
 4.73711E-01  4.40377E-01  4.06527E-04  1.00000E+00  1.00000E+00  6.00556E-05
 4.73711E-01  4.73711E-01  7.52910E-04  1.00000E+00  1.00000E+00  6.00556E-05
 4.73711E-01  5.07044E-01  1.30678E-03  1.00000E+00  1.00000E+00  6.00556E-05
 4.73711E-01  5.40377E-01  2.15140E-03  1.00000E+00  1.00000E+00  6.00556E-05
 4.73711E-01  5.73711E-01  3.38833E-03  1.00000E+00  1.00000E+00  6.00556E-05
 4.73711E-01  6.07044E-01  5.10448E-03  1.00000E+00  1.00000E+00  6.00556E-05
 4.73711E-01  6.40377E-01  7.35284E-03  1.00000E+00  1.00000E+00  6.00556E-05
 4.73711E-01  6.73711E-01  1.01282E-02  1.00000E+00  1.00000E+00  6.00556E-05
 4.73711E-01  7.07044E-01  1.33417E-02  1.00000E+00  1.00000E+00  6.00556E-05
 4.73711E-01  7.40377E-01  1.68081E-02  1.00000E+00  1.00000E+00  6.00556E-05
 4.73711E-01  7.73711E-01  2.02522E-02  1.00000E+00  1.00000E+00  6.00556E-05
 4.73711E-01  8.07044E-01  2.33394E-02  1.00000E+00  1.00000E+00  6.00556E-05
 4.73711E-01  8.40377E-01  2.57268E-02  1.00000E+00  1.00000E+00  6.00556E-05
 4.73711E-01  8.73711E-01  2.71253E-02  1.00000E+00  1.00000E+00  6.00556E-05
 4.73711E-01  9.07044E-01  2.73564E-02  1.00000E+00  1.00000E+00  6.00556E-05
 4.73711E-01  9.40377E-01  2.63901E-02  1.00000E+00  1.00000E+00  6.00556E-05
 4.73711E-01  9.73711E-01  2.43512E-02  1.00000E+00  1.00000E+00  6.00556E-05
 5.07044E-01  7.04416E-03  3.73593E-02  1.00000E+00  1.00000E+00  6.00556E-05
 5.07044E-01  4.03775E-02  3.15378E-02  1.00000E+00  1.00000E+00  6.00556E-05
 5.07044E-01  7.37108E-02  2.54635E-02  1.00000E+00  1.00000E+00  6.00556E-05
 5.07044E-01  1.07044E-01  1.96625E-02  1.00000E+00  1.00000E+00  6.00556E-05
 5.07044E-01  1.40377E-01  1.45201E-02  1.00000E+00  1.00000E+00  6.00556E-05
 5.07044E-01  1.73711E-01  1.02540E-02  1.00000E+00  1.00000E+00  6.00556E-05
 5.07044E-01  2.07044E-01  6.92258E-03  1.00000E+00  1.00000E+00  6.00556E-05
 5.07044E-01  2.40377E-01  4.46851E-03  1.00000E+00  1.00000E+00  6.00556E-05
 5.07044E-01  2.73711E-01  2.76452E-03  1.00000E+00  1.00000E+00  6.00556E-05
 5.07044E-01  3.07044E-01  1.63183E-03  1.00000E+00  1.00000E+00  6.00556E-05
 5.07044E-01  3.40377E-01  8.92841E-04  1.00000E+00  1.00000E+00  6.00556E-05
 5.07044E-01  3.73711E-01  4.78485E-04  1.00000E+00  1.00000E+00  6.00556E-05
 5.07044E-01  4.07044E-01  4.17291E-04  1.00000E+00  1.00000E+00  6.00556E-05
 5.07044E-01  4.40377E-01  7.04364E-04  1.00000E+00  1.00000E+00  6.00556E-05
 5.07044E-01  4.73711E-01  1.30678E-03  1.00000E+00  1.00000E+00  6.00556E-05
 5.07044E-01  5.07044E-01  2.26935E-03  1.00000E+00  1.00000E+00  6.00556E-05
 5.07044E-01  5.40377E-01  3.73695E-03  1.00000E+00  1.00000E+00  6.00556E-05
 5.07044E-01  5.73711E-01  5.88672E-03  1.00000E+00  1.00000E+00  6.00556E-05
 5.07044E-01  6.07044E-01  8.86975E-03  1.00000E+00  1.00000E+00  6.00556E-05
 5.07044E-01  6.40377E-01  1.27780E-02  1.00000E+00  1.00000E+00  6.00556E-05
 5.07044E-01  6.73711E-01  1.76026E-02  1.00000E+00  1.00000E+00  6.00556E-05
 5.07044E-01  7.07044E-01  2.31892E-02  1.00000E+00  1.00000E+00  6.00556E-05
 5.07044E-01  7.40377E-01  2.92154E-02  1.00000E+00  1.00000E+00  6.00556E-05
 5.07044E-01  7.73711E-01  3.52030E-02  1.00000E+00  1.00000E+00  6.00556E-05
 5.07044E-01  8.07044E-01  4.05702E-02  1.00000E+00  1.00000E+00  6.00556E-05
 5.07044E-01  8.40377E-01  4.47209E-02  1.00000E+00  1.00000E+00  6.00556E-05
 5.07044E-01  8.73711E-01  4.71521E-02  1.00000E+00  1.00000E+00  6.00556E-05
 5.07044E-01  9.07044E-01  4.75539E-02  1.00000E+00  1.00000E+00  6.00556E-05
 5.07044E-01  9.40377E-01  4.58740E-02  1.00000E+00  1.00000E+00  6.00556E-05
 5.07044E-01  9.73711E-01  4.23292E-02  1.00000E+00  1.00000E+00  6.00556E-05
 5.40377E-01  7.04416E-03  6.15282E-02  1.00000E+00  1.00000E+00  6.00556E-05
 5.40377E-01  4.03775E-02  5.19404E-02  1.00000E+00  1.00000E+00  6.00556E-05
 5.40377E-01  7.37108E-02  4.19364E-02  1.00000E+00  1.00000E+00  6.00556E-05
 5.40377E-01  1.07044E-01  3.23823E-02  1.00000E+00  1.00000E+00  6.00556E-05
 5.40377E-01  1.40377E-01  2.39131E-02  1.00000E+00  1.00000E+00  6.00556E-05
 5.40377E-01  1.73711E-01  1.68869E-02  1.00000E+00  1.00000E+00  6.00556E-05
 5.40377E-01  2.07044E-01  1.14005E-02  1.00000E+00  1.00000E+00  6.00556E-05
 5.40377E-01  2.40377E-01  7.35907E-03  1.00000E+00  1.00000E+00  6.00556E-05
 5.40377E-01  2.73711E-01  4.55183E-03  1.00000E+00  1.00000E+00  6.00556E-05
 5.40377E-01  3.07044E-01  2.68558E-03  1.00000E+00  1.00000E+00  6.00556E-05
 5.40377E-01  3.40377E-01  1.47008E-03  1.00000E+00  1.00000E+00  6.00556E-05
 5.40377E-01  3.73711E-01  7.88617E-04  1.00000E+00  1.00000E+00  6.00556E-05
 5.40377E-01  4.07044E-01  6.86114E-04  1.00000E+00  1.00000E+00  6.00556E-05
 5.40377E-01  4.40377E-01  1.15833E-03  1.00000E+00  1.00000E+00  6.00556E-05
 5.40377E-01  4.73711E-01  2.15140E-03  1.00000E+00  1.00000E+00  6.00556E-05
 5.40377E-01  5.07044E-01  3.73695E-03  1.00000E+00  1.00000E+00  6.00556E-05
 5.40377E-01  5.40377E-01  6.15376E-03  1.00000E+00  1.00000E+00  6.00556E-05
 5.40377E-01  5.73711E-01  9.69431E-03  1.00000E+00  1.00000E+00  6.00556E-05
 5.40377E-01  6.07044E-01  1.46073E-02  1.00000E+00  1.00000E+00  6.00556E-05
 5.40377E-01  6.40377E-01  2.10441E-02  1.00000E+00  1.00000E+00  6.00556E-05
 5.40377E-01  6.73711E-01  2.89900E-02  1.00000E+00  1.00000E+00  6.00556E-05
 5.40377E-01  7.07044E-01  3.81909E-02  1.00000E+00  1.00000E+00  6.00556E-05
 5.40377E-01  7.40377E-01  4.81158E-02  1.00000E+00  1.00000E+00  6.00556E-05
 5.40377E-01  7.73711E-01  5.79770E-02  1.00000E+00  1.00000E+00  6.00556E-05
 5.40377E-01  8.07044E-01  6.68165E-02  1.00000E+00  1.00000E+00  6.00556E-05
 5.40377E-01  8.40377E-01  7.36525E-02  1.00000E+00  1.00000E+00  6.00556E-05
 5.40377E-01  8.73711E-01  7.76566E-02  1.00000E+00  1.00000E+00  6.00556E-05
 5.40377E-01  9.07044E-01  7.83182E-02  1.00000E+00  1.00000E+00  6.00556E-05
 5.40377E-01  9.40377E-01  7.55515E-02  1.00000E+00  1.00000E+00  6.00556E-05
 5.40377E-01  9.73711E-01  6.97134E-02  1.00000E+00  1.00000E+00  6.00556E-05
 5.73711E-01  7.04416E-03  9.69466E-02  1.00000E+00  1.00000E+00  6.00556E-05
 5.73711E-01  4.03775E-02  8.18390E-02  1.00000E+00  1.00000E+00  6.00556E-05
 5.73711E-01  7.37108E-02  6.60757E-02  1.00000E+00  1.00000E+00  6.00556E-05
 5.73711E-01  1.07044E-01  5.10215E-02  1.00000E+00  1.00000E+00  6.00556E-05
 5.73711E-01  1.40377E-01  3.76768E-02  1.00000E+00  1.00000E+00  6.00556E-05
 5.73711E-01  1.73711E-01  2.66056E-02  1.00000E+00  1.00000E+00  6.00556E-05
 5.73711E-01  2.07044E-01  1.79613E-02  1.00000E+00  1.00000E+00  6.00556E-05
 5.73711E-01  2.40377E-01  1.15939E-02  1.00000E+00  1.00000E+00  6.00556E-05
 5.73711E-01  2.73711E-01  7.16986E-03  1.00000E+00  1.00000E+00  6.00556E-05
 5.73711E-01  3.07044E-01  4.22854E-03  1.00000E+00  1.00000E+00  6.00556E-05
 5.73711E-01  3.40377E-01  2.31540E-03  1.00000E+00  1.00000E+00  6.00556E-05
 5.73711E-01  3.73711E-01  1.24302E-03  1.00000E+00  1.00000E+00  6.00556E-05
 5.73711E-01  4.07044E-01  1.07942E-03  1.00000E+00  1.00000E+00  6.00556E-05
 5.73711E-01  4.40377E-01  1.82261E-03  1.00000E+00  1.00000E+00  6.00556E-05
 5.73711E-01  4.73711E-01  3.38833E-03  1.00000E+00  1.00000E+00  6.00556E-05
 5.73711E-01  5.07044E-01  5.88672E-03  1.00000E+00  1.00000E+00  6.00556E-05
 5.73711E-01  5.40377E-01  9.69431E-03  1.00000E+00  1.00000E+00  6.00556E-05
 5.73711E-01  5.73711E-01  1.52729E-02  1.00000E+00  1.00000E+00  6.00556E-05
 5.73711E-01  6.07044E-01  2.30140E-02  1.00000E+00  1.00000E+00  6.00556E-05
 5.73711E-01  6.40377E-01  3.31563E-02  1.00000E+00  1.00000E+00  6.00556E-05
 5.73711E-01  6.73711E-01  4.56766E-02  1.00000E+00  1.00000E+00  6.00556E-05
 5.73711E-01  7.07044E-01  6.01743E-02  1.00000E+00  1.00000E+00  6.00556E-05
 5.73711E-01  7.40377E-01  7.58129E-02  1.00000E+00  1.00000E+00  6.00556E-05
 5.73711E-01  7.73711E-01  9.13512E-02  1.00000E+00  1.00000E+00  6.00556E-05
 5.73711E-01  8.07044E-01  1.05280E-01  1.00000E+00  1.00000E+00  6.00556E-05
 5.73711E-01  8.40377E-01  1.16051E-01  1.00000E+00  1.00000E+00  6.00556E-05
 5.73711E-01  8.73711E-01  1.22360E-01  1.00000E+00  1.00000E+00  6.00556E-05
 5.73711E-01  9.07044E-01  1.23403E-01  1.00000E+00  1.00000E+00  6.00556E-05
 5.73711E-01  9.40377E-01  1.19043E-01  1.00000E+00  1.00000E+00  6.00556E-05
 5.73711E-01  9.73711E-01  1.09844E-01  1.00000E+00  1.00000E+00  6.00556E-05
 6.07044E-01  7.04416E-03  1.46098E-01  1.00000E+00  1.00000E+00  6.00556E-05
 6.07044E-01  4.03775E-02  1.23331E-01  1.00000E+00  1.00000E+00  6.00556E-05
 6.07044E-01  7.37108E-02  9.95748E-02  1.00000E+00  1.00000E+00  6.00556E-05
 6.07044E-01  1.07044E-01  7.68878E-02  1.00000E+00  1.00000E+00  6.00556E-05
 6.07044E-01  1.40377E-01  5.67769E-02  1.00000E+00  1.00000E+00  6.00556E-05
 6.07044E-01  1.73711E-01  4.00924E-02  1.00000E+00  1.00000E+00  6.00556E-05
 6.07044E-01  2.07044E-01  2.70657E-02  1.00000E+00  1.00000E+00  6.00556E-05
 6.07044E-01  2.40377E-01  1.74706E-02  1.00000E+00  1.00000E+00  6.00556E-05
 6.07044E-01  2.73711E-01  1.08025E-02  1.00000E+00  1.00000E+00  6.00556E-05
 6.07044E-01  3.07044E-01  6.36901E-03  1.00000E+00  1.00000E+00  6.00556E-05
 6.07044E-01  3.40377E-01  3.48822E-03  1.00000E+00  1.00000E+00  6.00556E-05
 6.07044E-01  3.73711E-01  1.87379E-03  1.00000E+00  1.00000E+00  6.00556E-05
 6.07044E-01  4.07044E-01  1.62481E-03  1.00000E+00  1.00000E+00  6.00556E-05
 6.07044E-01  4.40377E-01  2.74378E-03  1.00000E+00  1.00000E+00  6.00556E-05
 6.07044E-01  4.73711E-01  5.10448E-03  1.00000E+00  1.00000E+00  6.00556E-05
 6.07044E-01  5.07044E-01  8.86975E-03  1.00000E+00  1.00000E+00  6.00556E-05
 6.07044E-01  5.40377E-01  1.46073E-02  1.00000E+00  1.00000E+00  6.00556E-05
 6.07044E-01  5.73711E-01  2.30140E-02  1.00000E+00  1.00000E+00  6.00556E-05
 6.07044E-01  6.07044E-01  3.46801E-02  1.00000E+00  1.00000E+00  6.00556E-05
 6.07044E-01  6.40377E-01  4.99647E-02  1.00000E+00  1.00000E+00  6.00556E-05
 6.07044E-01  6.73711E-01  6.88330E-02  1.00000E+00  1.00000E+00  6.00556E-05
 6.07044E-01  7.07044E-01  9.06815E-02  1.00000E+00  1.00000E+00  6.00556E-05
 6.07044E-01  7.40377E-01  1.14249E-01  1.00000E+00  1.00000E+00  6.00556E-05
 6.07044E-01  7.73711E-01  1.37666E-01  1.00000E+00  1.00000E+00  6.00556E-05
 6.07044E-01  8.07044E-01  1.58657E-01  1.00000E+00  1.00000E+00  6.00556E-05
 6.07044E-01  8.40377E-01  1.74890E-01  1.00000E+00  1.00000E+00  6.00556E-05
 6.07044E-01  8.73711E-01  1.84398E-01  1.00000E+00  1.00000E+00  6.00556E-05
 6.07044E-01  9.07044E-01  1.85969E-01  1.00000E+00  1.00000E+00  6.00556E-05
 6.07044E-01  9.40377E-01  1.79399E-01  1.00000E+00  1.00000E+00  6.00556E-05
 6.07044E-01  9.73711E-01  1.65535E-01  1.00000E+00  1.00000E+00  6.00556E-05
 6.40377E-01  7.04416E-03  2.10495E-01  1.00000E+00  1.00000E+00  6.00556E-05
 6.40377E-01  4.03775E-02  1.77692E-01  1.00000E+00  1.00000E+00  6.00556E-05
 6.40377E-01  7.37108E-02  1.43464E-01  1.00000E+00  1.00000E+00  6.00556E-05
 6.40377E-01  1.07044E-01  1.10777E-01  1.00000E+00  1.00000E+00  6.00556E-05
 6.40377E-01  1.40377E-01  8.18013E-02  1.00000E+00  1.00000E+00  6.00556E-05
 6.40377E-01  1.73711E-01  5.77624E-02  1.00000E+00  1.00000E+00  6.00556E-05
 6.40377E-01  2.07044E-01  3.89941E-02  1.00000E+00  1.00000E+00  6.00556E-05
 6.40377E-01  2.40377E-01  2.51701E-02  1.00000E+00  1.00000E+00  6.00556E-05
 6.40377E-01  2.73711E-01  1.55617E-02  1.00000E+00  1.00000E+00  6.00556E-05
 6.40377E-01  3.07044E-01  9.17295E-03  1.00000E+00  1.00000E+00  6.00556E-05
 6.40377E-01  3.40377E-01  5.02478E-03  1.00000E+00  1.00000E+00  6.00556E-05
 6.40377E-01  3.73711E-01  2.70054E-03  1.00000E+00  1.00000E+00  6.00556E-05
 6.40377E-01  4.07044E-01  2.33909E-03  1.00000E+00  1.00000E+00  6.00556E-05
 6.40377E-01  4.40377E-01  3.95019E-03  1.00000E+00  1.00000E+00  6.00556E-05
 6.40377E-01  4.73711E-01  7.35284E-03  1.00000E+00  1.00000E+00  6.00556E-05
 6.40377E-01  5.07044E-01  1.27780E-02  1.00000E+00  1.00000E+00  6.00556E-05
 6.40377E-01  5.40377E-01  2.10441E-02  1.00000E+00  1.00000E+00  6.00556E-05
 6.40377E-01  5.73711E-01  3.31563E-02  1.00000E+00  1.00000E+00  6.00556E-05
 6.40377E-01  6.07044E-01  4.99647E-02  1.00000E+00  1.00000E+00  6.00556E-05
 6.40377E-01  6.40377E-01  7.19866E-02  1.00000E+00  1.00000E+00  6.00556E-05
 6.40377E-01  6.73711E-01  9.91719E-02  1.00000E+00  1.00000E+00  6.00556E-05
 6.40377E-01  7.07044E-01  1.30651E-01  1.00000E+00  1.00000E+00  6.00556E-05
 6.40377E-01  7.40377E-01  1.64608E-01  1.00000E+00  1.00000E+00  6.00556E-05
 6.40377E-01  7.73711E-01  1.98347E-01  1.00000E+00  1.00000E+00  6.00556E-05
 6.40377E-01  8.07044E-01  2.28590E-01  1.00000E+00  1.00000E+00  6.00556E-05
 6.40377E-01  8.40377E-01  2.51978E-01  1.00000E+00  1.00000E+00  6.00556E-05
 6.40377E-01  8.73711E-01  2.65678E-01  1.00000E+00  1.00000E+00  6.00556E-05
 6.40377E-01  9.07044E-01  2.67941E-01  1.00000E+00  1.00000E+00  6.00556E-05
 6.40377E-01  9.40377E-01  2.58475E-01  1.00000E+00  1.00000E+00  6.00556E-05
 6.40377E-01  9.73711E-01  2.38500E-01  1.00000E+00  1.00000E+00  6.00556E-05
 6.73711E-01  7.04416E-03  2.89992E-01  1.00000E+00  1.00000E+00  6.00556E-05
 6.73711E-01  4.03775E-02  2.44799E-01  1.00000E+00  1.00000E+00  6.00556E-05
 6.73711E-01  7.37108E-02  1.97645E-01  1.00000E+00  1.00000E+00  6.00556E-05
 6.73711E-01  1.07044E-01  1.52612E-01  1.00000E+00  1.00000E+00  6.00556E-05
 6.73711E-01  1.40377E-01  1.12693E-01  1.00000E+00  1.00000E+00  6.00556E-05
 6.73711E-01  1.73711E-01  7.95754E-02  1.00000E+00  1.00000E+00  6.00556E-05
 6.73711E-01  2.07044E-01  5.37192E-02  1.00000E+00  1.00000E+00  6.00556E-05
 6.73711E-01  2.40377E-01  3.46748E-02  1.00000E+00  1.00000E+00  6.00556E-05
 6.73711E-01  2.73711E-01  2.14365E-02  1.00000E+00  1.00000E+00  6.00556E-05
 6.73711E-01  3.07044E-01  1.26338E-02  1.00000E+00  1.00000E+00  6.00556E-05
 6.73711E-01  3.40377E-01  6.92151E-03  1.00000E+00  1.00000E+00  6.00556E-05
 6.73711E-01  3.73711E-01  3.72140E-03  1.00000E+00  1.00000E+00  6.00556E-05
 6.73711E-01  4.07044E-01  3.22057E-03  1.00000E+00  1.00000E+00  6.00556E-05
 6.73711E-01  4.40377E-01  5.43896E-03  1.00000E+00  1.00000E+00  6.00556E-05
 6.73711E-01  4.73711E-01  1.01282E-02  1.00000E+00  1.00000E+00  6.00556E-05
 6.73711E-01  5.07044E-01  1.76026E-02  1.00000E+00  1.00000E+00  6.00556E-05
 6.73711E-01  5.40377E-01  2.89900E-02  1.00000E+00  1.00000E+00  6.00556E-05
 6.73711E-01  5.73711E-01  4.56766E-02  1.00000E+00  1.00000E+00  6.00556E-05
 6.73711E-01  6.07044E-01  6.88330E-02  1.00000E+00  1.00000E+00  6.00556E-05
 6.73711E-01  6.40377E-01  9.91719E-02  1.00000E+00  1.00000E+00  6.00556E-05
 6.73711E-01  6.73711E-01  1.36624E-01  1.00000E+00  1.00000E+00  6.00556E-05
 6.73711E-01  7.07044E-01  1.79993E-01  1.00000E+00  1.00000E+00  6.00556E-05
 6.73711E-01  7.40377E-01  2.26774E-01  1.00000E+00  1.00000E+00  6.00556E-05
 6.73711E-01  7.73711E-01  2.73255E-01  1.00000E+00  1.00000E+00  6.00556E-05
 6.73711E-01  8.07044E-01  3.14920E-01  1.00000E+00  1.00000E+00  6.00556E-05
 6.73711E-01  8.40377E-01  3.47142E-01  1.00000E+00  1.00000E+00  6.00556E-05
 6.73711E-01  8.73711E-01  3.66015E-01  1.00000E+00  1.00000E+00  6.00556E-05
 6.73711E-01  9.07044E-01  3.69134E-01  1.00000E+00  1.00000E+00  6.00556E-05
 6.73711E-01  9.40377E-01  3.56092E-01  1.00000E+00  1.00000E+00  6.00556E-05
 6.73711E-01  9.73711E-01  3.28573E-01  1.00000E+00  1.00000E+00  6.00556E-05
 7.07044E-01  7.04416E-03  3.82044E-01  1.00000E+00  1.00000E+00  6.00556E-05
 7.07044E-01  4.03775E-02  3.22505E-01  1.00000E+00  1.00000E+00  6.00556E-05
 7.07044E-01  7.37108E-02  2.60383E-01  1.00000E+00  1.00000E+00  6.00556E-05
 7.07044E-01  1.07044E-01  2.01055E-01  1.00000E+00  1.00000E+00  6.00556E-05
 7.07044E-01  1.40377E-01  1.48464E-01  1.00000E+00  1.00000E+00  6.00556E-05
 7.07044E-01  1.73711E-01  1.04834E-01  1.00000E+00  1.00000E+00  6.00556E-05
 7.07044E-01  2.07044E-01  7.07701E-02  1.00000E+00  1.00000E+00  6.00556E-05
 7.07044E-01  2.40377E-01  4.56809E-02  1.00000E+00  1.00000E+00  6.00556E-05
 7.07044E-01  2.73711E-01  2.82390E-02  1.00000E+00  1.00000E+00  6.00556E-05
 7.07044E-01  3.07044E-01  1.66409E-02  1.00000E+00  1.00000E+00  6.00556E-05
 7.07044E-01  3.40377E-01  9.11776E-03  1.00000E+00  1.00000E+00  6.00556E-05
 7.07044E-01  3.73711E-01  4.90374E-03  1.00000E+00  1.00000E+00  6.00556E-05
 7.07044E-01  4.07044E-01  4.24102E-03  1.00000E+00  1.00000E+00  6.00556E-05
 7.07044E-01  4.40377E-01  7.16246E-03  1.00000E+00  1.00000E+00  6.00556E-05
 7.07044E-01  4.73711E-01  1.33417E-02  1.00000E+00  1.00000E+00  6.00556E-05
 7.07044E-01  5.07044E-01  2.31892E-02  1.00000E+00  1.00000E+00  6.00556E-05
 7.07044E-01  5.40377E-01  3.81909E-02  1.00000E+00  1.00000E+00  6.00556E-05
 7.07044E-01  5.73711E-01  6.01743E-02  1.00000E+00  1.00000E+00  6.00556E-05
 7.07044E-01  6.07044E-01  9.06815E-02  1.00000E+00  1.00000E+00  6.00556E-05
 7.07044E-01  6.40377E-01  1.30651E-01  1.00000E+00  1.00000E+00  6.00556E-05
 7.07044E-01  6.73711E-01  1.79993E-01  1.00000E+00  1.00000E+00  6.00556E-05
 7.07044E-01  7.07044E-01  2.37128E-01  1.00000E+00  1.00000E+00  6.00556E-05
 7.07044E-01  7.40377E-01  2.98759E-01  1.00000E+00  1.00000E+00  6.00556E-05
 7.07044E-01  7.73711E-01  3.59995E-01  1.00000E+00  1.00000E+00  6.00556E-05
 7.07044E-01  8.07044E-01  4.14887E-01  1.00000E+00  1.00000E+00  6.00556E-05
 7.07044E-01  8.40377E-01  4.57337E-01  1.00000E+00  1.00000E+00  6.00556E-05
 7.07044E-01  8.73711E-01  4.82201E-01  1.00000E+00  1.00000E+00  6.00556E-05
 7.07044E-01  9.07044E-01  4.86309E-01  1.00000E+00  1.00000E+00  6.00556E-05
 7.07044E-01  9.40377E-01  4.69128E-01  1.00000E+00  1.00000E+00  6.00556E-05
 7.07044E-01  9.73711E-01  4.32873E-01  1.00000E+00  1.00000E+00  6.00556E-05
 7.40377E-01  7.04416E-03  4.81342E-01  1.00000E+00  1.00000E+00  6.00556E-05
 7.40377E-01  4.03775E-02  4.06328E-01  1.00000E+00  1.00000E+00  6.00556E-05
 7.40377E-01  7.37108E-02  3.28058E-01  1.00000E+00  1.00000E+00  6.00556E-05
 7.40377E-01  1.07044E-01  2.53311E-01  1.00000E+00  1.00000E+00  6.00556E-05
 7.40377E-01  1.40377E-01  1.87051E-01  1.00000E+00  1.00000E+00  6.00556E-05
 7.40377E-01  1.73711E-01  1.32080E-01  1.00000E+00  1.00000E+00  6.00556E-05
 7.40377E-01  2.07044E-01  8.91630E-02  1.00000E+00  1.00000E+00  6.00556E-05
 7.40377E-01  2.40377E-01  5.75531E-02  1.00000E+00  1.00000E+00  6.00556E-05
 7.40377E-01  2.73711E-01  3.55768E-02  1.00000E+00  1.00000E+00  6.00556E-05
 7.40377E-01  3.07044E-01  2.09630E-02  1.00000E+00  1.00000E+00  6.00556E-05
 7.40377E-01  3.40377E-01  1.14868E-02  1.00000E+00  1.00000E+00  6.00556E-05
 7.40377E-01  3.73711E-01  6.17932E-03  1.00000E+00  1.00000E+00  6.00556E-05
 7.40377E-01  4.07044E-01  5.34161E-03  1.00000E+00  1.00000E+00  6.00556E-05
 7.40377E-01  4.40377E-01  9.02126E-03  1.00000E+00  1.00000E+00  6.00556E-05
 7.40377E-01  4.73711E-01  1.68081E-02  1.00000E+00  1.00000E+00  6.00556E-05
 7.40377E-01  5.07044E-01  2.92154E-02  1.00000E+00  1.00000E+00  6.00556E-05
 7.40377E-01  5.40377E-01  4.81158E-02  1.00000E+00  1.00000E+00  6.00556E-05
 7.40377E-01  5.73711E-01  7.58129E-02  1.00000E+00  1.00000E+00  6.00556E-05
 7.40377E-01  6.07044E-01  1.14249E-01  1.00000E+00  1.00000E+00  6.00556E-05
 7.40377E-01  6.40377E-01  1.64608E-01  1.00000E+00  1.00000E+00  6.00556E-05
 7.40377E-01  6.73711E-01  2.26774E-01  1.00000E+00  1.00000E+00  6.00556E-05
 7.40377E-01  7.07044E-01  2.98759E-01  1.00000E+00  1.00000E+00  6.00556E-05
 7.40377E-01  7.40377E-01  3.76409E-01  1.00000E+00  1.00000E+00  6.00556E-05
 7.40377E-01  7.73711E-01  4.53562E-01  1.00000E+00  1.00000E+00  6.00556E-05
 7.40377E-01  8.07044E-01  5.22721E-01  1.00000E+00  1.00000E+00  6.00556E-05
 7.40377E-01  8.40377E-01  5.76204E-01  1.00000E+00  1.00000E+00  6.00556E-05
 7.40377E-01  8.73711E-01  6.07531E-01  1.00000E+00  1.00000E+00  6.00556E-05
 7.40377E-01  9.07044E-01  6.12707E-01  1.00000E+00  1.00000E+00  6.00556E-05
 7.40377E-01  9.40377E-01  5.91059E-01  1.00000E+00  1.00000E+00  6.00556E-05
 7.40377E-01  9.73711E-01  5.45382E-01  1.00000E+00  1.00000E+00  6.00556E-05
 7.73711E-01  7.04416E-03  5.80002E-01  1.00000E+00  1.00000E+00  6.00556E-05
 7.73711E-01  4.03775E-02  4.89612E-01  1.00000E+00  1.00000E+00  6.00556E-05
 7.73711E-01  7.37108E-02  3.95300E-01  1.00000E+00  1.00000E+00  6.00556E-05
 7.73711E-01  1.07044E-01  3.05231E-01  1.00000E+00  1.00000E+00  6.00556E-05
 7.73711E-01  1.40377E-01  2.25390E-01  1.00000E+00  1.00000E+00  6.00556E-05
 7.73711E-01  1.73711E-01  1.59151E-01  1.00000E+00  1.00000E+00  6.00556E-05
 7.73711E-01  2.07044E-01  1.07438E-01  1.00000E+00  1.00000E+00  6.00556E-05
 7.73711E-01  2.40377E-01  6.93491E-02  1.00000E+00  1.00000E+00  6.00556E-05
 7.73711E-01  2.73711E-01  4.28674E-02  1.00000E+00  1.00000E+00  6.00556E-05
 7.73711E-01  3.07044E-01  2.52571E-02  1.00000E+00  1.00000E+00  6.00556E-05
 7.73711E-01  3.40377E-01  1.38406E-02  1.00000E+00  1.00000E+00  6.00556E-05
 7.73711E-01  3.73711E-01  7.44688E-03  1.00000E+00  1.00000E+00  6.00556E-05
 7.73711E-01  4.07044E-01  6.43501E-03  1.00000E+00  1.00000E+00  6.00556E-05
 7.73711E-01  4.40377E-01  1.08679E-02  1.00000E+00  1.00000E+00  6.00556E-05
 7.73711E-01  4.73711E-01  2.02522E-02  1.00000E+00  1.00000E+00  6.00556E-05
 7.73711E-01  5.07044E-01  3.52030E-02  1.00000E+00  1.00000E+00  6.00556E-05
 7.73711E-01  5.40377E-01  5.79770E-02  1.00000E+00  1.00000E+00  6.00556E-05
 7.73711E-01  5.73711E-01  9.13512E-02  1.00000E+00  1.00000E+00  6.00556E-05
 7.73711E-01  6.07044E-01  1.37666E-01  1.00000E+00  1.00000E+00  6.00556E-05
 7.73711E-01  6.40377E-01  1.98347E-01  1.00000E+00  1.00000E+00  6.00556E-05
 7.73711E-01  6.73711E-01  2.73255E-01  1.00000E+00  1.00000E+00  6.00556E-05
 7.73711E-01  7.07044E-01  3.59995E-01  1.00000E+00  1.00000E+00  6.00556E-05
 7.73711E-01  7.40377E-01  4.53562E-01  1.00000E+00  1.00000E+00  6.00556E-05
 7.73711E-01  7.73711E-01  5.46528E-01  1.00000E+00  1.00000E+00  6.00556E-05
 7.73711E-01  8.07044E-01  6.29863E-01  1.00000E+00  1.00000E+00  6.00556E-05
 7.73711E-01  8.40377E-01  6.94309E-01  1.00000E+00  1.00000E+00  6.00556E-05
 7.73711E-01  8.73711E-01  7.32057E-01  1.00000E+00  1.00000E+00  6.00556E-05
 7.73711E-01  9.07044E-01  7.38294E-01  1.00000E+00  1.00000E+00  6.00556E-05
 7.73711E-01  9.40377E-01  7.12209E-01  1.00000E+00  1.00000E+00  6.00556E-05
 7.73711E-01  9.73711E-01  6.57169E-01  1.00000E+00  1.00000E+00  6.00556E-05
 8.07044E-01  7.04416E-03  6.68440E-01  1.00000E+00  1.00000E+00  6.00556E-05
 8.07044E-01  4.03775E-02  5.64268E-01  1.00000E+00  1.00000E+00  6.00556E-05
 8.07044E-01  7.37108E-02  4.55575E-01  1.00000E+00  1.00000E+00  6.00556E-05
 8.07044E-01  1.07044E-01  3.51772E-01  1.00000E+00  1.00000E+00  6.00556E-05
 8.07044E-01  1.40377E-01  2.59756E-01  1.00000E+00  1.00000E+00  6.00556E-05
 8.07044E-01  1.73711E-01  1.83418E-01  1.00000E+00  1.00000E+00  6.00556E-05
 8.07044E-01  2.07044E-01  1.23819E-01  1.00000E+00  1.00000E+00  6.00556E-05
 8.07044E-01  2.40377E-01  7.99231E-02  1.00000E+00  1.00000E+00  6.00556E-05
 8.07044E-01  2.73711E-01  4.94025E-02  1.00000E+00  1.00000E+00  6.00556E-05
 8.07044E-01  3.07044E-01  2.91063E-02  1.00000E+00  1.00000E+00  6.00556E-05
 8.07044E-01  3.40377E-01  1.59506E-02  1.00000E+00  1.00000E+00  6.00556E-05
 8.07044E-01  3.73711E-01  8.58322E-03  1.00000E+00  1.00000E+00  6.00556E-05
 8.07044E-01  4.07044E-01  7.41505E-03  1.00000E+00  1.00000E+00  6.00556E-05
 8.07044E-01  4.40377E-01  1.25231E-02  1.00000E+00  1.00000E+00  6.00556E-05
 8.07044E-01  4.73711E-01  2.33394E-02  1.00000E+00  1.00000E+00  6.00556E-05
 8.07044E-01  5.07044E-01  4.05702E-02  1.00000E+00  1.00000E+00  6.00556E-05
 8.07044E-01  5.40377E-01  6.68165E-02  1.00000E+00  1.00000E+00  6.00556E-05
 8.07044E-01  5.73711E-01  1.05280E-01  1.00000E+00  1.00000E+00  6.00556E-05
 8.07044E-01  6.07044E-01  1.58657E-01  1.00000E+00  1.00000E+00  6.00556E-05
 8.07044E-01  6.40377E-01  2.28590E-01  1.00000E+00  1.00000E+00  6.00556E-05
 8.07044E-01  6.73711E-01  3.14920E-01  1.00000E+00  1.00000E+00  6.00556E-05
 8.07044E-01  7.07044E-01  4.14887E-01  1.00000E+00  1.00000E+00  6.00556E-05
 8.07044E-01  7.40377E-01  5.22721E-01  1.00000E+00  1.00000E+00  6.00556E-05
 8.07044E-01  7.73711E-01  6.29863E-01  1.00000E+00  1.00000E+00  6.00556E-05
 8.07044E-01  8.07044E-01  7.25904E-01  1.00000E+00  1.00000E+00  6.00556E-05
 8.07044E-01  8.40377E-01  8.00177E-01  1.00000E+00  1.00000E+00  6.00556E-05
 8.07044E-01  8.73711E-01  8.43681E-01  1.00000E+00  1.00000E+00  6.00556E-05
 8.07044E-01  9.07044E-01  8.50869E-01  1.00000E+00  1.00000E+00  6.00556E-05
 8.07044E-01  9.40377E-01  8.20807E-01  1.00000E+00  1.00000E+00  6.00556E-05
 8.07044E-01  9.73711E-01  7.57374E-01  1.00000E+00  1.00000E+00  6.00556E-05
 8.40377E-01  7.04416E-03  7.36834E-01  1.00000E+00  1.00000E+00  6.00556E-05
 8.40377E-01  4.03775E-02  6.22002E-01  1.00000E+00  1.00000E+00  6.00556E-05
 8.40377E-01  7.37108E-02  5.02188E-01  1.00000E+00  1.00000E+00  6.00556E-05
 8.40377E-01  1.07044E-01  3.87764E-01  1.00000E+00  1.00000E+00  6.00556E-05
 8.40377E-01  1.40377E-01  2.86334E-01  1.00000E+00  1.00000E+00  6.00556E-05
 8.40377E-01  1.73711E-01  2.02184E-01  1.00000E+00  1.00000E+00  6.00556E-05
 8.40377E-01  2.07044E-01  1.36488E-01  1.00000E+00  1.00000E+00  6.00556E-05
 8.40377E-01  2.40377E-01  8.81004E-02  1.00000E+00  1.00000E+00  6.00556E-05
 8.40377E-01  2.73711E-01  5.44564E-02  1.00000E+00  1.00000E+00  6.00556E-05
 8.40377E-01  3.07044E-01  3.20829E-02  1.00000E+00  1.00000E+00  6.00556E-05
 8.40377E-01  3.40377E-01  1.75823E-02  1.00000E+00  1.00000E+00  6.00556E-05
 8.40377E-01  3.73711E-01  9.46206E-03  1.00000E+00  1.00000E+00  6.00556E-05
 8.40377E-01  4.07044E-01  8.17293E-03  1.00000E+00  1.00000E+00  6.00556E-05
 8.40377E-01  4.40377E-01  1.38030E-02  1.00000E+00  1.00000E+00  6.00556E-05
 8.40377E-01  4.73711E-01  2.57268E-02  1.00000E+00  1.00000E+00  6.00556E-05
 8.40377E-01  5.07044E-01  4.47209E-02  1.00000E+00  1.00000E+00  6.00556E-05
 8.40377E-01  5.40377E-01  7.36525E-02  1.00000E+00  1.00000E+00  6.00556E-05
 8.40377E-01  5.73711E-01  1.16051E-01  1.00000E+00  1.00000E+00  6.00556E-05
 8.40377E-01  6.07044E-01  1.74890E-01  1.00000E+00  1.00000E+00  6.00556E-05
 8.40377E-01  6.40377E-01  2.51978E-01  1.00000E+00  1.00000E+00  6.00556E-05
 8.40377E-01  6.73711E-01  3.47142E-01  1.00000E+00  1.00000E+00  6.00556E-05
 8.40377E-01  7.07044E-01  4.57337E-01  1.00000E+00  1.00000E+00  6.00556E-05
 8.40377E-01  7.40377E-01  5.76204E-01  1.00000E+00  1.00000E+00  6.00556E-05
 8.40377E-01  7.73711E-01  6.94309E-01  1.00000E+00  1.00000E+00  6.00556E-05
 8.40377E-01  8.07044E-01  8.00177E-01  1.00000E+00  1.00000E+00  6.00556E-05
 8.40377E-01  8.40377E-01  8.82050E-01  1.00000E+00  1.00000E+00  6.00556E-05
 8.40377E-01  8.73711E-01  9.30005E-01  1.00000E+00  1.00000E+00  6.00556E-05
 8.40377E-01  9.07044E-01  9.37928E-01  1.00000E+00  1.00000E+00  6.00556E-05
 8.40377E-01  9.40377E-01  9.04790E-01  1.00000E+00  1.00000E+00  6.00556E-05
 8.40377E-01  9.73711E-01  8.34867E-01  1.00000E+00  1.00000E+00  6.00556E-05
 8.73711E-01  7.04416E-03  7.76894E-01  1.00000E+00  1.00000E+00  6.00556E-05
 8.73711E-01  4.03775E-02  6.55819E-01  1.00000E+00  1.00000E+00  6.00556E-05
 8.73711E-01  7.37108E-02  5.29490E-01  1.00000E+00  1.00000E+00  6.00556E-05
 8.73711E-01  1.07044E-01  4.08846E-01  1.00000E+00  1.00000E+00  6.00556E-05
 8.73711E-01  1.40377E-01  3.01901E-01  1.00000E+00  1.00000E+00  6.00556E-05
 8.73711E-01  1.73711E-01  2.13176E-01  1.00000E+00  1.00000E+00  6.00556E-05
 8.73711E-01  2.07044E-01  1.43908E-01  1.00000E+00  1.00000E+00  6.00556E-05
 8.73711E-01  2.40377E-01  9.28902E-02  1.00000E+00  1.00000E+00  6.00556E-05
 8.73711E-01  2.73711E-01  5.74167E-02  1.00000E+00  1.00000E+00  6.00556E-05
 8.73711E-01  3.07044E-01  3.38264E-02  1.00000E+00  1.00000E+00  6.00556E-05
 8.73711E-01  3.40377E-01  1.85380E-02  1.00000E+00  1.00000E+00  6.00556E-05
 8.73711E-01  3.73711E-01  9.97686E-03  1.00000E+00  1.00000E+00  6.00556E-05
 8.73711E-01  4.07044E-01  8.61684E-03  1.00000E+00  1.00000E+00  6.00556E-05
 8.73711E-01  4.40377E-01  1.45527E-02  1.00000E+00  1.00000E+00  6.00556E-05
 8.73711E-01  4.73711E-01  2.71253E-02  1.00000E+00  1.00000E+00  6.00556E-05
 8.73711E-01  5.07044E-01  4.71521E-02  1.00000E+00  1.00000E+00  6.00556E-05
 8.73711E-01  5.40377E-01  7.76566E-02  1.00000E+00  1.00000E+00  6.00556E-05
 8.73711E-01  5.73711E-01  1.22360E-01  1.00000E+00  1.00000E+00  6.00556E-05
 8.73711E-01  6.07044E-01  1.84398E-01  1.00000E+00  1.00000E+00  6.00556E-05
 8.73711E-01  6.40377E-01  2.65678E-01  1.00000E+00  1.00000E+00  6.00556E-05
 8.73711E-01  6.73711E-01  3.66015E-01  1.00000E+00  1.00000E+00  6.00556E-05
 8.73711E-01  7.07044E-01  4.82201E-01  1.00000E+00  1.00000E+00  6.00556E-05
 8.73711E-01  7.40377E-01  6.07531E-01  1.00000E+00  1.00000E+00  6.00556E-05
 8.73711E-01  7.73711E-01  7.32057E-01  1.00000E+00  1.00000E+00  6.00556E-05
 8.73711E-01  8.07044E-01  8.43681E-01  1.00000E+00  1.00000E+00  6.00556E-05
 8.73711E-01  8.40377E-01  9.30005E-01  1.00000E+00  1.00000E+00  6.00556E-05
 8.73711E-01  8.73711E-01  9.80567E-01  1.00000E+00  1.00000E+00  6.00556E-05
 8.73711E-01  9.07044E-01  9.88921E-01  1.00000E+00  1.00000E+00  6.00556E-05
 8.73711E-01  9.40377E-01  9.53981E-01  1.00000E+00  1.00000E+00  6.00556E-05
 8.73711E-01  9.73711E-01  8.80256E-01  1.00000E+00  1.00000E+00  6.00556E-05
 9.07044E-01  7.04416E-03  7.83512E-01  1.00000E+00  1.00000E+00  6.00556E-05
 9.07044E-01  4.03775E-02  6.61406E-01  1.00000E+00  1.00000E+00  6.00556E-05
 9.07044E-01  7.37108E-02  5.34001E-01  1.00000E+00  1.00000E+00  6.00556E-05
 9.07044E-01  1.07044E-01  4.12329E-01  1.00000E+00  1.00000E+00  6.00556E-05
 9.07044E-01  1.40377E-01  3.04473E-01  1.00000E+00  1.00000E+00  6.00556E-05
 9.07044E-01  1.73711E-01  2.14992E-01  1.00000E+00  1.00000E+00  6.00556E-05
 9.07044E-01  2.07044E-01  1.45134E-01  1.00000E+00  1.00000E+00  6.00556E-05
 9.07044E-01  2.40377E-01  9.36816E-02  1.00000E+00  1.00000E+00  6.00556E-05
 9.07044E-01  2.73711E-01  5.79059E-02  1.00000E+00  1.00000E+00  6.00556E-05
 9.07044E-01  3.07044E-01  3.41145E-02  1.00000E+00  1.00000E+00  6.00556E-05
 9.07044E-01  3.40377E-01  1.86960E-02  1.00000E+00  1.00000E+00  6.00556E-05
 9.07044E-01  3.73711E-01  1.00620E-02  1.00000E+00  1.00000E+00  6.00556E-05
 9.07044E-01  4.07044E-01  8.69022E-03  1.00000E+00  1.00000E+00  6.00556E-05
 9.07044E-01  4.40377E-01  1.46766E-02  1.00000E+00  1.00000E+00  6.00556E-05
 9.07044E-01  4.73711E-01  2.73564E-02  1.00000E+00  1.00000E+00  6.00556E-05
 9.07044E-01  5.07044E-01  4.75539E-02  1.00000E+00  1.00000E+00  6.00556E-05
 9.07044E-01  5.40377E-01  7.83182E-02  1.00000E+00  1.00000E+00  6.00556E-05
 9.07044E-01  5.73711E-01  1.23403E-01  1.00000E+00  1.00000E+00  6.00556E-05
 9.07044E-01  6.07044E-01  1.85969E-01  1.00000E+00  1.00000E+00  6.00556E-05
 9.07044E-01  6.40377E-01  2.67941E-01  1.00000E+00  1.00000E+00  6.00556E-05
 9.07044E-01  6.73711E-01  3.69134E-01  1.00000E+00  1.00000E+00  6.00556E-05
 9.07044E-01  7.07044E-01  4.86309E-01  1.00000E+00  1.00000E+00  6.00556E-05
 9.07044E-01  7.40377E-01  6.12707E-01  1.00000E+00  1.00000E+00  6.00556E-05
 9.07044E-01  7.73711E-01  7.38294E-01  1.00000E+00  1.00000E+00  6.00556E-05
 9.07044E-01  8.07044E-01  8.50869E-01  1.00000E+00  1.00000E+00  6.00556E-05
 9.07044E-01  8.40377E-01  9.37928E-01  1.00000E+00  1.00000E+00  6.00556E-05
 9.07044E-01  8.73711E-01  9.88921E-01  1.00000E+00  1.00000E+00  6.00556E-05
 9.07044E-01  9.07044E-01  9.97346E-01  1.00000E+00  1.00000E+00  6.00556E-05
 9.07044E-01  9.40377E-01  9.62108E-01  1.00000E+00  1.00000E+00  6.00556E-05
 9.07044E-01  9.73711E-01  8.87755E-01  1.00000E+00  1.00000E+00  6.00556E-05
 9.40377E-01  7.04416E-03  7.55830E-01  1.00000E+00  1.00000E+00  6.00556E-05
 9.40377E-01  4.03775E-02  6.38038E-01  1.00000E+00  1.00000E+00  6.00556E-05
 9.40377E-01  7.37108E-02  5.15135E-01  1.00000E+00  1.00000E+00  6.00556E-05
 9.40377E-01  1.07044E-01  3.97761E-01  1.00000E+00  1.00000E+00  6.00556E-05
 9.40377E-01  1.40377E-01  2.93716E-01  1.00000E+00  1.00000E+00  6.00556E-05
 9.40377E-01  1.73711E-01  2.07397E-01  1.00000E+00  1.00000E+00  6.00556E-05
 9.40377E-01  2.07044E-01  1.40007E-01  1.00000E+00  1.00000E+00  6.00556E-05
 9.40377E-01  2.40377E-01  9.03720E-02  1.00000E+00  1.00000E+00  6.00556E-05
 9.40377E-01  2.73711E-01  5.58604E-02  1.00000E+00  1.00000E+00  6.00556E-05
 9.40377E-01  3.07044E-01  3.29098E-02  1.00000E+00  1.00000E+00  6.00556E-05
 9.40377E-01  3.40377E-01  1.80356E-02  1.00000E+00  1.00000E+00  6.00556E-05
 9.40377E-01  3.73711E-01  9.70628E-03  1.00000E+00  1.00000E+00  6.00556E-05
 9.40377E-01  4.07044E-01  8.38353E-03  1.00000E+00  1.00000E+00  6.00556E-05
 9.40377E-01  4.40377E-01  1.41587E-02  1.00000E+00  1.00000E+00  6.00556E-05
 9.40377E-01  4.73711E-01  2.63901E-02  1.00000E+00  1.00000E+00  6.00556E-05
 9.40377E-01  5.07044E-01  4.58740E-02  1.00000E+00  1.00000E+00  6.00556E-05
 9.40377E-01  5.40377E-01  7.55515E-02  1.00000E+00  1.00000E+00  6.00556E-05
 9.40377E-01  5.73711E-01  1.19043E-01  1.00000E+00  1.00000E+00  6.00556E-05
 9.40377E-01  6.07044E-01  1.79399E-01  1.00000E+00  1.00000E+00  6.00556E-05
 9.40377E-01  6.40377E-01  2.58475E-01  1.00000E+00  1.00000E+00  6.00556E-05
 9.40377E-01  6.73711E-01  3.56092E-01  1.00000E+00  1.00000E+00  6.00556E-05
 9.40377E-01  7.07044E-01  4.69128E-01  1.00000E+00  1.00000E+00  6.00556E-05
 9.40377E-01  7.40377E-01  5.91059E-01  1.00000E+00  1.00000E+00  6.00556E-05
 9.40377E-01  7.73711E-01  7.12209E-01  1.00000E+00  1.00000E+00  6.00556E-05
 9.40377E-01  8.07044E-01  8.20807E-01  1.00000E+00  1.00000E+00  6.00556E-05
 9.40377E-01  8.40377E-01  9.04790E-01  1.00000E+00  1.00000E+00  6.00556E-05
 9.40377E-01  8.73711E-01  9.53981E-01  1.00000E+00  1.00000E+00  6.00556E-05
 9.40377E-01  9.07044E-01  9.62108E-01  1.00000E+00  1.00000E+00  6.00556E-05
 9.40377E-01  9.40377E-01  9.28116E-01  1.00000E+00  1.00000E+00  6.00556E-05
 9.40377E-01  9.73711E-01  8.56390E-01  1.00000E+00  1.00000E+00  6.00556E-05
 9.73711E-01  7.04416E-03  6.97419E-01  1.00000E+00  1.00000E+00  6.00556E-05
 9.73711E-01  4.03775E-02  5.88730E-01  1.00000E+00  1.00000E+00  6.00556E-05
 9.73711E-01  7.37108E-02  4.75325E-01  1.00000E+00  1.00000E+00  6.00556E-05
 9.73711E-01  1.07044E-01  3.67022E-01  1.00000E+00  1.00000E+00  6.00556E-05
 9.73711E-01  1.40377E-01  2.71018E-01  1.00000E+00  1.00000E+00  6.00556E-05
 9.73711E-01  1.73711E-01  1.91369E-01  1.00000E+00  1.00000E+00  6.00556E-05
 9.73711E-01  2.07044E-01  1.29187E-01  1.00000E+00  1.00000E+00  6.00556E-05
 9.73711E-01  2.40377E-01  8.33883E-02  1.00000E+00  1.00000E+00  6.00556E-05
 9.73711E-01  2.73711E-01  5.15443E-02  1.00000E+00  1.00000E+00  6.00556E-05
 9.73711E-01  3.07044E-01  3.03678E-02  1.00000E+00  1.00000E+00  6.00556E-05
 9.73711E-01  3.40377E-01  1.66422E-02  1.00000E+00  1.00000E+00  6.00556E-05
 9.73711E-01  3.73711E-01  8.95576E-03  1.00000E+00  1.00000E+00  6.00556E-05
 9.73711E-01  4.07044E-01  7.73634E-03  1.00000E+00  1.00000E+00  6.00556E-05
 9.73711E-01  4.40377E-01  1.30656E-02  1.00000E+00  1.00000E+00  6.00556E-05
 9.73711E-01  4.73711E-01  2.43512E-02  1.00000E+00  1.00000E+00  6.00556E-05
 9.73711E-01  5.07044E-01  4.23292E-02  1.00000E+00  1.00000E+00  6.00556E-05
 9.73711E-01  5.40377E-01  6.97134E-02  1.00000E+00  1.00000E+00  6.00556E-05
 9.73711E-01  5.73711E-01  1.09844E-01  1.00000E+00  1.00000E+00  6.00556E-05
 9.73711E-01  6.07044E-01  1.65535E-01  1.00000E+00  1.00000E+00  6.00556E-05
 9.73711E-01  6.40377E-01  2.38500E-01  1.00000E+00  1.00000E+00  6.00556E-05
 9.73711E-01  6.73711E-01  3.28573E-01  1.00000E+00  1.00000E+00  6.00556E-05
 9.73711E-01  7.07044E-01  4.32873E-01  1.00000E+00  1.00000E+00  6.00556E-05
 9.73711E-01  7.40377E-01  5.45382E-01  1.00000E+00  1.00000E+00  6.00556E-05
 9.73711E-01  7.73711E-01  6.57169E-01  1.00000E+00  1.00000E+00  6.00556E-05
 9.73711E-01  8.07044E-01  7.57374E-01  1.00000E+00  1.00000E+00  6.00556E-05
 9.73711E-01  8.40377E-01  8.34867E-01  1.00000E+00  1.00000E+00  6.00556E-05
 9.73711E-01  8.73711E-01  8.80256E-01  1.00000E+00  1.00000E+00  6.00556E-05
 9.73711E-01  9.07044E-01  8.87755E-01  1.00000E+00  1.00000E+00  6.00556E-05
 9.73711E-01  9.40377E-01  8.56390E-01  1.00000E+00  1.00000E+00  6.00556E-05
 9.73711E-01  9.73711E-01  7.90207E-01  1.00000E+00  1.00000E+00  6.00556E-05
