 7.04416E-03  7.04416E-03  9.29643E-01  1.00000E+00  1.00000E+00  6.00554E-05
 7.04416E-03  4.03775E-02  8.58441E-01  1.00000E+00  1.00000E+00  6.00554E-05
 7.04416E-03  7.37108E-02  7.58221E-01  1.00000E+00  1.00000E+00  6.00554E-05
 7.04416E-03  1.07044E-01  6.40555E-01  1.00000E+00  1.00000E+00  6.00554E-05
 7.04416E-03  1.40377E-01  5.17572E-01  1.00000E+00  1.00000E+00  6.00554E-05
 7.04416E-03  1.73711E-01  3.99955E-01  1.00000E+00  1.00000E+00  6.00554E-05
 7.04416E-03  2.07044E-01  2.95563E-01  1.00000E+00  1.00000E+00  6.00554E-05
 7.04416E-03  2.40377E-01  2.08853E-01  1.00000E+00  1.00000E+00  6.00554E-05
 7.04416E-03  2.73711E-01  1.41085E-01  1.00000E+00  1.00000E+00  6.00554E-05
 7.04416E-03  3.07044E-01  9.11379E-02  1.00000E+00  1.00000E+00  6.00554E-05
 7.04416E-03  3.40377E-01  5.63694E-02  1.00000E+00  1.00000E+00  6.00554E-05
 7.04416E-03  3.73711E-01  3.31890E-02  1.00000E+00  1.00000E+00  6.00554E-05
 7.04416E-03  4.07044E-01  1.81768E-02  1.00000E+00  1.00000E+00  6.00554E-05
 7.04416E-03  4.40377E-01  9.80717E-03  1.00000E+00  1.00000E+00  6.00554E-05
 7.04416E-03  4.73711E-01  8.38961E-03  1.00000E+00  1.00000E+00  6.00554E-05
 7.04416E-03  5.07044E-01  1.39925E-02  1.00000E+00  1.00000E+00  6.00554E-05
 7.04416E-03  5.40377E-01  2.61051E-02  1.00000E+00  1.00000E+00  6.00554E-05
 7.04416E-03  5.73711E-01  4.55135E-02  1.00000E+00  1.00000E+00  6.00554E-05
 7.04416E-03  6.07044E-01  7.50504E-02  1.00000E+00  1.00000E+00  6.00554E-05
 7.04416E-03  6.40377E-01  1.18336E-01  1.00000E+00  1.00000E+00  6.00554E-05
 7.04416E-03  6.73711E-01  1.78469E-01  1.00000E+00  1.00000E+00  6.00554E-05
 7.04416E-03  7.07044E-01  2.57326E-01  1.00000E+00  1.00000E+00  6.00554E-05
 7.04416E-03  7.40377E-01  3.54753E-01  1.00000E+00  1.00000E+00  6.00554E-05
 7.04416E-03  7.73711E-01  4.67674E-01  1.00000E+00  1.00000E+00  6.00554E-05
 7.04416E-03  8.07044E-01  5.89612E-01  1.00000E+00  1.00000E+00  6.00554E-05
 7.04416E-03  8.40377E-01  7.10927E-01  1.00000E+00  1.00000E+00  6.00554E-05
 7.04416E-03  8.73711E-01  8.19867E-01  1.00000E+00  1.00000E+00  6.00554E-05
 7.04416E-03  9.07044E-01  9.04358E-01  1.00000E+00  1.00000E+00  6.00554E-05
 7.04416E-03  9.40377E-01  9.54181E-01  1.00000E+00  1.00000E+00  6.00554E-05
 7.04416E-03  9.73711E-01  9.62990E-01  1.00000E+00  1.00000E+00  6.00554E-05
 4.03775E-02  7.04416E-03  8.58441E-01  1.00000E+00  1.00000E+00  6.00554E-05
 4.03775E-02  4.03775E-02  7.92693E-01  1.00000E+00  1.00000E+00  6.00554E-05
 4.03775E-02  7.37108E-02  7.00149E-01  1.00000E+00  1.00000E+00  6.00554E-05
 4.03775E-02  1.07044E-01  5.91495E-01  1.00000E+00  1.00000E+00  6.00554E-05
 4.03775E-02  1.40377E-01  4.77931E-01  1.00000E+00  1.00000E+00  6.00554E-05
 4.03775E-02  1.73711E-01  3.69323E-01  1.00000E+00  1.00000E+00  6.00554E-05
 4.03775E-02  2.07044E-01  2.72926E-01  1.00000E+00  1.00000E+00  6.00554E-05
 4.03775E-02  2.40377E-01  1.92857E-01  1.00000E+00  1.00000E+00  6.00554E-05
 4.03775E-02  2.73711E-01  1.30280E-01  1.00000E+00  1.00000E+00  6.00554E-05
 4.03775E-02  3.07044E-01  8.41579E-02  1.00000E+00  1.00000E+00  6.00554E-05
 4.03775E-02  3.40377E-01  5.20529E-02  1.00000E+00  1.00000E+00  6.00554E-05
 4.03775E-02  3.73711E-01  3.06483E-02  1.00000E+00  1.00000E+00  6.00554E-05
 4.03775E-02  4.07044E-01  1.67850E-02  1.00000E+00  1.00000E+00  6.00554E-05
 4.03775E-02  4.40377E-01  9.05558E-03  1.00000E+00  1.00000E+00  6.00554E-05
 4.03775E-02  4.73711E-01  7.74765E-03  1.00000E+00  1.00000E+00  6.00554E-05
 4.03775E-02  5.07044E-01  1.29220E-02  1.00000E+00  1.00000E+00  6.00554E-05
 4.03775E-02  5.40377E-01  2.41063E-02  1.00000E+00  1.00000E+00  6.00554E-05
 4.03775E-02  5.73711E-01  4.20279E-02  1.00000E+00  1.00000E+00  6.00554E-05
 4.03775E-02  6.07044E-01  6.93028E-02  1.00000E+00  1.00000E+00  6.00554E-05
 4.03775E-02  6.40377E-01  1.09273E-01  1.00000E+00  1.00000E+00  6.00554E-05
 4.03775E-02  6.73711E-01  1.64800E-01  1.00000E+00  1.00000E+00  6.00554E-05
 4.03775E-02  7.07044E-01  2.37617E-01  1.00000E+00  1.00000E+00  6.00554E-05
 4.03775E-02  7.40377E-01  3.27582E-01  1.00000E+00  1.00000E+00  6.00554E-05
 4.03775E-02  7.73711E-01  4.31855E-01  1.00000E+00  1.00000E+00  6.00554E-05
 4.03775E-02  8.07044E-01  5.44453E-01  1.00000E+00  1.00000E+00  6.00554E-05
 4.03775E-02  8.40377E-01  6.56477E-01  1.00000E+00  1.00000E+00  6.00554E-05
 4.03775E-02  8.73711E-01  7.57073E-01  1.00000E+00  1.00000E+00  6.00554E-05
 4.03775E-02  9.07044E-01  8.35093E-01  1.00000E+00  1.00000E+00  6.00554E-05
 4.03775E-02  9.40377E-01  8.81100E-01  1.00000E+00  1.00000E+00  6.00554E-05
 4.03775E-02  9.73711E-01  8.89234E-01  1.00000E+00  1.00000E+00  6.00554E-05
 7.37108E-02  7.04416E-03  7.58221E-01  1.00000E+00  1.00000E+00  6.00554E-05
 7.37108E-02  4.03775E-02  7.00149E-01  1.00000E+00  1.00000E+00  6.00554E-05
 7.37108E-02  7.37108E-02  6.18408E-01  1.00000E+00  1.00000E+00  6.00554E-05
 7.37108E-02  1.07044E-01  5.22440E-01  1.00000E+00  1.00000E+00  6.00554E-05
 7.37108E-02  1.40377E-01  4.22134E-01  1.00000E+00  1.00000E+00  6.00554E-05
 7.37108E-02  1.73711E-01  3.26206E-01  1.00000E+00  1.00000E+00  6.00554E-05
 7.37108E-02  2.07044E-01  2.41064E-01  1.00000E+00  1.00000E+00  6.00554E-05
 7.37108E-02  2.40377E-01  1.70342E-01  1.00000E+00  1.00000E+00  6.00554E-05
 7.37108E-02  2.73711E-01  1.15070E-01  1.00000E+00  1.00000E+00  6.00554E-05
 7.37108E-02  3.07044E-01  7.43332E-02  1.00000E+00  1.00000E+00  6.00554E-05
 7.37108E-02  3.40377E-01  4.59771E-02  1.00000E+00  1.00000E+00  6.00554E-05
 7.37108E-02  3.73711E-01  2.70719E-02  1.00000E+00  1.00000E+00  6.00554E-05
 7.37108E-02  4.07044E-01  1.48258E-02  1.00000E+00  1.00000E+00  6.00554E-05
 7.37108E-02  4.40377E-01  7.99770E-03  1.00000E+00  1.00000E+00  6.00554E-05
 7.37108E-02  4.73711E-01  6.84399E-03  1.00000E+00  1.00000E+00  6.00554E-05
 7.37108E-02  5.07044E-01  1.14150E-02  1.00000E+00  1.00000E+00  6.00554E-05
 7.37108E-02  5.40377E-01  2.12928E-02  1.00000E+00  1.00000E+00  6.00554E-05
 7.37108E-02  5.73711E-01  3.71218E-02  1.00000E+00  1.00000E+00  6.00554E-05
 7.37108E-02  6.07044E-01  6.12126E-02  1.00000E+00  1.00000E+00  6.00554E-05
 7.37108E-02  6.40377E-01  9.65162E-02  1.00000E+00  1.00000E+00  6.00554E-05
 7.37108E-02  6.73711E-01  1.45561E-01  1.00000E+00  1.00000E+00  6.00554E-05
 7.37108E-02  7.07044E-01  2.09877E-01  1.00000E+00  1.00000E+00  6.00554E-05
 7.37108E-02  7.40377E-01  2.89338E-01  1.00000E+00  1.00000E+00  6.00554E-05
 7.37108E-02  7.73711E-01  3.81437E-01  1.00000E+00  1.00000E+00  6.00554E-05
 7.37108E-02  8.07044E-01  4.80890E-01  1.00000E+00  1.00000E+00  6.00554E-05
 7.37108E-02  8.40377E-01  5.79835E-01  1.00000E+00  1.00000E+00  6.00554E-05
 7.37108E-02  8.73711E-01  6.68687E-01  1.00000E+00  1.00000E+00  6.00554E-05
 7.37108E-02  9.07044E-01  7.37598E-01  1.00000E+00  1.00000E+00  6.00554E-05
 7.37108E-02  9.40377E-01  7.78234E-01  1.00000E+00  1.00000E+00  6.00554E-05
 7.37108E-02  9.73711E-01  7.85419E-01  1.00000E+00  1.00000E+00  6.00554E-05
 1.07044E-01  7.04416E-03  6.40555E-01  1.00000E+00  1.00000E+00  6.00554E-05
 1.07044E-01  4.03775E-02  5.91495E-01  1.00000E+00  1.00000E+00  6.00554E-05
 1.07044E-01  7.37108E-02  5.22440E-01  1.00000E+00  1.00000E+00  6.00554E-05
 1.07044E-01  1.07044E-01  4.41364E-01  1.00000E+00  1.00000E+00  6.00554E-05
 1.07044E-01  1.40377E-01  3.56625E-01  1.00000E+00  1.00000E+00  6.00554E-05
 1.07044E-01  1.73711E-01  2.75584E-01  1.00000E+00  1.00000E+00  6.00554E-05
 1.07044E-01  2.07044E-01  2.03655E-01  1.00000E+00  1.00000E+00  6.00554E-05
 1.07044E-01  2.40377E-01  1.43909E-01  1.00000E+00  1.00000E+00  6.00554E-05
 1.07044E-01  2.73711E-01  9.72137E-02  1.00000E+00  1.00000E+00  6.00554E-05
 1.07044E-01  3.07044E-01  6.27982E-02  1.00000E+00  1.00000E+00  6.00554E-05
 1.07044E-01  3.40377E-01  3.88435E-02  1.00000E+00  1.00000E+00  6.00554E-05
 1.07044E-01  3.73711E-01  2.28729E-02  1.00000E+00  1.00000E+00  6.00554E-05
 1.07044E-01  4.07044E-01  1.25256E-02  1.00000E+00  1.00000E+00  6.00554E-05
 1.07044E-01  4.40377E-01  6.75576E-03  1.00000E+00  1.00000E+00  6.00554E-05
 1.07044E-01  4.73711E-01  5.78295E-03  1.00000E+00  1.00000E+00  6.00554E-05
 1.07044E-01  5.07044E-01  9.64561E-03  1.00000E+00  1.00000E+00  6.00554E-05
 1.07044E-01  5.40377E-01  1.79895E-02  1.00000E+00  1.00000E+00  6.00554E-05
 1.07044E-01  5.73711E-01  3.13616E-02  1.00000E+00  1.00000E+00  6.00554E-05
 1.07044E-01  6.07044E-01  5.17140E-02  1.00000E+00  1.00000E+00  6.00554E-05
 1.07044E-01  6.40377E-01  8.15391E-02  1.00000E+00  1.00000E+00  6.00554E-05
 1.07044E-01  6.73711E-01  1.22973E-01  1.00000E+00  1.00000E+00  6.00554E-05
 1.07044E-01  7.07044E-01  1.77307E-01  1.00000E+00  1.00000E+00  6.00554E-05
 1.07044E-01  7.40377E-01  2.44438E-01  1.00000E+00  1.00000E+00  6.00554E-05
 1.07044E-01  7.73711E-01  3.22243E-01  1.00000E+00  1.00000E+00  6.00554E-05
 1.07044E-01  8.07044E-01  4.06263E-01  1.00000E+00  1.00000E+00  6.00554E-05
 1.07044E-01  8.40377E-01  4.89852E-01  1.00000E+00  1.00000E+00  6.00554E-05
 1.07044E-01  8.73711E-01  5.64915E-01  1.00000E+00  1.00000E+00  6.00554E-05
 1.07044E-01  9.07044E-01  6.23133E-01  1.00000E+00  1.00000E+00  6.00554E-05
 1.07044E-01  9.40377E-01  6.57462E-01  1.00000E+00  1.00000E+00  6.00554E-05
 1.07044E-01  9.73711E-01  6.63532E-01  1.00000E+00  1.00000E+00  6.00554E-05
 1.40377E-01  7.04416E-03  5.17572E-01  1.00000E+00  1.00000E+00  6.00554E-05
 1.40377E-01  4.03775E-02  4.77931E-01  1.00000E+00  1.00000E+00  6.00554E-05
 1.40377E-01  7.37108E-02  4.22134E-01  1.00000E+00  1.00000E+00  6.00554E-05
 1.40377E-01  1.07044E-01  3.56625E-01  1.00000E+00  1.00000E+00  6.00554E-05
 1.40377E-01  1.40377E-01  2.88156E-01  1.00000E+00  1.00000E+00  6.00554E-05
 1.40377E-01  1.73711E-01  2.22674E-01  1.00000E+00  1.00000E+00  6.00554E-05
 1.40377E-01  2.07044E-01  1.64555E-01  1.00000E+00  1.00000E+00  6.00554E-05
 1.40377E-01  2.40377E-01  1.16280E-01  1.00000E+00  1.00000E+00  6.00554E-05
 1.40377E-01  2.73711E-01  7.85500E-02  1.00000E+00  1.00000E+00  6.00554E-05
 1.40377E-01  3.07044E-01  5.07420E-02  1.00000E+00  1.00000E+00  6.00554E-05
 1.40377E-01  3.40377E-01  3.13874E-02  1.00000E+00  1.00000E+00  6.00554E-05
 1.40377E-01  3.73711E-01  1.84838E-02  1.00000E+00  1.00000E+00  6.00554E-05
 1.40377E-01  4.07044E-01  1.01213E-02  1.00000E+00  1.00000E+00  6.00554E-05
 1.40377E-01  4.40377E-01  5.45782E-03  1.00000E+00  1.00000E+00  6.00554E-05
 1.40377E-01  4.73711E-01  4.67385E-03  1.00000E+00  1.00000E+00  6.00554E-05
 1.40377E-01  5.07044E-01  7.79598E-03  1.00000E+00  1.00000E+00  6.00554E-05
 1.40377E-01  5.40377E-01  1.45368E-02  1.00000E+00  1.00000E+00  6.00554E-05
 1.40377E-01  5.73711E-01  2.53410E-02  1.00000E+00  1.00000E+00  6.00554E-05
 1.40377E-01  6.07044E-01  4.17862E-02  1.00000E+00  1.00000E+00  6.00554E-05
 1.40377E-01  6.40377E-01  6.58851E-02  1.00000E+00  1.00000E+00  6.00554E-05
 1.40377E-01  6.73711E-01  9.93636E-02  1.00000E+00  1.00000E+00  6.00554E-05
 1.40377E-01  7.07044E-01  1.43266E-01  1.00000E+00  1.00000E+00  6.00554E-05
 1.40377E-01  7.40377E-01  1.97508E-01  1.00000E+00  1.00000E+00  6.00554E-05
 1.40377E-01  7.73711E-01  2.60375E-01  1.00000E+00  1.00000E+00  6.00554E-05
 1.40377E-01  8.07044E-01  3.28263E-01  1.00000E+00  1.00000E+00  6.00554E-05
 1.40377E-01  8.40377E-01  3.95803E-01  1.00000E+00  1.00000E+00  6.00554E-05
 1.40377E-01  8.73711E-01  4.56455E-01  1.00000E+00  1.00000E+00  6.00554E-05
 1.40377E-01  9.07044E-01  5.03494E-01  1.00000E+00  1.00000E+00  6.00554E-05
 1.40377E-01  9.40377E-01  5.31233E-01  1.00000E+00  1.00000E+00  6.00554E-05
 1.40377E-01  9.73711E-01  5.36137E-01  1.00000E+00  1.00000E+00  6.00554E-05
 1.73711E-01  7.04416E-03  3.99955E-01  1.00000E+00  1.00000E+00  6.00554E-05
 1.73711E-01  4.03775E-02  3.69323E-01  1.00000E+00  1.00000E+00  6.00554E-05
 1.73711E-01  7.37108E-02  3.26206E-01  1.00000E+00  1.00000E+00  6.00554E-05
 1.73711E-01  1.07044E-01  2.75584E-01  1.00000E+00  1.00000E+00  6.00554E-05
 1.73711E-01  1.40377E-01  2.22674E-01  1.00000E+00  1.00000E+00  6.00554E-05
 1.73711E-01  1.73711E-01  1.72073E-01  1.00000E+00  1.00000E+00  6.00554E-05
 1.73711E-01  2.07044E-01  1.27161E-01  1.00000E+00  1.00000E+00  6.00554E-05
 1.73711E-01  2.40377E-01  8.98568E-02  1.00000E+00  1.00000E+00  6.00554E-05
 1.73711E-01  2.73711E-01  6.07006E-02  1.00000E+00  1.00000E+00  6.00554E-05
 1.73711E-01  3.07044E-01  3.92117E-02  1.00000E+00  1.00000E+00  6.00554E-05
 1.73711E-01  3.40377E-01  2.42564E-02  1.00000E+00  1.00000E+00  6.00554E-05
 1.73711E-01  3.73711E-01  1.42859E-02  1.00000E+00  1.00000E+00  6.00554E-05
 1.73711E-01  4.07044E-01  7.82186E-03  1.00000E+00  1.00000E+00  6.00554E-05
 1.73711E-01  4.40377E-01  4.21664E-03  1.00000E+00  1.00000E+00  6.00554E-05
 1.73711E-01  4.73711E-01  3.61295E-03  1.00000E+00  1.00000E+00  6.00554E-05
 1.73711E-01  5.07044E-01  6.02670E-03  1.00000E+00  1.00000E+00  6.00554E-05
 1.73711E-01  5.40377E-01  1.12345E-02  1.00000E+00  1.00000E+00  6.00554E-05
 1.73711E-01  5.73711E-01  1.95831E-02  1.00000E+00  1.00000E+00  6.00554E-05
 1.73711E-01  6.07044E-01  3.22915E-02  1.00000E+00  1.00000E+00  6.00554E-05
 1.73711E-01  6.40377E-01  5.09140E-02  1.00000E+00  1.00000E+00  6.00554E-05
 1.73711E-01  6.73711E-01  7.67845E-02  1.00000E+00  1.00000E+00  6.00554E-05
 1.73711E-01  7.07044E-01  1.10710E-01  1.00000E+00  1.00000E+00  6.00554E-05
 1.73711E-01  7.40377E-01  1.52625E-01  1.00000E+00  1.00000E+00  6.00554E-05
 1.73711E-01  7.73711E-01  2.01206E-01  1.00000E+00  1.00000E+00  6.00554E-05
 1.73711E-01  8.07044E-01  2.53666E-01  1.00000E+00  1.00000E+00  6.00554E-05
 1.73711E-01  8.40377E-01  3.05858E-01  1.00000E+00  1.00000E+00  6.00554E-05
 1.73711E-01  8.73711E-01  3.52727E-01  1.00000E+00  1.00000E+00  6.00554E-05
 1.73711E-01  9.07044E-01  3.89077E-01  1.00000E+00  1.00000E+00  6.00554E-05
 1.73711E-01  9.40377E-01  4.10511E-01  1.00000E+00  1.00000E+00  6.00554E-05
 1.73711E-01  9.73711E-01  4.14301E-01  1.00000E+00  1.00000E+00  6.00554E-05
 2.07044E-01  7.04416E-03  2.95563E-01  1.00000E+00  1.00000E+00  6.00554E-05
 2.07044E-01  4.03775E-02  2.72926E-01  1.00000E+00  1.00000E+00  6.00554E-05
 2.07044E-01  7.37108E-02  2.41064E-01  1.00000E+00  1.00000E+00  6.00554E-05
 2.07044E-01  1.07044E-01  2.03655E-01  1.00000E+00  1.00000E+00  6.00554E-05
 2.07044E-01  1.40377E-01  1.64555E-01  1.00000E+00  1.00000E+00  6.00554E-05
 2.07044E-01  1.73711E-01  1.27161E-01  1.00000E+00  1.00000E+00  6.00554E-05
 2.07044E-01  2.07044E-01  9.39724E-02  1.00000E+00  1.00000E+00  6.00554E-05
 2.07044E-01  2.40377E-01  6.64048E-02  1.00000E+00  1.00000E+00  6.00554E-05
 2.07044E-01  2.73711E-01  4.48583E-02  1.00000E+00  1.00000E+00  6.00554E-05
 2.07044E-01  3.07044E-01  2.89779E-02  1.00000E+00  1.00000E+00  6.00554E-05
 2.07044E-01  3.40377E-01  1.79272E-02  1.00000E+00  1.00000E+00  6.00554E-05
 2.07044E-01  3.73711E-01  1.05598E-02  1.00000E+00  1.00000E+00  6.00554E-05
 2.07044E-01  4.07044E-01  5.78099E-03  1.00000E+00  1.00000E+00  6.00554E-05
 2.07044E-01  4.40377E-01  3.11530E-03  1.00000E+00  1.00000E+00  6.00554E-05
 2.07044E-01  4.73711E-01  2.67125E-03  1.00000E+00  1.00000E+00  6.00554E-05
 2.07044E-01  5.07044E-01  4.45607E-03  1.00000E+00  1.00000E+00  6.00554E-05
 2.07044E-01  5.40377E-01  8.30355E-03  1.00000E+00  1.00000E+00  6.00554E-05
 2.07044E-01  5.73711E-01  1.44726E-02  1.00000E+00  1.00000E+00  6.00554E-05
 2.07044E-01  6.07044E-01  2.38643E-02  1.00000E+00  1.00000E+00  6.00554E-05
 2.07044E-01  6.40377E-01  3.76263E-02  1.00000E+00  1.00000E+00  6.00554E-05
 2.07044E-01  6.73711E-01  5.67443E-02  1.00000E+00  1.00000E+00  6.00554E-05
 2.07044E-01  7.07044E-01  8.18150E-02  1.00000E+00  1.00000E+00  6.00554E-05
 2.07044E-01  7.40377E-01  1.12790E-01  1.00000E+00  1.00000E+00  6.00554E-05
 2.07044E-01  7.73711E-01  1.48690E-01  1.00000E+00  1.00000E+00  6.00554E-05
 2.07044E-01  8.07044E-01  1.87458E-01  1.00000E+00  1.00000E+00  6.00554E-05
 2.07044E-01  8.40377E-01  2.26027E-01  1.00000E+00  1.00000E+00  6.00554E-05
 2.07044E-01  8.73711E-01  2.60662E-01  1.00000E+00  1.00000E+00  6.00554E-05
 2.07044E-01  9.07044E-01  2.87524E-01  1.00000E+00  1.00000E+00  6.00554E-05
 2.07044E-01  9.40377E-01  3.03364E-01  1.00000E+00  1.00000E+00  6.00554E-05
 2.07044E-01  9.73711E-01  3.06165E-01  1.00000E+00  1.00000E+00  6.00554E-05
 2.40377E-01  7.04416E-03  2.08853E-01  1.00000E+00  1.00000E+00  6.00554E-05
 2.40377E-01  4.03775E-02  1.92857E-01  1.00000E+00  1.00000E+00  6.00554E-05
 2.40377E-01  7.37108E-02  1.70342E-01  1.00000E+00  1.00000E+00  6.00554E-05
 2.40377E-01  1.07044E-01  1.43909E-01  1.00000E+00  1.00000E+00  6.00554E-05
 2.40377E-01  1.40377E-01  1.16280E-01  1.00000E+00  1.00000E+00  6.00554E-05
 2.40377E-01  1.73711E-01  8.98568E-02  1.00000E+00  1.00000E+00  6.00554E-05
 2.40377E-01  2.07044E-01  6.64048E-02  1.00000E+00  1.00000E+00  6.00554E-05
 2.40377E-01  2.40377E-01  4.69249E-02  1.00000E+00  1.00000E+00  6.00554E-05
 2.40377E-01  2.73711E-01  3.16993E-02  1.00000E+00  1.00000E+00  6.00554E-05
 2.40377E-01  3.07044E-01  2.04776E-02  1.00000E+00  1.00000E+00  6.00554E-05
 2.40377E-01  3.40377E-01  1.26697E-02  1.00000E+00  1.00000E+00  6.00554E-05
 2.40377E-01  3.73711E-01  7.46441E-03  1.00000E+00  1.00000E+00  6.00554E-05
 2.40377E-01  4.07044E-01  4.08576E-03  1.00000E+00  1.00000E+00  6.00554E-05
 2.40377E-01  4.40377E-01  2.20076E-03  1.00000E+00  1.00000E+00  6.00554E-05
 2.40377E-01  4.73711E-01  1.88889E-03  1.00000E+00  1.00000E+00  6.00554E-05
 2.40377E-01  5.07044E-01  3.15110E-03  1.00000E+00  1.00000E+00  6.00554E-05
 2.40377E-01  5.40377E-01  5.86887E-03  1.00000E+00  1.00000E+00  6.00554E-05
 2.40377E-01  5.73711E-01  1.02277E-02  1.00000E+00  1.00000E+00  6.00554E-05
 2.40377E-01  6.07044E-01  1.68645E-02  1.00000E+00  1.00000E+00  6.00554E-05
 2.40377E-01  6.40377E-01  2.65892E-02  1.00000E+00  1.00000E+00  6.00554E-05
 2.40377E-01  6.73711E-01  4.00984E-02  1.00000E+00  1.00000E+00  6.00554E-05
 2.40377E-01  7.07044E-01  5.78139E-02  1.00000E+00  1.00000E+00  6.00554E-05
 2.40377E-01  7.40377E-01  7.97013E-02  1.00000E+00  1.00000E+00  6.00554E-05
 2.40377E-01  7.73711E-01  1.05069E-01  1.00000E+00  1.00000E+00  6.00554E-05
 2.40377E-01  8.07044E-01  1.32463E-01  1.00000E+00  1.00000E+00  6.00554E-05
 2.40377E-01  8.40377E-01  1.59717E-01  1.00000E+00  1.00000E+00  6.00554E-05
 2.40377E-01  8.73711E-01  1.84191E-01  1.00000E+00  1.00000E+00  6.00554E-05
 2.40377E-01  9.07044E-01  2.03172E-01  1.00000E+00  1.00000E+00  6.00554E-05
 2.40377E-01  9.40377E-01  2.14365E-01  1.00000E+00  1.00000E+00  6.00554E-05
 2.40377E-01  9.73711E-01  2.16344E-01  1.00000E+00  1.00000E+00  6.00554E-05
 2.73711E-01  7.04416E-03  1.41085E-01  1.00000E+00  1.00000E+00  6.00554E-05
 2.73711E-01  4.03775E-02  1.30280E-01  1.00000E+00  1.00000E+00  6.00554E-05
 2.73711E-01  7.37108E-02  1.15070E-01  1.00000E+00  1.00000E+00  6.00554E-05
 2.73711E-01  1.07044E-01  9.72137E-02  1.00000E+00  1.00000E+00  6.00554E-05
 2.73711E-01  1.40377E-01  7.85500E-02  1.00000E+00  1.00000E+00  6.00554E-05
 2.73711E-01  1.73711E-01  6.07006E-02  1.00000E+00  1.00000E+00  6.00554E-05
 2.73711E-01  2.07044E-01  4.48583E-02  1.00000E+00  1.00000E+00  6.00554E-05
 2.73711E-01  2.40377E-01  3.16993E-02  1.00000E+00  1.00000E+00  6.00554E-05
 2.73711E-01  2.73711E-01  2.14138E-02  1.00000E+00  1.00000E+00  6.00554E-05
 2.73711E-01  3.07044E-01  1.38332E-02  1.00000E+00  1.00000E+00  6.00554E-05
 2.73711E-01  3.40377E-01  8.55970E-03  1.00000E+00  1.00000E+00  6.00554E-05
 2.73711E-01  3.73711E-01  5.04410E-03  1.00000E+00  1.00000E+00  6.00554E-05
 2.73711E-01  4.07044E-01  2.76023E-03  1.00000E+00  1.00000E+00  6.00554E-05
 2.73711E-01  4.40377E-01  1.48580E-03  1.00000E+00  1.00000E+00  6.00554E-05
 2.73711E-01  4.73711E-01  1.27683E-03  1.00000E+00  1.00000E+00  6.00554E-05
 2.73711E-01  5.07044E-01  2.13027E-03  1.00000E+00  1.00000E+00  6.00554E-05
 2.73711E-01  5.40377E-01  3.96524E-03  1.00000E+00  1.00000E+00  6.00554E-05
 2.73711E-01  5.73711E-01  6.90930E-03  1.00000E+00  1.00000E+00  6.00554E-05
 2.73711E-01  6.07044E-01  1.13928E-02  1.00000E+00  1.00000E+00  6.00554E-05
 2.73711E-01  6.40377E-01  1.79621E-02  1.00000E+00  1.00000E+00  6.00554E-05
 2.73711E-01  6.73711E-01  2.70877E-02  1.00000E+00  1.00000E+00  6.00554E-05
 2.73711E-01  7.07044E-01  3.90549E-02  1.00000E+00  1.00000E+00  6.00554E-05
 2.73711E-01  7.40377E-01  5.38403E-02  1.00000E+00  1.00000E+00  6.00554E-05
 2.73711E-01  7.73711E-01  7.09769E-02  1.00000E+00  1.00000E+00  6.00554E-05
 2.73711E-01  8.07044E-01  8.94820E-02  1.00000E+00  1.00000E+00  6.00554E-05
 2.73711E-01  8.40377E-01  1.07893E-01  1.00000E+00  1.00000E+00  6.00554E-05
 2.73711E-01  8.73711E-01  1.24425E-01  1.00000E+00  1.00000E+00  6.00554E-05
 2.73711E-01  9.07044E-01  1.37247E-01  1.00000E+00  1.00000E+00  6.00554E-05
 2.73711E-01  9.40377E-01  1.44808E-01  1.00000E+00  1.00000E+00  6.00554E-05
 2.73711E-01  9.73711E-01  1.46145E-01  1.00000E+00  1.00000E+00  6.00554E-05
 3.07044E-01  7.04416E-03  9.11379E-02  1.00000E+00  1.00000E+00  6.00554E-05
 3.07044E-01  4.03775E-02  8.41579E-02  1.00000E+00  1.00000E+00  6.00554E-05
 3.07044E-01  7.37108E-02  7.43332E-02  1.00000E+00  1.00000E+00  6.00554E-05
 3.07044E-01  1.07044E-01  6.27982E-02  1.00000E+00  1.00000E+00  6.00554E-05
 3.07044E-01  1.40377E-01  5.07420E-02  1.00000E+00  1.00000E+00  6.00554E-05
 3.07044E-01  1.73711E-01  3.92117E-02  1.00000E+00  1.00000E+00  6.00554E-05
 3.07044E-01  2.07044E-01  2.89779E-02  1.00000E+00  1.00000E+00  6.00554E-05
 3.07044E-01  2.40377E-01  2.04776E-02  1.00000E+00  1.00000E+00  6.00554E-05
 3.07044E-01  2.73711E-01  1.38332E-02  1.00000E+00  1.00000E+00  6.00554E-05
 3.07044E-01  3.07044E-01  8.93604E-03  1.00000E+00  1.00000E+00  6.00554E-05
 3.07044E-01  3.40377E-01  5.53027E-03  1.00000E+00  1.00000E+00  6.00554E-05
 3.07044E-01  3.73711E-01  3.25984E-03  1.00000E+00  1.00000E+00  6.00554E-05
 3.07044E-01  4.07044E-01  1.78321E-03  1.00000E+00  1.00000E+00  6.00554E-05
 3.07044E-01  4.40377E-01  9.59081E-04  1.00000E+00  1.00000E+00  6.00554E-05
 3.07044E-01  4.73711E-01  8.25512E-04  1.00000E+00  1.00000E+00  6.00554E-05
 3.07044E-01  5.07044E-01  1.37746E-03  1.00000E+00  1.00000E+00  6.00554E-05
 3.07044E-01  5.40377E-01  2.56203E-03  1.00000E+00  1.00000E+00  6.00554E-05
 3.07044E-01  5.73711E-01  4.46348E-03  1.00000E+00  1.00000E+00  6.00554E-05
 3.07044E-01  6.07044E-01  7.35990E-03  1.00000E+00  1.00000E+00  6.00554E-05
 3.07044E-01  6.40377E-01  1.16036E-02  1.00000E+00  1.00000E+00  6.00554E-05
 3.07044E-01  6.73711E-01  1.74984E-02  1.00000E+00  1.00000E+00  6.00554E-05
 3.07044E-01  7.07044E-01  2.52289E-02  1.00000E+00  1.00000E+00  6.00554E-05
 3.07044E-01  7.40377E-01  3.47799E-02  1.00000E+00  1.00000E+00  6.00554E-05
 3.07044E-01  7.73711E-01  4.58497E-02  1.00000E+00  1.00000E+00  6.00554E-05
 3.07044E-01  8.07044E-01  5.78036E-02  1.00000E+00  1.00000E+00  6.00554E-05
 3.07044E-01  8.40377E-01  6.96963E-02  1.00000E+00  1.00000E+00  6.00554E-05
 3.07044E-01  8.73711E-01  8.03759E-02  1.00000E+00  1.00000E+00  6.00554E-05
 3.07044E-01  9.07044E-01  8.86589E-02  1.00000E+00  1.00000E+00  6.00554E-05
 3.07044E-01  9.40377E-01  9.35432E-02  1.00000E+00  1.00000E+00  6.00554E-05
 3.07044E-01  9.73711E-01  9.44068E-02  1.00000E+00  1.00000E+00  6.00554E-05
 3.40377E-01  7.04416E-03  5.63694E-02  1.00000E+00  1.00000E+00  6.00554E-05
 3.40377E-01  4.03775E-02  5.20529E-02  1.00000E+00  1.00000E+00  6.00554E-05
 3.40377E-01  7.37108E-02  4.59771E-02  1.00000E+00  1.00000E+00  6.00554E-05
 3.40377E-01  1.07044E-01  3.88435E-02  1.00000E+00  1.00000E+00  6.00554E-05
 3.40377E-01  1.40377E-01  3.13874E-02  1.00000E+00  1.00000E+00  6.00554E-05
 3.40377E-01  1.73711E-01  2.42564E-02  1.00000E+00  1.00000E+00  6.00554E-05
 3.40377E-01  2.07044E-01  1.79272E-02  1.00000E+00  1.00000E+00  6.00554E-05
 3.40377E-01  2.40377E-01  1.26697E-02  1.00000E+00  1.00000E+00  6.00554E-05
 3.40377E-01  2.73711E-01  8.55970E-03  1.00000E+00  1.00000E+00  6.00554E-05
 3.40377E-01  3.07044E-01  5.53027E-03  1.00000E+00  1.00000E+00  6.00554E-05
 3.40377E-01  3.40377E-01  3.42396E-03  1.00000E+00  1.00000E+00  6.00554E-05
 3.40377E-01  3.73711E-01  2.01961E-03  1.00000E+00  1.00000E+00  6.00554E-05
 3.40377E-01  4.07044E-01  1.10468E-03  1.00000E+00  1.00000E+00  6.00554E-05
 3.40377E-01  4.40377E-01  5.93875E-04  1.00000E+00  1.00000E+00  6.00554E-05
 3.40377E-01  4.73711E-01  5.12327E-04  1.00000E+00  1.00000E+00  6.00554E-05
 3.40377E-01  5.07044E-01  8.54508E-04  1.00000E+00  1.00000E+00  6.00554E-05
 3.40377E-01  5.40377E-01  1.58706E-03  1.00000E+00  1.00000E+00  6.00554E-05
 3.40377E-01  5.73711E-01  2.76338E-03  1.00000E+00  1.00000E+00  6.00554E-05
 3.40377E-01  6.07044E-01  4.55548E-03  1.00000E+00  1.00000E+00  6.00554E-05
 3.40377E-01  6.40377E-01  7.18068E-03  1.00000E+00  1.00000E+00  6.00554E-05
 3.40377E-01  6.73711E-01  1.08269E-02  1.00000E+00  1.00000E+00  6.00554E-05
 3.40377E-01  7.07044E-01  1.56083E-02  1.00000E+00  1.00000E+00  6.00554E-05
 3.40377E-01  7.40377E-01  2.15154E-02  1.00000E+00  1.00000E+00  6.00554E-05
 3.40377E-01  7.73711E-01  2.83617E-02  1.00000E+00  1.00000E+00  6.00554E-05
 3.40377E-01  8.07044E-01  3.57545E-02  1.00000E+00  1.00000E+00  6.00554E-05
 3.40377E-01  8.40377E-01  4.31094E-02  1.00000E+00  1.00000E+00  6.00554E-05
 3.40377E-01  8.73711E-01  4.97140E-02  1.00000E+00  1.00000E+00  6.00554E-05
 3.40377E-01  9.07044E-01  5.48363E-02  1.00000E+00  1.00000E+00  6.00554E-05
 3.40377E-01  9.40377E-01  5.78569E-02  1.00000E+00  1.00000E+00  6.00554E-05
 3.40377E-01  9.73711E-01  5.83910E-02  1.00000E+00  1.00000E+00  6.00554E-05
 3.73711E-01  7.04416E-03  3.31890E-02  1.00000E+00  1.00000E+00  6.00554E-05
 3.73711E-01  4.03775E-02  3.06483E-02  1.00000E+00  1.00000E+00  6.00554E-05
 3.73711E-01  7.37108E-02  2.70719E-02  1.00000E+00  1.00000E+00  6.00554E-05
 3.73711E-01  1.07044E-01  2.28729E-02  1.00000E+00  1.00000E+00  6.00554E-05
 3.73711E-01  1.40377E-01  1.84838E-02  1.00000E+00  1.00000E+00  6.00554E-05
 3.73711E-01  1.73711E-01  1.42859E-02  1.00000E+00  1.00000E+00  6.00554E-05
 3.73711E-01  2.07044E-01  1.05598E-02  1.00000E+00  1.00000E+00  6.00554E-05
 3.73711E-01  2.40377E-01  7.46441E-03  1.00000E+00  1.00000E+00  6.00554E-05
 3.73711E-01  2.73711E-01  5.04410E-03  1.00000E+00  1.00000E+00  6.00554E-05
 3.73711E-01  3.07044E-01  3.25984E-03  1.00000E+00  1.00000E+00  6.00554E-05
 3.73711E-01  3.40377E-01  2.01961E-03  1.00000E+00  1.00000E+00  6.00554E-05
 3.73711E-01  3.73711E-01  1.19246E-03  1.00000E+00  1.00000E+00  6.00554E-05
 3.73711E-01  4.07044E-01  6.52278E-04  1.00000E+00  1.00000E+00  6.00554E-05
 3.73711E-01  4.40377E-01  3.50553E-04  1.00000E+00  1.00000E+00  6.00554E-05
 3.73711E-01  4.73711E-01  3.03304E-04  1.00000E+00  1.00000E+00  6.00554E-05
 3.73711E-01  5.07044E-01  5.05494E-04  1.00000E+00  1.00000E+00  6.00554E-05
 3.73711E-01  5.40377E-01  9.36954E-04  1.00000E+00  1.00000E+00  6.00554E-05
 3.73711E-01  5.73711E-01  1.62999E-03  1.00000E+00  1.00000E+00  6.00554E-05
 3.73711E-01  6.07044E-01  2.68587E-03  1.00000E+00  1.00000E+00  6.00554E-05
 3.73711E-01  6.40377E-01  4.23209E-03  1.00000E+00  1.00000E+00  6.00554E-05
 3.73711E-01  6.73711E-01  6.37925E-03  1.00000E+00  1.00000E+00  6.00554E-05
 3.73711E-01  7.07044E-01  9.19449E-03  1.00000E+00  1.00000E+00  6.00554E-05
 3.73711E-01  7.40377E-01  1.26722E-02  1.00000E+00  1.00000E+00  6.00554E-05
 3.73711E-01  7.73711E-01  1.67026E-02  1.00000E+00  1.00000E+00  6.00554E-05
 3.73711E-01  8.07044E-01  2.10544E-02  1.00000E+00  1.00000E+00  6.00554E-05
 3.73711E-01  8.40377E-01  2.53838E-02  1.00000E+00  1.00000E+00  6.00554E-05
 3.73711E-01  8.73711E-01  2.92714E-02  1.00000E+00  1.00000E+00  6.00554E-05
 3.73711E-01  9.07044E-01  3.22865E-02  1.00000E+00  1.00000E+00  6.00554E-05
 3.73711E-01  9.40377E-01  3.40644E-02  1.00000E+00  1.00000E+00  6.00554E-05
 3.73711E-01  9.73711E-01  3.43789E-02  1.00000E+00  1.00000E+00  6.00554E-05
 4.07044E-01  7.04416E-03  1.81768E-02  1.00000E+00  1.00000E+00  6.00554E-05
 4.07044E-01  4.03775E-02  1.67850E-02  1.00000E+00  1.00000E+00  6.00554E-05
 4.07044E-01  7.37108E-02  1.48258E-02  1.00000E+00  1.00000E+00  6.00554E-05
 4.07044E-01  1.07044E-01  1.25256E-02  1.00000E+00  1.00000E+00  6.00554E-05
 4.07044E-01  1.40377E-01  1.01213E-02  1.00000E+00  1.00000E+00  6.00554E-05
 4.07044E-01  1.73711E-01  7.82186E-03  1.00000E+00  1.00000E+00  6.00554E-05
 4.07044E-01  2.07044E-01  5.78099E-03  1.00000E+00  1.00000E+00  6.00554E-05
 4.07044E-01  2.40377E-01  4.08576E-03  1.00000E+00  1.00000E+00  6.00554E-05
 4.07044E-01  2.73711E-01  2.76023E-03  1.00000E+00  1.00000E+00  6.00554E-05
 4.07044E-01  3.07044E-01  1.78321E-03  1.00000E+00  1.00000E+00  6.00554E-05
 4.07044E-01  3.40377E-01  1.10468E-03  1.00000E+00  1.00000E+00  6.00554E-05
 4.07044E-01  3.73711E-01  6.52278E-04  1.00000E+00  1.00000E+00  6.00554E-05
 4.07044E-01  4.07044E-01  3.56213E-04  1.00000E+00  1.00000E+00  6.00554E-05
 4.07044E-01  4.40377E-01  1.90961E-04  1.00000E+00  1.00000E+00  6.00554E-05
 4.07044E-01  4.73711E-01  1.65726E-04  1.00000E+00  1.00000E+00  6.00554E-05
 4.07044E-01  5.07044E-01  2.76478E-04  1.00000E+00  1.00000E+00  6.00554E-05
 4.07044E-01  5.40377E-01  5.12113E-04  1.00000E+00  1.00000E+00  6.00554E-05
 4.07044E-01  5.73711E-01  8.91157E-04  1.00000E+00  1.00000E+00  6.00554E-05
 4.07044E-01  6.07044E-01  1.46915E-03  1.00000E+00  1.00000E+00  6.00554E-05
 4.07044E-01  6.40377E-01  2.31570E-03  1.00000E+00  1.00000E+00  6.00554E-05
 4.07044E-01  6.73711E-01  3.49141E-03  1.00000E+00  1.00000E+00  6.00554E-05
 4.07044E-01  7.07044E-01  5.03316E-03  1.00000E+00  1.00000E+00  6.00554E-05
 4.07044E-01  7.40377E-01  6.93792E-03  1.00000E+00  1.00000E+00  6.00554E-05
 4.07044E-01  7.73711E-01  9.14551E-03  1.00000E+00  1.00000E+00  6.00554E-05
 4.07044E-01  8.07044E-01  1.15293E-02  1.00000E+00  1.00000E+00  6.00554E-05
 4.07044E-01  8.40377E-01  1.39010E-02  1.00000E+00  1.00000E+00  6.00554E-05
 4.07044E-01  8.73711E-01  1.60307E-02  1.00000E+00  1.00000E+00  6.00554E-05
 4.07044E-01  9.07044E-01  1.76824E-02  1.00000E+00  1.00000E+00  6.00554E-05
 4.07044E-01  9.40377E-01  1.86564E-02  1.00000E+00  1.00000E+00  6.00554E-05
 4.07044E-01  9.73711E-01  1.88287E-02  1.00000E+00  1.00000E+00  6.00554E-05
 4.40377E-01  7.04416E-03  9.80717E-03  1.00000E+00  1.00000E+00  6.00554E-05
 4.40377E-01  4.03775E-02  9.05558E-03  1.00000E+00  1.00000E+00  6.00554E-05
 4.40377E-01  7.37108E-02  7.99770E-03  1.00000E+00  1.00000E+00  6.00554E-05
 4.40377E-01  1.07044E-01  6.75576E-03  1.00000E+00  1.00000E+00  6.00554E-05
 4.40377E-01  1.40377E-01  5.45782E-03  1.00000E+00  1.00000E+00  6.00554E-05
 4.40377E-01  1.73711E-01  4.21664E-03  1.00000E+00  1.00000E+00  6.00554E-05
 4.40377E-01  2.07044E-01  3.11530E-03  1.00000E+00  1.00000E+00  6.00554E-05
 4.40377E-01  2.40377E-01  2.20076E-03  1.00000E+00  1.00000E+00  6.00554E-05
 4.40377E-01  2.73711E-01  1.48580E-03  1.00000E+00  1.00000E+00  6.00554E-05
 4.40377E-01  3.07044E-01  9.59081E-04  1.00000E+00  1.00000E+00  6.00554E-05
 4.40377E-01  3.40377E-01  5.93875E-04  1.00000E+00  1.00000E+00  6.00554E-05
 4.40377E-01  3.73711E-01  3.50553E-04  1.00000E+00  1.00000E+00  6.00554E-05
 4.40377E-01  4.07044E-01  1.90961E-04  1.00000E+00  1.00000E+00  6.00554E-05
 4.40377E-01  4.40377E-01  1.02058E-04  1.00000E+00  1.00000E+00  6.00554E-05
 4.40377E-01  4.73711E-01  8.89197E-05  1.00000E+00  1.00000E+00  6.00554E-05
 4.40377E-01  5.07044E-01  1.48513E-04  1.00000E+00  1.00000E+00  6.00554E-05
 4.40377E-01  5.40377E-01  2.74904E-04  1.00000E+00  1.00000E+00  6.00554E-05
 4.40377E-01  5.73711E-01  4.78709E-04  1.00000E+00  1.00000E+00  6.00554E-05
 4.40377E-01  6.07044E-01  7.90001E-04  1.00000E+00  1.00000E+00  6.00554E-05
 4.40377E-01  6.40377E-01  1.24621E-03  1.00000E+00  1.00000E+00  6.00554E-05
 4.40377E-01  6.73711E-01  1.88012E-03  1.00000E+00  1.00000E+00  6.00554E-05
 4.40377E-01  7.07044E-01  2.71176E-03  1.00000E+00  1.00000E+00  6.00554E-05
 4.40377E-01  7.40377E-01  3.73954E-03  1.00000E+00  1.00000E+00  6.00554E-05
 4.40377E-01  7.73711E-01  4.93103E-03  1.00000E+00  1.00000E+00  6.00554E-05
 4.40377E-01  8.07044E-01  6.21787E-03  1.00000E+00  1.00000E+00  6.00554E-05
 4.40377E-01  8.40377E-01  7.49830E-03  1.00000E+00  1.00000E+00  6.00554E-05
 4.40377E-01  8.73711E-01  8.64822E-03  1.00000E+00  1.00000E+00  6.00554E-05
 4.40377E-01  9.07044E-01  9.54015E-03  1.00000E+00  1.00000E+00  6.00554E-05
 4.40377E-01  9.40377E-01  1.00661E-02  1.00000E+00  1.00000E+00  6.00554E-05
 4.40377E-01  9.73711E-01  1.01592E-02  1.00000E+00  1.00000E+00  6.00554E-05
 4.73711E-01  7.04416E-03  8.38961E-03  1.00000E+00  1.00000E+00  6.00554E-05
 4.73711E-01  4.03775E-02  7.74765E-03  1.00000E+00  1.00000E+00  6.00554E-05
 4.73711E-01  7.37108E-02  6.84399E-03  1.00000E+00  1.00000E+00  6.00554E-05
 4.73711E-01  1.07044E-01  5.78295E-03  1.00000E+00  1.00000E+00  6.00554E-05
 4.73711E-01  1.40377E-01  4.67385E-03  1.00000E+00  1.00000E+00  6.00554E-05
 4.73711E-01  1.73711E-01  3.61295E-03  1.00000E+00  1.00000E+00  6.00554E-05
 4.73711E-01  2.07044E-01  2.67125E-03  1.00000E+00  1.00000E+00  6.00554E-05
 4.73711E-01  2.40377E-01  1.88889E-03  1.00000E+00  1.00000E+00  6.00554E-05
 4.73711E-01  2.73711E-01  1.27683E-03  1.00000E+00  1.00000E+00  6.00554E-05
 4.73711E-01  3.07044E-01  8.25512E-04  1.00000E+00  1.00000E+00  6.00554E-05
 4.73711E-01  3.40377E-01  5.12327E-04  1.00000E+00  1.00000E+00  6.00554E-05
 4.73711E-01  3.73711E-01  3.03304E-04  1.00000E+00  1.00000E+00  6.00554E-05
 4.73711E-01  4.07044E-01  1.65726E-04  1.00000E+00  1.00000E+00  6.00554E-05
 4.73711E-01  4.40377E-01  8.89197E-05  1.00000E+00  1.00000E+00  6.00554E-05
 4.73711E-01  4.73711E-01  7.76747E-05  1.00000E+00  1.00000E+00  6.00554E-05
 4.73711E-01  5.07044E-01  1.29207E-04  1.00000E+00  1.00000E+00  6.00554E-05
 4.73711E-01  5.40377E-01  2.38115E-04  1.00000E+00  1.00000E+00  6.00554E-05
 4.73711E-01  5.73711E-01  4.13353E-04  1.00000E+00  1.00000E+00  6.00554E-05
 4.73711E-01  6.07044E-01  6.80560E-04  1.00000E+00  1.00000E+00  6.00554E-05
 4.73711E-01  6.40377E-01  1.07162E-03  1.00000E+00  1.00000E+00  6.00554E-05
 4.73711E-01  6.73711E-01  1.61445E-03  1.00000E+00  1.00000E+00  6.00554E-05
 4.73711E-01  7.07044E-01  2.32607E-03  1.00000E+00  1.00000E+00  6.00554E-05
 4.73711E-01  7.40377E-01  3.20505E-03  1.00000E+00  1.00000E+00  6.00554E-05
 4.73711E-01  7.73711E-01  4.22360E-03  1.00000E+00  1.00000E+00  6.00554E-05
 4.73711E-01  8.07044E-01  5.32333E-03  1.00000E+00  1.00000E+00  6.00554E-05
 4.73711E-01  8.40377E-01  6.41733E-03  1.00000E+00  1.00000E+00  6.00554E-05
 4.73711E-01  8.73711E-01  7.39968E-03  1.00000E+00  1.00000E+00  6.00554E-05
 4.73711E-01  9.07044E-01  8.16154E-03  1.00000E+00  1.00000E+00  6.00554E-05
 4.73711E-01  9.40377E-01  8.61078E-03  1.00000E+00  1.00000E+00  6.00554E-05
 4.73711E-01  9.73711E-01  8.69024E-03  1.00000E+00  1.00000E+00  6.00554E-05
 5.07044E-01  7.04416E-03  1.39925E-02  1.00000E+00  1.00000E+00  6.00554E-05
 5.07044E-01  4.03775E-02  1.29220E-02  1.00000E+00  1.00000E+00  6.00554E-05
 5.07044E-01  7.37108E-02  1.14150E-02  1.00000E+00  1.00000E+00  6.00554E-05
 5.07044E-01  1.07044E-01  9.64561E-03  1.00000E+00  1.00000E+00  6.00554E-05
 5.07044E-01  1.40377E-01  7.79598E-03  1.00000E+00  1.00000E+00  6.00554E-05
 5.07044E-01  1.73711E-01  6.02670E-03  1.00000E+00  1.00000E+00  6.00554E-05
 5.07044E-01  2.07044E-01  4.45607E-03  1.00000E+00  1.00000E+00  6.00554E-05
 5.07044E-01  2.40377E-01  3.15110E-03  1.00000E+00  1.00000E+00  6.00554E-05
 5.07044E-01  2.73711E-01  2.13027E-03  1.00000E+00  1.00000E+00  6.00554E-05
 5.07044E-01  3.07044E-01  1.37746E-03  1.00000E+00  1.00000E+00  6.00554E-05
 5.07044E-01  3.40377E-01  8.54508E-04  1.00000E+00  1.00000E+00  6.00554E-05
 5.07044E-01  3.73711E-01  5.05494E-04  1.00000E+00  1.00000E+00  6.00554E-05
 5.07044E-01  4.07044E-01  2.76478E-04  1.00000E+00  1.00000E+00  6.00554E-05
 5.07044E-01  4.40377E-01  1.48513E-04  1.00000E+00  1.00000E+00  6.00554E-05
 5.07044E-01  4.73711E-01  1.29207E-04  1.00000E+00  1.00000E+00  6.00554E-05
 5.07044E-01  5.07044E-01  2.15022E-04  1.00000E+00  1.00000E+00  6.00554E-05
 5.07044E-01  5.40377E-01  3.97074E-04  1.00000E+00  1.00000E+00  6.00554E-05
 5.07044E-01  5.73711E-01  6.89656E-04  1.00000E+00  1.00000E+00  6.00554E-05
 5.07044E-01  6.07044E-01  1.13545E-03  1.00000E+00  1.00000E+00  6.00554E-05
 5.07044E-01  6.40377E-01  1.78786E-03  1.00000E+00  1.00000E+00  6.00554E-05
 5.07044E-01  6.73711E-01  2.69341E-03  1.00000E+00  1.00000E+00  6.00554E-05
 5.07044E-01  7.07044E-01  3.88041E-03  1.00000E+00  1.00000E+00  6.00554E-05
 5.07044E-01  7.40377E-01  5.34644E-03  1.00000E+00  1.00000E+00  6.00554E-05
 5.07044E-01  7.73711E-01  7.04516E-03  1.00000E+00  1.00000E+00  6.00554E-05
 5.07044E-01  8.07044E-01  8.87919E-03  1.00000E+00  1.00000E+00  6.00554E-05
 5.07044E-01  8.40377E-01  1.07036E-02  1.00000E+00  1.00000E+00  6.00554E-05
 5.07044E-01  8.73711E-01  1.23417E-02  1.00000E+00  1.00000E+00  6.00554E-05
 5.07044E-01  9.07044E-01  1.36122E-02  1.00000E+00  1.00000E+00  6.00554E-05
 5.07044E-01  9.40377E-01  1.43613E-02  1.00000E+00  1.00000E+00  6.00554E-05
 5.07044E-01  9.73711E-01  1.44938E-02  1.00000E+00  1.00000E+00  6.00554E-05
 5.40377E-01  7.04416E-03  2.61051E-02  1.00000E+00  1.00000E+00  6.00554E-05
 5.40377E-01  4.03775E-02  2.41063E-02  1.00000E+00  1.00000E+00  6.00554E-05
 5.40377E-01  7.37108E-02  2.12928E-02  1.00000E+00  1.00000E+00  6.00554E-05
 5.40377E-01  1.07044E-01  1.79895E-02  1.00000E+00  1.00000E+00  6.00554E-05
 5.40377E-01  1.40377E-01  1.45368E-02  1.00000E+00  1.00000E+00  6.00554E-05
 5.40377E-01  1.73711E-01  1.12345E-02  1.00000E+00  1.00000E+00  6.00554E-05
 5.40377E-01  2.07044E-01  8.30355E-03  1.00000E+00  1.00000E+00  6.00554E-05
 5.40377E-01  2.40377E-01  5.86887E-03  1.00000E+00  1.00000E+00  6.00554E-05
 5.40377E-01  2.73711E-01  3.96524E-03  1.00000E+00  1.00000E+00  6.00554E-05
 5.40377E-01  3.07044E-01  2.56203E-03  1.00000E+00  1.00000E+00  6.00554E-05
 5.40377E-01  3.40377E-01  1.58706E-03  1.00000E+00  1.00000E+00  6.00554E-05
 5.40377E-01  3.73711E-01  9.36954E-04  1.00000E+00  1.00000E+00  6.00554E-05
 5.40377E-01  4.07044E-01  5.12113E-04  1.00000E+00  1.00000E+00  6.00554E-05
 5.40377E-01  4.40377E-01  2.74904E-04  1.00000E+00  1.00000E+00  6.00554E-05
 5.40377E-01  4.73711E-01  2.38115E-04  1.00000E+00  1.00000E+00  6.00554E-05
 5.40377E-01  5.07044E-01  3.97074E-04  1.00000E+00  1.00000E+00  6.00554E-05
 5.40377E-01  5.40377E-01  7.35928E-04  1.00000E+00  1.00000E+00  6.00554E-05
 5.40377E-01  5.73711E-01  1.28060E-03  1.00000E+00  1.00000E+00  6.00554E-05
 5.40377E-01  6.07044E-01  2.11079E-03  1.00000E+00  1.00000E+00  6.00554E-05
 5.40377E-01  6.40377E-01  3.32670E-03  1.00000E+00  1.00000E+00  6.00554E-05
 5.40377E-01  6.73711E-01  5.01533E-03  1.00000E+00  1.00000E+00  6.00554E-05
 5.40377E-01  7.07044E-01  7.22960E-03  1.00000E+00  1.00000E+00  6.00554E-05
 5.40377E-01  7.40377E-01  9.96513E-03  1.00000E+00  1.00000E+00  6.00554E-05
 5.40377E-01  7.73711E-01  1.31355E-02  1.00000E+00  1.00000E+00  6.00554E-05
 5.40377E-01  8.07044E-01  1.65589E-02  1.00000E+00  1.00000E+00  6.00554E-05
 5.40377E-01  8.40377E-01  1.99647E-02  1.00000E+00  1.00000E+00  6.00554E-05
 5.40377E-01  8.73711E-01  2.30231E-02  1.00000E+00  1.00000E+00  6.00554E-05
 5.40377E-01  9.07044E-01  2.53951E-02  1.00000E+00  1.00000E+00  6.00554E-05
 5.40377E-01  9.40377E-01  2.67938E-02  1.00000E+00  1.00000E+00  6.00554E-05
 5.40377E-01  9.73711E-01  2.70412E-02  1.00000E+00  1.00000E+00  6.00554E-05
 5.73711E-01  7.04416E-03  4.55135E-02  1.00000E+00  1.00000E+00  6.00554E-05
 5.73711E-01  4.03775E-02  4.20279E-02  1.00000E+00  1.00000E+00  6.00554E-05
 5.73711E-01  7.37108E-02  3.71218E-02  1.00000E+00  1.00000E+00  6.00554E-05
 5.73711E-01  1.07044E-01  3.13616E-02  1.00000E+00  1.00000E+00  6.00554E-05
 5.73711E-01  1.40377E-01  2.53410E-02  1.00000E+00  1.00000E+00  6.00554E-05
 5.73711E-01  1.73711E-01  1.95831E-02  1.00000E+00  1.00000E+00  6.00554E-05
 5.73711E-01  2.07044E-01  1.44726E-02  1.00000E+00  1.00000E+00  6.00554E-05
 5.73711E-01  2.40377E-01  1.02277E-02  1.00000E+00  1.00000E+00  6.00554E-05
 5.73711E-01  2.73711E-01  6.90930E-03  1.00000E+00  1.00000E+00  6.00554E-05
 5.73711E-01  3.07044E-01  4.46348E-03  1.00000E+00  1.00000E+00  6.00554E-05
 5.73711E-01  3.40377E-01  2.76338E-03  1.00000E+00  1.00000E+00  6.00554E-05
 5.73711E-01  3.73711E-01  1.62999E-03  1.00000E+00  1.00000E+00  6.00554E-05
 5.73711E-01  4.07044E-01  8.91157E-04  1.00000E+00  1.00000E+00  6.00554E-05
 5.73711E-01  4.40377E-01  4.78709E-04  1.00000E+00  1.00000E+00  6.00554E-05
 5.73711E-01  4.73711E-01  4.13353E-04  1.00000E+00  1.00000E+00  6.00554E-05
 5.73711E-01  5.07044E-01  6.89656E-04  1.00000E+00  1.00000E+00  6.00554E-05
 5.73711E-01  5.40377E-01  1.28060E-03  1.00000E+00  1.00000E+00  6.00554E-05
 5.73711E-01  5.73711E-01  2.22994E-03  1.00000E+00  1.00000E+00  6.00554E-05
 5.73711E-01  6.07044E-01  3.67665E-03  1.00000E+00  1.00000E+00  6.00554E-05
 5.73711E-01  6.40377E-01  5.79601E-03  1.00000E+00  1.00000E+00  6.00554E-05
 5.73711E-01  6.73711E-01  8.73982E-03  1.00000E+00  1.00000E+00  6.00554E-05
 5.73711E-01  7.07044E-01  1.26003E-02  1.00000E+00  1.00000E+00  6.00554E-05
 5.73711E-01  7.40377E-01  1.73698E-02  1.00000E+00  1.00000E+00  6.00554E-05
 5.73711E-01  7.73711E-01  2.28978E-02  1.00000E+00  1.00000E+00  6.00554E-05
 5.73711E-01  8.07044E-01  2.88672E-02  1.00000E+00  1.00000E+00  6.00554E-05
 5.73711E-01  8.40377E-01  3.48061E-02  1.00000E+00  1.00000E+00  6.00554E-05
 5.73711E-01  8.73711E-01  4.01392E-02  1.00000E+00  1.00000E+00  6.00554E-05
 5.73711E-01  9.07044E-01  4.42754E-02  1.00000E+00  1.00000E+00  6.00554E-05
 5.73711E-01  9.40377E-01  4.67145E-02  1.00000E+00  1.00000E+00  6.00554E-05
 5.73711E-01  9.73711E-01  4.71458E-02  1.00000E+00  1.00000E+00  6.00554E-05
 6.07044E-01  7.04416E-03  7.50504E-02  1.00000E+00  1.00000E+00  6.00554E-05
 6.07044E-01  4.03775E-02  6.93028E-02  1.00000E+00  1.00000E+00  6.00554E-05
 6.07044E-01  7.37108E-02  6.12126E-02  1.00000E+00  1.00000E+00  6.00554E-05
 6.07044E-01  1.07044E-01  5.17140E-02  1.00000E+00  1.00000E+00  6.00554E-05
 6.07044E-01  1.40377E-01  4.17862E-02  1.00000E+00  1.00000E+00  6.00554E-05
 6.07044E-01  1.73711E-01  3.22915E-02  1.00000E+00  1.00000E+00  6.00554E-05
 6.07044E-01  2.07044E-01  2.38643E-02  1.00000E+00  1.00000E+00  6.00554E-05
 6.07044E-01  2.40377E-01  1.68645E-02  1.00000E+00  1.00000E+00  6.00554E-05
 6.07044E-01  2.73711E-01  1.13928E-02  1.00000E+00  1.00000E+00  6.00554E-05
 6.07044E-01  3.07044E-01  7.35990E-03  1.00000E+00  1.00000E+00  6.00554E-05
 6.07044E-01  3.40377E-01  4.55548E-03  1.00000E+00  1.00000E+00  6.00554E-05
 6.07044E-01  3.73711E-01  2.68587E-03  1.00000E+00  1.00000E+00  6.00554E-05
 6.07044E-01  4.07044E-01  1.46915E-03  1.00000E+00  1.00000E+00  6.00554E-05
 6.07044E-01  4.40377E-01  7.90001E-04  1.00000E+00  1.00000E+00  6.00554E-05
 6.07044E-01  4.73711E-01  6.80560E-04  1.00000E+00  1.00000E+00  6.00554E-05
 6.07044E-01  5.07044E-01  1.13545E-03  1.00000E+00  1.00000E+00  6.00554E-05
 6.07044E-01  5.40377E-01  2.11079E-03  1.00000E+00  1.00000E+00  6.00554E-05
 6.07044E-01  5.73711E-01  3.67665E-03  1.00000E+00  1.00000E+00  6.00554E-05
 6.07044E-01  6.07044E-01  6.06204E-03  1.00000E+00  1.00000E+00  6.00554E-05
 6.07044E-01  6.40377E-01  9.55677E-03  1.00000E+00  1.00000E+00  6.00554E-05
 6.07044E-01  6.73711E-01  1.44112E-02  1.00000E+00  1.00000E+00  6.00554E-05
 6.07044E-01  7.07044E-01  2.07771E-02  1.00000E+00  1.00000E+00  6.00554E-05
 6.07044E-01  7.40377E-01  2.86420E-02  1.00000E+00  1.00000E+00  6.00554E-05
 6.07044E-01  7.73711E-01  3.77576E-02  1.00000E+00  1.00000E+00  6.00554E-05
 6.07044E-01  8.07044E-01  4.76011E-02  1.00000E+00  1.00000E+00  6.00554E-05
 6.07044E-01  8.40377E-01  5.73942E-02  1.00000E+00  1.00000E+00  6.00554E-05
 6.07044E-01  8.73711E-01  6.61884E-02  1.00000E+00  1.00000E+00  6.00554E-05
 6.07044E-01  9.07044E-01  7.30090E-02  1.00000E+00  1.00000E+00  6.00554E-05
 6.07044E-01  9.40377E-01  7.70310E-02  1.00000E+00  1.00000E+00  6.00554E-05
 6.07044E-01  9.73711E-01  7.77422E-02  1.00000E+00  1.00000E+00  6.00554E-05
 6.40377E-01  7.04416E-03  1.18336E-01  1.00000E+00  1.00000E+00  6.00554E-05
 6.40377E-01  4.03775E-02  1.09273E-01  1.00000E+00  1.00000E+00  6.00554E-05
 6.40377E-01  7.37108E-02  9.65162E-02  1.00000E+00  1.00000E+00  6.00554E-05
 6.40377E-01  1.07044E-01  8.15391E-02  1.00000E+00  1.00000E+00  6.00554E-05
 6.40377E-01  1.40377E-01  6.58851E-02  1.00000E+00  1.00000E+00  6.00554E-05
 6.40377E-01  1.73711E-01  5.09140E-02  1.00000E+00  1.00000E+00  6.00554E-05
 6.40377E-01  2.07044E-01  3.76263E-02  1.00000E+00  1.00000E+00  6.00554E-05
 6.40377E-01  2.40377E-01  2.65892E-02  1.00000E+00  1.00000E+00  6.00554E-05
 6.40377E-01  2.73711E-01  1.79621E-02  1.00000E+00  1.00000E+00  6.00554E-05
 6.40377E-01  3.07044E-01  1.16036E-02  1.00000E+00  1.00000E+00  6.00554E-05
 6.40377E-01  3.40377E-01  7.18068E-03  1.00000E+00  1.00000E+00  6.00554E-05
 6.40377E-01  3.73711E-01  4.23209E-03  1.00000E+00  1.00000E+00  6.00554E-05
 6.40377E-01  4.07044E-01  2.31570E-03  1.00000E+00  1.00000E+00  6.00554E-05
 6.40377E-01  4.40377E-01  1.24621E-03  1.00000E+00  1.00000E+00  6.00554E-05
 6.40377E-01  4.73711E-01  1.07162E-03  1.00000E+00  1.00000E+00  6.00554E-05
 6.40377E-01  5.07044E-01  1.78786E-03  1.00000E+00  1.00000E+00  6.00554E-05
 6.40377E-01  5.40377E-01  3.32670E-03  1.00000E+00  1.00000E+00  6.00554E-05
 6.40377E-01  5.73711E-01  5.79601E-03  1.00000E+00  1.00000E+00  6.00554E-05
 6.40377E-01  6.07044E-01  9.55677E-03  1.00000E+00  1.00000E+00  6.00554E-05
 6.40377E-01  6.40377E-01  1.50669E-02  1.00000E+00  1.00000E+00  6.00554E-05
 6.40377E-01  6.73711E-01  2.27211E-02  1.00000E+00  1.00000E+00  6.00554E-05
 6.40377E-01  7.07044E-01  3.27586E-02  1.00000E+00  1.00000E+00  6.00554E-05
 6.40377E-01  7.40377E-01  4.51598E-02  1.00000E+00  1.00000E+00  6.00554E-05
 6.40377E-01  7.73711E-01  5.95331E-02  1.00000E+00  1.00000E+00  6.00554E-05
 6.40377E-01  8.07044E-01  7.50541E-02  1.00000E+00  1.00000E+00  6.00554E-05
 6.40377E-01  8.40377E-01  9.04958E-02  1.00000E+00  1.00000E+00  6.00554E-05
 6.40377E-01  8.73711E-01  1.04362E-01  1.00000E+00  1.00000E+00  6.00554E-05
 6.40377E-01  9.07044E-01  1.15117E-01  1.00000E+00  1.00000E+00  6.00554E-05
 6.40377E-01  9.40377E-01  1.21459E-01  1.00000E+00  1.00000E+00  6.00554E-05
 6.40377E-01  9.73711E-01  1.22580E-01  1.00000E+00  1.00000E+00  6.00554E-05
 6.73711E-01  7.04416E-03  1.78469E-01  1.00000E+00  1.00000E+00  6.00554E-05
 6.73711E-01  4.03775E-02  1.64800E-01  1.00000E+00  1.00000E+00  6.00554E-05
 6.73711E-01  7.37108E-02  1.45561E-01  1.00000E+00  1.00000E+00  6.00554E-05
 6.73711E-01  1.07044E-01  1.22973E-01  1.00000E+00  1.00000E+00  6.00554E-05
 6.73711E-01  1.40377E-01  9.93636E-02  1.00000E+00  1.00000E+00  6.00554E-05
 6.73711E-01  1.73711E-01  7.67845E-02  1.00000E+00  1.00000E+00  6.00554E-05
 6.73711E-01  2.07044E-01  5.67443E-02  1.00000E+00  1.00000E+00  6.00554E-05
 6.73711E-01  2.40377E-01  4.00984E-02  1.00000E+00  1.00000E+00  6.00554E-05
 6.73711E-01  2.73711E-01  2.70877E-02  1.00000E+00  1.00000E+00  6.00554E-05
 6.73711E-01  3.07044E-01  1.74984E-02  1.00000E+00  1.00000E+00  6.00554E-05
 6.73711E-01  3.40377E-01  1.08269E-02  1.00000E+00  1.00000E+00  6.00554E-05
 6.73711E-01  3.73711E-01  6.37925E-03  1.00000E+00  1.00000E+00  6.00554E-05
 6.73711E-01  4.07044E-01  3.49141E-03  1.00000E+00  1.00000E+00  6.00554E-05
 6.73711E-01  4.40377E-01  1.88012E-03  1.00000E+00  1.00000E+00  6.00554E-05
 6.73711E-01  4.73711E-01  1.61445E-03  1.00000E+00  1.00000E+00  6.00554E-05
 6.73711E-01  5.07044E-01  2.69341E-03  1.00000E+00  1.00000E+00  6.00554E-05
 6.73711E-01  5.40377E-01  5.01533E-03  1.00000E+00  1.00000E+00  6.00554E-05
 6.73711E-01  5.73711E-01  8.73982E-03  1.00000E+00  1.00000E+00  6.00554E-05
 6.73711E-01  6.07044E-01  1.44112E-02  1.00000E+00  1.00000E+00  6.00554E-05
 6.73711E-01  6.40377E-01  2.27211E-02  1.00000E+00  1.00000E+00  6.00554E-05
 6.73711E-01  6.73711E-01  3.42649E-02  1.00000E+00  1.00000E+00  6.00554E-05
 6.73711E-01  7.07044E-01  4.94032E-02  1.00000E+00  1.00000E+00  6.00554E-05
 6.73711E-01  7.40377E-01  6.81064E-02  1.00000E+00  1.00000E+00  6.00554E-05
 6.73711E-01  7.73711E-01  8.97839E-02  1.00000E+00  1.00000E+00  6.00554E-05
 6.73711E-01  8.07044E-01  1.13192E-01  1.00000E+00  1.00000E+00  6.00554E-05
 6.73711E-01  8.40377E-01  1.36481E-01  1.00000E+00  1.00000E+00  6.00554E-05
 6.73711E-01  8.73711E-01  1.57395E-01  1.00000E+00  1.00000E+00  6.00554E-05
 6.73711E-01  9.07044E-01  1.73615E-01  1.00000E+00  1.00000E+00  6.00554E-05
 6.73711E-01  9.40377E-01  1.83179E-01  1.00000E+00  1.00000E+00  6.00554E-05
 6.73711E-01  9.73711E-01  1.84870E-01  1.00000E+00  1.00000E+00  6.00554E-05
 7.07044E-01  7.04416E-03  2.57326E-01  1.00000E+00  1.00000E+00  6.00554E-05
 7.07044E-01  4.03775E-02  2.37617E-01  1.00000E+00  1.00000E+00  6.00554E-05
 7.07044E-01  7.37108E-02  2.09877E-01  1.00000E+00  1.00000E+00  6.00554E-05
 7.07044E-01  1.07044E-01  1.77307E-01  1.00000E+00  1.00000E+00  6.00554E-05
 7.07044E-01  1.40377E-01  1.43266E-01  1.00000E+00  1.00000E+00  6.00554E-05
 7.07044E-01  1.73711E-01  1.10710E-01  1.00000E+00  1.00000E+00  6.00554E-05
 7.07044E-01  2.07044E-01  8.18150E-02  1.00000E+00  1.00000E+00  6.00554E-05
 7.07044E-01  2.40377E-01  5.78139E-02  1.00000E+00  1.00000E+00  6.00554E-05
 7.07044E-01  2.73711E-01  3.90549E-02  1.00000E+00  1.00000E+00  6.00554E-05
 7.07044E-01  3.07044E-01  2.52289E-02  1.00000E+00  1.00000E+00  6.00554E-05
 7.07044E-01  3.40377E-01  1.56083E-02  1.00000E+00  1.00000E+00  6.00554E-05
 7.07044E-01  3.73711E-01  9.19449E-03  1.00000E+00  1.00000E+00  6.00554E-05
 7.07044E-01  4.07044E-01  5.03316E-03  1.00000E+00  1.00000E+00  6.00554E-05
 7.07044E-01  4.40377E-01  2.71176E-03  1.00000E+00  1.00000E+00  6.00554E-05
 7.07044E-01  4.73711E-01  2.32607E-03  1.00000E+00  1.00000E+00  6.00554E-05
 7.07044E-01  5.07044E-01  3.88041E-03  1.00000E+00  1.00000E+00  6.00554E-05
 7.07044E-01  5.40377E-01  7.22960E-03  1.00000E+00  1.00000E+00  6.00554E-05
 7.07044E-01  5.73711E-01  1.26003E-02  1.00000E+00  1.00000E+00  6.00554E-05
 7.07044E-01  6.07044E-01  2.07771E-02  1.00000E+00  1.00000E+00  6.00554E-05
 7.07044E-01  6.40377E-01  3.27586E-02  1.00000E+00  1.00000E+00  6.00554E-05
 7.07044E-01  6.73711E-01  4.94032E-02  1.00000E+00  1.00000E+00  6.00554E-05
 7.07044E-01  7.07044E-01  7.12304E-02  1.00000E+00  1.00000E+00  6.00554E-05
 7.07044E-01  7.40377E-01  9.81978E-02  1.00000E+00  1.00000E+00  6.00554E-05
 7.07044E-01  7.73711E-01  1.29454E-01  1.00000E+00  1.00000E+00  6.00554E-05
 7.07044E-01  8.07044E-01  1.63206E-01  1.00000E+00  1.00000E+00  6.00554E-05
 7.07044E-01  8.40377E-01  1.96785E-01  1.00000E+00  1.00000E+00  6.00554E-05
 7.07044E-01  8.73711E-01  2.26939E-01  1.00000E+00  1.00000E+00  6.00554E-05
 7.07044E-01  9.07044E-01  2.50326E-01  1.00000E+00  1.00000E+00  6.00554E-05
 7.07044E-01  9.40377E-01  2.64117E-01  1.00000E+00  1.00000E+00  6.00554E-05
 7.07044E-01  9.73711E-01  2.66556E-01  1.00000E+00  1.00000E+00  6.00554E-05
 7.40377E-01  7.04416E-03  3.54753E-01  1.00000E+00  1.00000E+00  6.00554E-05
 7.40377E-01  4.03775E-02  3.27582E-01  1.00000E+00  1.00000E+00  6.00554E-05
 7.40377E-01  7.37108E-02  2.89338E-01  1.00000E+00  1.00000E+00  6.00554E-05
 7.40377E-01  1.07044E-01  2.44438E-01  1.00000E+00  1.00000E+00  6.00554E-05
 7.40377E-01  1.40377E-01  1.97508E-01  1.00000E+00  1.00000E+00  6.00554E-05
 7.40377E-01  1.73711E-01  1.52625E-01  1.00000E+00  1.00000E+00  6.00554E-05
 7.40377E-01  2.07044E-01  1.12790E-01  1.00000E+00  1.00000E+00  6.00554E-05
 7.40377E-01  2.40377E-01  7.97013E-02  1.00000E+00  1.00000E+00  6.00554E-05
 7.40377E-01  2.73711E-01  5.38403E-02  1.00000E+00  1.00000E+00  6.00554E-05
 7.40377E-01  3.07044E-01  3.47799E-02  1.00000E+00  1.00000E+00  6.00554E-05
 7.40377E-01  3.40377E-01  2.15154E-02  1.00000E+00  1.00000E+00  6.00554E-05
 7.40377E-01  3.73711E-01  1.26722E-02  1.00000E+00  1.00000E+00  6.00554E-05
 7.40377E-01  4.07044E-01  6.93792E-03  1.00000E+00  1.00000E+00  6.00554E-05
 7.40377E-01  4.40377E-01  3.73954E-03  1.00000E+00  1.00000E+00  6.00554E-05
 7.40377E-01  4.73711E-01  3.20505E-03  1.00000E+00  1.00000E+00  6.00554E-05
 7.40377E-01  5.07044E-01  5.34644E-03  1.00000E+00  1.00000E+00  6.00554E-05
 7.40377E-01  5.40377E-01  9.96513E-03  1.00000E+00  1.00000E+00  6.00554E-05
 7.40377E-01  5.73711E-01  1.73698E-02  1.00000E+00  1.00000E+00  6.00554E-05
 7.40377E-01  6.07044E-01  2.86420E-02  1.00000E+00  1.00000E+00  6.00554E-05
 7.40377E-01  6.40377E-01  4.51598E-02  1.00000E+00  1.00000E+00  6.00554E-05
 7.40377E-01  6.73711E-01  6.81064E-02  1.00000E+00  1.00000E+00  6.00554E-05
 7.40377E-01  7.07044E-01  9.81978E-02  1.00000E+00  1.00000E+00  6.00554E-05
 7.40377E-01  7.40377E-01  1.35376E-01  1.00000E+00  1.00000E+00  6.00554E-05
 7.40377E-01  7.73711E-01  1.78466E-01  1.00000E+00  1.00000E+00  6.00554E-05
 7.40377E-01  8.07044E-01  2.24997E-01  1.00000E+00  1.00000E+00  6.00554E-05
 7.40377E-01  8.40377E-01  2.71291E-01  1.00000E+00  1.00000E+00  6.00554E-05
 7.40377E-01  8.73711E-01  3.12862E-01  1.00000E+00  1.00000E+00  6.00554E-05
 7.40377E-01  9.07044E-01  3.45104E-01  1.00000E+00  1.00000E+00  6.00554E-05
 7.40377E-01  9.40377E-01  3.64116E-01  1.00000E+00  1.00000E+00  6.00554E-05
 7.40377E-01  9.73711E-01  3.67478E-01  1.00000E+00  1.00000E+00  6.00554E-05
 7.73711E-01  7.04416E-03  4.67674E-01  1.00000E+00  1.00000E+00  6.00554E-05
 7.73711E-01  4.03775E-02  4.31855E-01  1.00000E+00  1.00000E+00  6.00554E-05
 7.73711E-01  7.37108E-02  3.81437E-01  1.00000E+00  1.00000E+00  6.00554E-05
 7.73711E-01  1.07044E-01  3.22243E-01  1.00000E+00  1.00000E+00  6.00554E-05
 7.73711E-01  1.40377E-01  2.60375E-01  1.00000E+00  1.00000E+00  6.00554E-05
 7.73711E-01  1.73711E-01  2.01206E-01  1.00000E+00  1.00000E+00  6.00554E-05
 7.73711E-01  2.07044E-01  1.48690E-01  1.00000E+00  1.00000E+00  6.00554E-05
 7.73711E-01  2.40377E-01  1.05069E-01  1.00000E+00  1.00000E+00  6.00554E-05
 7.73711E-01  2.73711E-01  7.09769E-02  1.00000E+00  1.00000E+00  6.00554E-05
 7.73711E-01  3.07044E-01  4.58497E-02  1.00000E+00  1.00000E+00  6.00554E-05
 7.73711E-01  3.40377E-01  2.83617E-02  1.00000E+00  1.00000E+00  6.00554E-05
 7.73711E-01  3.73711E-01  1.67026E-02  1.00000E+00  1.00000E+00  6.00554E-05
 7.73711E-01  4.07044E-01  9.14551E-03  1.00000E+00  1.00000E+00  6.00554E-05
 7.73711E-01  4.40377E-01  4.93103E-03  1.00000E+00  1.00000E+00  6.00554E-05
 7.73711E-01  4.73711E-01  4.22360E-03  1.00000E+00  1.00000E+00  6.00554E-05
 7.73711E-01  5.07044E-01  7.04516E-03  1.00000E+00  1.00000E+00  6.00554E-05
 7.73711E-01  5.40377E-01  1.31355E-02  1.00000E+00  1.00000E+00  6.00554E-05
 7.73711E-01  5.73711E-01  2.28978E-02  1.00000E+00  1.00000E+00  6.00554E-05
 7.73711E-01  6.07044E-01  3.77576E-02  1.00000E+00  1.00000E+00  6.00554E-05
 7.73711E-01  6.40377E-01  5.95331E-02  1.00000E+00  1.00000E+00  6.00554E-05
 7.73711E-01  6.73711E-01  8.97839E-02  1.00000E+00  1.00000E+00  6.00554E-05
 7.73711E-01  7.07044E-01  1.29454E-01  1.00000E+00  1.00000E+00  6.00554E-05
 7.73711E-01  7.40377E-01  1.78466E-01  1.00000E+00  1.00000E+00  6.00554E-05
 7.73711E-01  7.73711E-01  2.35272E-01  1.00000E+00  1.00000E+00  6.00554E-05
 7.73711E-01  8.07044E-01  2.96615E-01  1.00000E+00  1.00000E+00  6.00554E-05
 7.73711E-01  8.40377E-01  3.57645E-01  1.00000E+00  1.00000E+00  6.00554E-05
 7.73711E-01  8.73711E-01  4.12448E-01  1.00000E+00  1.00000E+00  6.00554E-05
 7.73711E-01  9.07044E-01  4.54953E-01  1.00000E+00  1.00000E+00  6.00554E-05
 7.73711E-01  9.40377E-01  4.80017E-01  1.00000E+00  1.00000E+00  6.00554E-05
 7.73711E-01  9.73711E-01  4.84449E-01  1.00000E+00  1.00000E+00  6.00554E-05
 8.07044E-01  7.04416E-03  5.89612E-01  1.00000E+00  1.00000E+00  6.00554E-05
 8.07044E-01  4.03775E-02  5.44453E-01  1.00000E+00  1.00000E+00  6.00554E-05
 8.07044E-01  7.37108E-02  4.80890E-01  1.00000E+00  1.00000E+00  6.00554E-05
 8.07044E-01  1.07044E-01  4.06263E-01  1.00000E+00  1.00000E+00  6.00554E-05
 8.07044E-01  1.40377E-01  3.28263E-01  1.00000E+00  1.00000E+00  6.00554E-05
 8.07044E-01  1.73711E-01  2.53666E-01  1.00000E+00  1.00000E+00  6.00554E-05
 8.07044E-01  2.07044E-01  1.87458E-01  1.00000E+00  1.00000E+00  6.00554E-05
 8.07044E-01  2.40377E-01  1.32463E-01  1.00000E+00  1.00000E+00  6.00554E-05
 8.07044E-01  2.73711E-01  8.94820E-02  1.00000E+00  1.00000E+00  6.00554E-05
 8.07044E-01  3.07044E-01  5.78036E-02  1.00000E+00  1.00000E+00  6.00554E-05
 8.07044E-01  3.40377E-01  3.57545E-02  1.00000E+00  1.00000E+00  6.00554E-05
 8.07044E-01  3.73711E-01  2.10544E-02  1.00000E+00  1.00000E+00  6.00554E-05
 8.07044E-01  4.07044E-01  1.15293E-02  1.00000E+00  1.00000E+00  6.00554E-05
 8.07044E-01  4.40377E-01  6.21787E-03  1.00000E+00  1.00000E+00  6.00554E-05
 8.07044E-01  4.73711E-01  5.32333E-03  1.00000E+00  1.00000E+00  6.00554E-05
 8.07044E-01  5.07044E-01  8.87919E-03  1.00000E+00  1.00000E+00  6.00554E-05
 8.07044E-01  5.40377E-01  1.65589E-02  1.00000E+00  1.00000E+00  6.00554E-05
 8.07044E-01  5.73711E-01  2.88672E-02  1.00000E+00  1.00000E+00  6.00554E-05
 8.07044E-01  6.07044E-01  4.76011E-02  1.00000E+00  1.00000E+00  6.00554E-05
 8.07044E-01  6.40377E-01  7.50541E-02  1.00000E+00  1.00000E+00  6.00554E-05
 8.07044E-01  6.73711E-01  1.13192E-01  1.00000E+00  1.00000E+00  6.00554E-05
 8.07044E-01  7.07044E-01  1.63206E-01  1.00000E+00  1.00000E+00  6.00554E-05
 8.07044E-01  7.40377E-01  2.24997E-01  1.00000E+00  1.00000E+00  6.00554E-05
 8.07044E-01  7.73711E-01  2.96615E-01  1.00000E+00  1.00000E+00  6.00554E-05
 8.07044E-01  8.07044E-01  3.73953E-01  1.00000E+00  1.00000E+00  6.00554E-05
 8.07044E-01  8.40377E-01  4.50894E-01  1.00000E+00  1.00000E+00  6.00554E-05
 8.07044E-01  8.73711E-01  5.19988E-01  1.00000E+00  1.00000E+00  6.00554E-05
 8.07044E-01  9.07044E-01  5.73575E-01  1.00000E+00  1.00000E+00  6.00554E-05
 8.07044E-01  9.40377E-01  6.05174E-01  1.00000E+00  1.00000E+00  6.00554E-05
 8.07044E-01  9.73711E-01  6.10762E-01  1.00000E+00  1.00000E+00  6.00554E-05
 8.40377E-01  7.04416E-03  7.10927E-01  1.00000E+00  1.00000E+00  6.00554E-05
 8.40377E-01  4.03775E-02  6.56477E-01  1.00000E+00  1.00000E+00  6.00554E-05
 8.40377E-01  7.37108E-02  5.79835E-01  1.00000E+00  1.00000E+00  6.00554E-05
 8.40377E-01  1.07044E-01  4.89852E-01  1.00000E+00  1.00000E+00  6.00554E-05
 8.40377E-01  1.40377E-01  3.95803E-01  1.00000E+00  1.00000E+00  6.00554E-05
 8.40377E-01  1.73711E-01  3.05858E-01  1.00000E+00  1.00000E+00  6.00554E-05
 8.40377E-01  2.07044E-01  2.26027E-01  1.00000E+00  1.00000E+00  6.00554E-05
 8.40377E-01  2.40377E-01  1.59717E-01  1.00000E+00  1.00000E+00  6.00554E-05
 8.40377E-01  2.73711E-01  1.07893E-01  1.00000E+00  1.00000E+00  6.00554E-05
 8.40377E-01  3.07044E-01  6.96963E-02  1.00000E+00  1.00000E+00  6.00554E-05
 8.40377E-01  3.40377E-01  4.31094E-02  1.00000E+00  1.00000E+00  6.00554E-05
 8.40377E-01  3.73711E-01  2.53838E-02  1.00000E+00  1.00000E+00  6.00554E-05
 8.40377E-01  4.07044E-01  1.39010E-02  1.00000E+00  1.00000E+00  6.00554E-05
 8.40377E-01  4.40377E-01  7.49830E-03  1.00000E+00  1.00000E+00  6.00554E-05
 8.40377E-01  4.73711E-01  6.41733E-03  1.00000E+00  1.00000E+00  6.00554E-05
 8.40377E-01  5.07044E-01  1.07036E-02  1.00000E+00  1.00000E+00  6.00554E-05
 8.40377E-01  5.40377E-01  1.99647E-02  1.00000E+00  1.00000E+00  6.00554E-05
 8.40377E-01  5.73711E-01  3.48061E-02  1.00000E+00  1.00000E+00  6.00554E-05
 8.40377E-01  6.07044E-01  5.73942E-02  1.00000E+00  1.00000E+00  6.00554E-05
 8.40377E-01  6.40377E-01  9.04958E-02  1.00000E+00  1.00000E+00  6.00554E-05
 8.40377E-01  6.73711E-01  1.36481E-01  1.00000E+00  1.00000E+00  6.00554E-05
 8.40377E-01  7.07044E-01  1.96785E-01  1.00000E+00  1.00000E+00  6.00554E-05
 8.40377E-01  7.40377E-01  2.71291E-01  1.00000E+00  1.00000E+00  6.00554E-05
 8.40377E-01  7.73711E-01  3.57645E-01  1.00000E+00  1.00000E+00  6.00554E-05
 8.40377E-01  8.07044E-01  4.50894E-01  1.00000E+00  1.00000E+00  6.00554E-05
 8.40377E-01  8.40377E-01  5.43667E-01  1.00000E+00  1.00000E+00  6.00554E-05
 8.40377E-01  8.73711E-01  6.26977E-01  1.00000E+00  1.00000E+00  6.00554E-05
 8.40377E-01  9.07044E-01  6.91590E-01  1.00000E+00  1.00000E+00  6.00554E-05
 8.40377E-01  9.40377E-01  7.29691E-01  1.00000E+00  1.00000E+00  6.00554E-05
 8.40377E-01  9.73711E-01  7.36428E-01  1.00000E+00  1.00000E+00  6.00554E-05
 8.73711E-01  7.04416E-03  8.19867E-01  1.00000E+00  1.00000E+00  6.00554E-05
 8.73711E-01  4.03775E-02  7.57073E-01  1.00000E+00  1.00000E+00  6.00554E-05
 8.73711E-01  7.37108E-02  6.68687E-01  1.00000E+00  1.00000E+00  6.00554E-05
 8.73711E-01  1.07044E-01  5.64915E-01  1.00000E+00  1.00000E+00  6.00554E-05
 8.73711E-01  1.40377E-01  4.56455E-01  1.00000E+00  1.00000E+00  6.00554E-05
 8.73711E-01  1.73711E-01  3.52727E-01  1.00000E+00  1.00000E+00  6.00554E-05
 8.73711E-01  2.07044E-01  2.60662E-01  1.00000E+00  1.00000E+00  6.00554E-05
 8.73711E-01  2.40377E-01  1.84191E-01  1.00000E+00  1.00000E+00  6.00554E-05
 8.73711E-01  2.73711E-01  1.24425E-01  1.00000E+00  1.00000E+00  6.00554E-05
 8.73711E-01  3.07044E-01  8.03759E-02  1.00000E+00  1.00000E+00  6.00554E-05
 8.73711E-01  3.40377E-01  4.97140E-02  1.00000E+00  1.00000E+00  6.00554E-05
 8.73711E-01  3.73711E-01  2.92714E-02  1.00000E+00  1.00000E+00  6.00554E-05
 8.73711E-01  4.07044E-01  1.60307E-02  1.00000E+00  1.00000E+00  6.00554E-05
 8.73711E-01  4.40377E-01  8.64822E-03  1.00000E+00  1.00000E+00  6.00554E-05
 8.73711E-01  4.73711E-01  7.39968E-03  1.00000E+00  1.00000E+00  6.00554E-05
 8.73711E-01  5.07044E-01  1.23417E-02  1.00000E+00  1.00000E+00  6.00554E-05
 8.73711E-01  5.40377E-01  2.30231E-02  1.00000E+00  1.00000E+00  6.00554E-05
 8.73711E-01  5.73711E-01  4.01392E-02  1.00000E+00  1.00000E+00  6.00554E-05
 8.73711E-01  6.07044E-01  6.61884E-02  1.00000E+00  1.00000E+00  6.00554E-05
 8.73711E-01  6.40377E-01  1.04362E-01  1.00000E+00  1.00000E+00  6.00554E-05
 8.73711E-01  6.73711E-01  1.57395E-01  1.00000E+00  1.00000E+00  6.00554E-05
 8.73711E-01  7.07044E-01  2.26939E-01  1.00000E+00  1.00000E+00  6.00554E-05
 8.73711E-01  7.40377E-01  3.12862E-01  1.00000E+00  1.00000E+00  6.00554E-05
 8.73711E-01  7.73711E-01  4.12448E-01  1.00000E+00  1.00000E+00  6.00554E-05
 8.73711E-01  8.07044E-01  5.19988E-01  1.00000E+00  1.00000E+00  6.00554E-05
 8.73711E-01  8.40377E-01  6.26977E-01  1.00000E+00  1.00000E+00  6.00554E-05
 8.73711E-01  8.73711E-01  7.23053E-01  1.00000E+00  1.00000E+00  6.00554E-05
 8.73711E-01  9.07044E-01  7.97567E-01  1.00000E+00  1.00000E+00  6.00554E-05
 8.73711E-01  9.40377E-01  8.41507E-01  1.00000E+00  1.00000E+00  6.00554E-05
 8.73711E-01  9.73711E-01  8.49276E-01  1.00000E+00  1.00000E+00  6.00554E-05
 9.07044E-01  7.04416E-03  9.04358E-01  1.00000E+00  1.00000E+00  6.00554E-05
 9.07044E-01  4.03775E-02  8.35093E-01  1.00000E+00  1.00000E+00  6.00554E-05
 9.07044E-01  7.37108E-02  7.37598E-01  1.00000E+00  1.00000E+00  6.00554E-05
 9.07044E-01  1.07044E-01  6.23133E-01  1.00000E+00  1.00000E+00  6.00554E-05
 9.07044E-01  1.40377E-01  5.03494E-01  1.00000E+00  1.00000E+00  6.00554E-05
 9.07044E-01  1.73711E-01  3.89077E-01  1.00000E+00  1.00000E+00  6.00554E-05
 9.07044E-01  2.07044E-01  2.87524E-01  1.00000E+00  1.00000E+00  6.00554E-05
 9.07044E-01  2.40377E-01  2.03172E-01  1.00000E+00  1.00000E+00  6.00554E-05
 9.07044E-01  2.73711E-01  1.37247E-01  1.00000E+00  1.00000E+00  6.00554E-05
 9.07044E-01  3.07044E-01  8.86589E-02  1.00000E+00  1.00000E+00  6.00554E-05
 9.07044E-01  3.40377E-01  5.48363E-02  1.00000E+00  1.00000E+00  6.00554E-05
 9.07044E-01  3.73711E-01  3.22865E-02  1.00000E+00  1.00000E+00  6.00554E-05
 9.07044E-01  4.07044E-01  1.76824E-02  1.00000E+00  1.00000E+00  6.00554E-05
 9.07044E-01  4.40377E-01  9.54015E-03  1.00000E+00  1.00000E+00  6.00554E-05
 9.07044E-01  4.73711E-01  8.16154E-03  1.00000E+00  1.00000E+00  6.00554E-05
 9.07044E-01  5.07044E-01  1.36122E-02  1.00000E+00  1.00000E+00  6.00554E-05
 9.07044E-01  5.40377E-01  2.53951E-02  1.00000E+00  1.00000E+00  6.00554E-05
 9.07044E-01  5.73711E-01  4.42754E-02  1.00000E+00  1.00000E+00  6.00554E-05
 9.07044E-01  6.07044E-01  7.30090E-02  1.00000E+00  1.00000E+00  6.00554E-05
 9.07044E-01  6.40377E-01  1.15117E-01  1.00000E+00  1.00000E+00  6.00554E-05
 9.07044E-01  6.73711E-01  1.73615E-01  1.00000E+00  1.00000E+00  6.00554E-05
 9.07044E-01  7.07044E-01  2.50326E-01  1.00000E+00  1.00000E+00  6.00554E-05
 9.07044E-01  7.40377E-01  3.45104E-01  1.00000E+00  1.00000E+00  6.00554E-05
 9.07044E-01  7.73711E-01  4.54953E-01  1.00000E+00  1.00000E+00  6.00554E-05
 9.07044E-01  8.07044E-01  5.73575E-01  1.00000E+00  1.00000E+00  6.00554E-05
 9.07044E-01  8.40377E-01  6.91590E-01  1.00000E+00  1.00000E+00  6.00554E-05
 9.07044E-01  8.73711E-01  7.97567E-01  1.00000E+00  1.00000E+00  6.00554E-05
 9.07044E-01  9.07044E-01  8.79761E-01  1.00000E+00  1.00000E+00  6.00554E-05
 9.07044E-01  9.40377E-01  9.28229E-01  1.00000E+00  1.00000E+00  6.00554E-05
 9.07044E-01  9.73711E-01  9.36798E-01  1.00000E+00  1.00000E+00  6.00554E-05
 9.40377E-01  7.04416E-03  9.54181E-01  1.00000E+00  1.00000E+00  6.00554E-05
 9.40377E-01  4.03775E-02  8.81100E-01  1.00000E+00  1.00000E+00  6.00554E-05
 9.40377E-01  7.37108E-02  7.78234E-01  1.00000E+00  1.00000E+00  6.00554E-05
 9.40377E-01  1.07044E-01  6.57462E-01  1.00000E+00  1.00000E+00  6.00554E-05
 9.40377E-01  1.40377E-01  5.31233E-01  1.00000E+00  1.00000E+00  6.00554E-05
 9.40377E-01  1.73711E-01  4.10511E-01  1.00000E+00  1.00000E+00  6.00554E-05
 9.40377E-01  2.07044E-01  3.03364E-01  1.00000E+00  1.00000E+00  6.00554E-05
 9.40377E-01  2.40377E-01  2.14365E-01  1.00000E+00  1.00000E+00  6.00554E-05
 9.40377E-01  2.73711E-01  1.44808E-01  1.00000E+00  1.00000E+00  6.00554E-05
 9.40377E-01  3.07044E-01  9.35432E-02  1.00000E+00  1.00000E+00  6.00554E-05
 9.40377E-01  3.40377E-01  5.78569E-02  1.00000E+00  1.00000E+00  6.00554E-05
 9.40377E-01  3.73711E-01  3.40644E-02  1.00000E+00  1.00000E+00  6.00554E-05
 9.40377E-01  4.07044E-01  1.86564E-02  1.00000E+00  1.00000E+00  6.00554E-05
 9.40377E-01  4.40377E-01  1.00661E-02  1.00000E+00  1.00000E+00  6.00554E-05
 9.40377E-01  4.73711E-01  8.61078E-03  1.00000E+00  1.00000E+00  6.00554E-05
 9.40377E-01  5.07044E-01  1.43613E-02  1.00000E+00  1.00000E+00  6.00554E-05
 9.40377E-01  5.40377E-01  2.67938E-02  1.00000E+00  1.00000E+00  6.00554E-05
 9.40377E-01  5.73711E-01  4.67145E-02  1.00000E+00  1.00000E+00  6.00554E-05
 9.40377E-01  6.07044E-01  7.70310E-02  1.00000E+00  1.00000E+00  6.00554E-05
 9.40377E-01  6.40377E-01  1.21459E-01  1.00000E+00  1.00000E+00  6.00554E-05
 9.40377E-01  6.73711E-01  1.83179E-01  1.00000E+00  1.00000E+00  6.00554E-05
 9.40377E-01  7.07044E-01  2.64117E-01  1.00000E+00  1.00000E+00  6.00554E-05
 9.40377E-01  7.40377E-01  3.64116E-01  1.00000E+00  1.00000E+00  6.00554E-05
 9.40377E-01  7.73711E-01  4.80017E-01  1.00000E+00  1.00000E+00  6.00554E-05
 9.40377E-01  8.07044E-01  6.05174E-01  1.00000E+00  1.00000E+00  6.00554E-05
 9.40377E-01  8.40377E-01  7.29691E-01  1.00000E+00  1.00000E+00  6.00554E-05
 9.40377E-01  8.73711E-01  8.41507E-01  1.00000E+00  1.00000E+00  6.00554E-05
 9.40377E-01  9.07044E-01  9.28229E-01  1.00000E+00  1.00000E+00  6.00554E-05
 9.40377E-01  9.40377E-01  9.79366E-01  1.00000E+00  1.00000E+00  6.00554E-05
 9.40377E-01  9.73711E-01  9.88408E-01  1.00000E+00  1.00000E+00  6.00554E-05
 9.73711E-01  7.04416E-03  9.62990E-01  1.00000E+00  1.00000E+00  6.00554E-05
 9.73711E-01  4.03775E-02  8.89234E-01  1.00000E+00  1.00000E+00  6.00554E-05
 9.73711E-01  7.37108E-02  7.85419E-01  1.00000E+00  1.00000E+00  6.00554E-05
 9.73711E-01  1.07044E-01  6.63532E-01  1.00000E+00  1.00000E+00  6.00554E-05
 9.73711E-01  1.40377E-01  5.36137E-01  1.00000E+00  1.00000E+00  6.00554E-05
 9.73711E-01  1.73711E-01  4.14301E-01  1.00000E+00  1.00000E+00  6.00554E-05
 9.73711E-01  2.07044E-01  3.06165E-01  1.00000E+00  1.00000E+00  6.00554E-05
 9.73711E-01  2.40377E-01  2.16344E-01  1.00000E+00  1.00000E+00  6.00554E-05
 9.73711E-01  2.73711E-01  1.46145E-01  1.00000E+00  1.00000E+00  6.00554E-05
 9.73711E-01  3.07044E-01  9.44068E-02  1.00000E+00  1.00000E+00  6.00554E-05
 9.73711E-01  3.40377E-01  5.83910E-02  1.00000E+00  1.00000E+00  6.00554E-05
 9.73711E-01  3.73711E-01  3.43789E-02  1.00000E+00  1.00000E+00  6.00554E-05
 9.73711E-01  4.07044E-01  1.88287E-02  1.00000E+00  1.00000E+00  6.00554E-05
 9.73711E-01  4.40377E-01  1.01592E-02  1.00000E+00  1.00000E+00  6.00554E-05
 9.73711E-01  4.73711E-01  8.69024E-03  1.00000E+00  1.00000E+00  6.00554E-05
 9.73711E-01  5.07044E-01  1.44938E-02  1.00000E+00  1.00000E+00  6.00554E-05
 9.73711E-01  5.40377E-01  2.70412E-02  1.00000E+00  1.00000E+00  6.00554E-05
 9.73711E-01  5.73711E-01  4.71458E-02  1.00000E+00  1.00000E+00  6.00554E-05
 9.73711E-01  6.07044E-01  7.77422E-02  1.00000E+00  1.00000E+00  6.00554E-05
 9.73711E-01  6.40377E-01  1.22580E-01  1.00000E+00  1.00000E+00  6.00554E-05
 9.73711E-01  6.73711E-01  1.84870E-01  1.00000E+00  1.00000E+00  6.00554E-05
 9.73711E-01  7.07044E-01  2.66556E-01  1.00000E+00  1.00000E+00  6.00554E-05
 9.73711E-01  7.40377E-01  3.67478E-01  1.00000E+00  1.00000E+00  6.00554E-05
 9.73711E-01  7.73711E-01  4.84449E-01  1.00000E+00  1.00000E+00  6.00554E-05
 9.73711E-01  8.07044E-01  6.10762E-01  1.00000E+00  1.00000E+00  6.00554E-05
 9.73711E-01  8.40377E-01  7.36428E-01  1.00000E+00  1.00000E+00  6.00554E-05
 9.73711E-01  8.73711E-01  8.49276E-01  1.00000E+00  1.00000E+00  6.00554E-05
 9.73711E-01  9.07044E-01  9.36798E-01  1.00000E+00  1.00000E+00  6.00554E-05
 9.73711E-01  9.40377E-01  9.88408E-01  1.00000E+00  1.00000E+00  6.00554E-05
 9.73711E-01  9.73711E-01  9.97533E-01  1.00000E+00  1.00000E+00  6.00554E-05
