 7.04416E-03  7.04416E-03  4.74917E-01  1.00000E+00  1.00000E+00  6.00549E-05
 7.04416E-03  4.03775E-02  5.57197E-01  1.00000E+00  1.00000E+00  6.00549E-05
 7.04416E-03  7.37108E-02  6.25294E-01  1.00000E+00  1.00000E+00  6.00549E-05
 7.04416E-03  1.07044E-01  6.71223E-01  1.00000E+00  1.00000E+00  6.00549E-05
 7.04416E-03  1.40377E-01  6.89241E-01  1.00000E+00  1.00000E+00  6.00549E-05
 7.04416E-03  1.73711E-01  6.77022E-01  1.00000E+00  1.00000E+00  6.00549E-05
 7.04416E-03  2.07044E-01  6.36151E-01  1.00000E+00  1.00000E+00  6.00549E-05
 7.04416E-03  2.40377E-01  5.71787E-01  1.00000E+00  1.00000E+00  6.00549E-05
 7.04416E-03  2.73711E-01  4.91594E-01  1.00000E+00  1.00000E+00  6.00549E-05
 7.04416E-03  3.07044E-01  4.04251E-01  1.00000E+00  1.00000E+00  6.00549E-05
 7.04416E-03  3.40377E-01  3.17931E-01  1.00000E+00  1.00000E+00  6.00549E-05
 7.04416E-03  3.73711E-01  2.39120E-01  1.00000E+00  1.00000E+00  6.00549E-05
 7.04416E-03  4.07044E-01  1.71962E-01  1.00000E+00  1.00000E+00  6.00549E-05
 7.04416E-03  4.40377E-01  1.18219E-01  1.00000E+00  1.00000E+00  6.00549E-05
 7.04416E-03  4.73711E-01  7.77054E-02  1.00000E+00  1.00000E+00  6.00549E-05
 7.04416E-03  5.07044E-01  4.88814E-02  1.00000E+00  1.00000E+00  6.00549E-05
 7.04416E-03  5.40377E-01  2.93296E-02  1.00000E+00  1.00000E+00  6.00549E-05
 7.04416E-03  5.73711E-01  1.64875E-02  1.00000E+00  1.00000E+00  6.00549E-05
 7.04416E-03  6.07044E-01  8.74558E-03  1.00000E+00  1.00000E+00  6.00549E-05
 7.04416E-03  6.40377E-01  5.83402E-03  1.00000E+00  1.00000E+00  6.00549E-05
 7.04416E-03  6.73711E-01  7.86521E-03  1.00000E+00  1.00000E+00  6.00549E-05
 7.04416E-03  7.07044E-01  1.46332E-02  1.00000E+00  1.00000E+00  6.00549E-05
 7.04416E-03  7.40377E-01  2.63268E-02  1.00000E+00  1.00000E+00  6.00549E-05
 7.04416E-03  7.73711E-01  4.43814E-02  1.00000E+00  1.00000E+00  6.00549E-05
 7.04416E-03  8.07044E-01  7.12185E-02  1.00000E+00  1.00000E+00  6.00549E-05
 7.04416E-03  8.40377E-01  1.09304E-01  1.00000E+00  1.00000E+00  6.00549E-05
 7.04416E-03  8.73711E-01  1.60400E-01  1.00000E+00  1.00000E+00  6.00549E-05
 7.04416E-03  9.07044E-01  2.25023E-01  1.00000E+00  1.00000E+00  6.00549E-05
 7.04416E-03  9.40377E-01  3.01832E-01  1.00000E+00  1.00000E+00  6.00549E-05
 7.04416E-03  9.73711E-01  3.87153E-01  1.00000E+00  1.00000E+00  6.00549E-05
 4.03775E-02  7.04416E-03  5.57197E-01  1.00000E+00  1.00000E+00  6.00549E-05
 4.03775E-02  4.03775E-02  6.53731E-01  1.00000E+00  1.00000E+00  6.00549E-05
 4.03775E-02  7.37108E-02  7.33627E-01  1.00000E+00  1.00000E+00  6.00549E-05
 4.03775E-02  1.07044E-01  7.87513E-01  1.00000E+00  1.00000E+00  6.00549E-05
 4.03775E-02  1.40377E-01  8.08653E-01  1.00000E+00  1.00000E+00  6.00549E-05
 4.03775E-02  1.73711E-01  7.94316E-01  1.00000E+00  1.00000E+00  6.00549E-05
 4.03775E-02  2.07044E-01  7.46365E-01  1.00000E+00  1.00000E+00  6.00549E-05
 4.03775E-02  2.40377E-01  6.70849E-01  1.00000E+00  1.00000E+00  6.00549E-05
 4.03775E-02  2.73711E-01  5.76763E-01  1.00000E+00  1.00000E+00  6.00549E-05
 4.03775E-02  3.07044E-01  4.74287E-01  1.00000E+00  1.00000E+00  6.00549E-05
 4.03775E-02  3.40377E-01  3.73013E-01  1.00000E+00  1.00000E+00  6.00549E-05
 4.03775E-02  3.73711E-01  2.80547E-01  1.00000E+00  1.00000E+00  6.00549E-05
 4.03775E-02  4.07044E-01  2.01754E-01  1.00000E+00  1.00000E+00  6.00549E-05
 4.03775E-02  4.40377E-01  1.38700E-01  1.00000E+00  1.00000E+00  6.00549E-05
 4.03775E-02  4.73711E-01  9.11676E-02  1.00000E+00  1.00000E+00  6.00549E-05
 4.03775E-02  5.07044E-01  5.73489E-02  1.00000E+00  1.00000E+00  6.00549E-05
 4.03775E-02  5.40377E-01  3.44085E-02  1.00000E+00  1.00000E+00  6.00549E-05
 4.03775E-02  5.73711E-01  1.93427E-02  1.00000E+00  1.00000E+00  6.00549E-05
 4.03775E-02  6.07044E-01  1.02617E-02  1.00000E+00  1.00000E+00  6.00549E-05
 4.03775E-02  6.40377E-01  6.84493E-03  1.00000E+00  1.00000E+00  6.00549E-05
 4.03775E-02  6.73711E-01  9.22579E-03  1.00000E+00  1.00000E+00  6.00549E-05
 4.03775E-02  7.07044E-01  1.71666E-02  1.00000E+00  1.00000E+00  6.00549E-05
 4.03775E-02  7.40377E-01  3.08873E-02  1.00000E+00  1.00000E+00  6.00549E-05
 4.03775E-02  7.73711E-01  5.20701E-02  1.00000E+00  1.00000E+00  6.00549E-05
 4.03775E-02  8.07044E-01  8.35565E-02  1.00000E+00  1.00000E+00  6.00549E-05
 4.03775E-02  8.40377E-01  1.28240E-01  1.00000E+00  1.00000E+00  6.00549E-05
 4.03775E-02  8.73711E-01  1.88189E-01  1.00000E+00  1.00000E+00  6.00549E-05
 4.03775E-02  9.07044E-01  2.64008E-01  1.00000E+00  1.00000E+00  6.00549E-05
 4.03775E-02  9.40377E-01  3.54125E-01  1.00000E+00  1.00000E+00  6.00549E-05
 4.03775E-02  9.73711E-01  4.54227E-01  1.00000E+00  1.00000E+00  6.00549E-05
 7.37108E-02  7.04416E-03  6.25294E-01  1.00000E+00  1.00000E+00  6.00549E-05
 7.37108E-02  4.03775E-02  7.33627E-01  1.00000E+00  1.00000E+00  6.00549E-05
 7.37108E-02  7.37108E-02  8.23287E-01  1.00000E+00  1.00000E+00  6.00549E-05
 7.37108E-02  1.07044E-01  8.83759E-01  1.00000E+00  1.00000E+00  6.00549E-05
 7.37108E-02  1.40377E-01  9.07482E-01  1.00000E+00  1.00000E+00  6.00549E-05
 7.37108E-02  1.73711E-01  8.91393E-01  1.00000E+00  1.00000E+00  6.00549E-05
 7.37108E-02  2.07044E-01  8.37581E-01  1.00000E+00  1.00000E+00  6.00549E-05
 7.37108E-02  2.40377E-01  7.52837E-01  1.00000E+00  1.00000E+00  6.00549E-05
 7.37108E-02  2.73711E-01  6.47252E-01  1.00000E+00  1.00000E+00  6.00549E-05
 7.37108E-02  3.07044E-01  5.32252E-01  1.00000E+00  1.00000E+00  6.00549E-05
 7.37108E-02  3.40377E-01  4.18600E-01  1.00000E+00  1.00000E+00  6.00549E-05
 7.37108E-02  3.73711E-01  3.14833E-01  1.00000E+00  1.00000E+00  6.00549E-05
 7.37108E-02  4.07044E-01  2.26411E-01  1.00000E+00  1.00000E+00  6.00549E-05
 7.37108E-02  4.40377E-01  1.55650E-01  1.00000E+00  1.00000E+00  6.00549E-05
 7.37108E-02  4.73711E-01  1.02309E-01  1.00000E+00  1.00000E+00  6.00549E-05
 7.37108E-02  5.07044E-01  6.43569E-02  1.00000E+00  1.00000E+00  6.00549E-05
 7.37108E-02  5.40377E-01  3.86120E-02  1.00000E+00  1.00000E+00  6.00549E-05
 7.37108E-02  5.73711E-01  2.17057E-02  1.00000E+00  1.00000E+00  6.00549E-05
 7.37108E-02  6.07044E-01  1.15166E-02  1.00000E+00  1.00000E+00  6.00549E-05
 7.37108E-02  6.40377E-01  7.68163E-03  1.00000E+00  1.00000E+00  6.00549E-05
 7.37108E-02  6.73711E-01  1.03517E-02  1.00000E+00  1.00000E+00  6.00549E-05
 7.37108E-02  7.07044E-01  1.92632E-02  1.00000E+00  1.00000E+00  6.00549E-05
 7.37108E-02  7.40377E-01  3.46617E-02  1.00000E+00  1.00000E+00  6.00549E-05
 7.37108E-02  7.73711E-01  5.84335E-02  1.00000E+00  1.00000E+00  6.00549E-05
 7.37108E-02  8.07044E-01  9.37679E-02  1.00000E+00  1.00000E+00  6.00549E-05
 7.37108E-02  8.40377E-01  1.43912E-01  1.00000E+00  1.00000E+00  6.00549E-05
 7.37108E-02  8.73711E-01  2.11188E-01  1.00000E+00  1.00000E+00  6.00549E-05
 7.37108E-02  9.07044E-01  2.96273E-01  1.00000E+00  1.00000E+00  6.00549E-05
 7.37108E-02  9.40377E-01  3.97404E-01  1.00000E+00  1.00000E+00  6.00549E-05
 7.37108E-02  9.73711E-01  5.09740E-01  1.00000E+00  1.00000E+00  6.00549E-05
 1.07044E-01  7.04416E-03  6.71223E-01  1.00000E+00  1.00000E+00  6.00549E-05
 1.07044E-01  4.03775E-02  7.87513E-01  1.00000E+00  1.00000E+00  6.00549E-05
 1.07044E-01  7.37108E-02  8.83759E-01  1.00000E+00  1.00000E+00  6.00549E-05
 1.07044E-01  1.07044E-01  9.48673E-01  1.00000E+00  1.00000E+00  6.00549E-05
 1.07044E-01  1.40377E-01  9.74138E-01  1.00000E+00  1.00000E+00  6.00549E-05
 1.07044E-01  1.73711E-01  9.56868E-01  1.00000E+00  1.00000E+00  6.00549E-05
 1.07044E-01  2.07044E-01  8.99103E-01  1.00000E+00  1.00000E+00  6.00549E-05
 1.07044E-01  2.40377E-01  8.08134E-01  1.00000E+00  1.00000E+00  6.00549E-05
 1.07044E-01  2.73711E-01  6.94794E-01  1.00000E+00  1.00000E+00  6.00549E-05
 1.07044E-01  3.07044E-01  5.71347E-01  1.00000E+00  1.00000E+00  6.00549E-05
 1.07044E-01  3.40377E-01  4.49347E-01  1.00000E+00  1.00000E+00  6.00549E-05
 1.07044E-01  3.73711E-01  3.37958E-01  1.00000E+00  1.00000E+00  6.00549E-05
 1.07044E-01  4.07044E-01  2.43041E-01  1.00000E+00  1.00000E+00  6.00549E-05
 1.07044E-01  4.40377E-01  1.67083E-01  1.00000E+00  1.00000E+00  6.00549E-05
 1.07044E-01  4.73711E-01  1.09824E-01  1.00000E+00  1.00000E+00  6.00549E-05
 1.07044E-01  5.07044E-01  6.90835E-02  1.00000E+00  1.00000E+00  6.00549E-05
 1.07044E-01  5.40377E-01  4.14470E-02  1.00000E+00  1.00000E+00  6.00549E-05
 1.07044E-01  5.73711E-01  2.32994E-02  1.00000E+00  1.00000E+00  6.00549E-05
 1.07044E-01  6.07044E-01  1.23630E-02  1.00000E+00  1.00000E+00  6.00549E-05
 1.07044E-01  6.40377E-01  8.24596E-03  1.00000E+00  1.00000E+00  6.00549E-05
 1.07044E-01  6.73711E-01  1.11111E-02  1.00000E+00  1.00000E+00  6.00549E-05
 1.07044E-01  7.07044E-01  2.06773E-02  1.00000E+00  1.00000E+00  6.00549E-05
 1.07044E-01  7.40377E-01  3.72074E-02  1.00000E+00  1.00000E+00  6.00549E-05
 1.07044E-01  7.73711E-01  6.27254E-02  1.00000E+00  1.00000E+00  6.00549E-05
 1.07044E-01  8.07044E-01  1.00655E-01  1.00000E+00  1.00000E+00  6.00549E-05
 1.07044E-01  8.40377E-01  1.54483E-01  1.00000E+00  1.00000E+00  6.00549E-05
 1.07044E-01  8.73711E-01  2.26700E-01  1.00000E+00  1.00000E+00  6.00549E-05
 1.07044E-01  9.07044E-01  3.18035E-01  1.00000E+00  1.00000E+00  6.00549E-05
 1.07044E-01  9.40377E-01  4.26594E-01  1.00000E+00  1.00000E+00  6.00549E-05
 1.07044E-01  9.73711E-01  5.47181E-01  1.00000E+00  1.00000E+00  6.00549E-05
 1.40377E-01  7.04416E-03  6.89241E-01  1.00000E+00  1.00000E+00  6.00549E-05
 1.40377E-01  4.03775E-02  8.08653E-01  1.00000E+00  1.00000E+00  6.00549E-05
 1.40377E-01  7.37108E-02  9.07482E-01  1.00000E+00  1.00000E+00  6.00549E-05
 1.40377E-01  1.07044E-01  9.74138E-01  1.00000E+00  1.00000E+00  6.00549E-05
 1.40377E-01  1.40377E-01  1.00029E+00  1.00000E+00  1.00000E+00  6.00549E-05
 1.40377E-01  1.73711E-01  9.82553E-01  1.00000E+00  1.00000E+00  6.00549E-05
 1.40377E-01  2.07044E-01  9.23238E-01  1.00000E+00  1.00000E+00  6.00549E-05
 1.40377E-01  2.40377E-01  8.29827E-01  1.00000E+00  1.00000E+00  6.00549E-05
 1.40377E-01  2.73711E-01  7.13444E-01  1.00000E+00  1.00000E+00  6.00549E-05
 1.40377E-01  3.07044E-01  5.86683E-01  1.00000E+00  1.00000E+00  6.00549E-05
 1.40377E-01  3.40377E-01  4.61409E-01  1.00000E+00  1.00000E+00  6.00549E-05
 1.40377E-01  3.73711E-01  3.47030E-01  1.00000E+00  1.00000E+00  6.00549E-05
 1.40377E-01  4.07044E-01  2.49565E-01  1.00000E+00  1.00000E+00  6.00549E-05
 1.40377E-01  4.40377E-01  1.71568E-01  1.00000E+00  1.00000E+00  6.00549E-05
 1.40377E-01  4.73711E-01  1.12772E-01  1.00000E+00  1.00000E+00  6.00549E-05
 1.40377E-01  5.07044E-01  7.09377E-02  1.00000E+00  1.00000E+00  6.00549E-05
 1.40377E-01  5.40377E-01  4.25592E-02  1.00000E+00  1.00000E+00  6.00549E-05
 1.40377E-01  5.73711E-01  2.39246E-02  1.00000E+00  1.00000E+00  6.00549E-05
 1.40377E-01  6.07044E-01  1.26951E-02  1.00000E+00  1.00000E+00  6.00549E-05
 1.40377E-01  6.40377E-01  8.46735E-03  1.00000E+00  1.00000E+00  6.00549E-05
 1.40377E-01  6.73711E-01  1.14090E-02  1.00000E+00  1.00000E+00  6.00549E-05
 1.40377E-01  7.07044E-01  2.12320E-02  1.00000E+00  1.00000E+00  6.00549E-05
 1.40377E-01  7.40377E-01  3.82060E-02  1.00000E+00  1.00000E+00  6.00549E-05
 1.40377E-01  7.73711E-01  6.44091E-02  1.00000E+00  1.00000E+00  6.00549E-05
 1.40377E-01  8.07044E-01  1.03357E-01  1.00000E+00  1.00000E+00  6.00549E-05
 1.40377E-01  8.40377E-01  1.58629E-01  1.00000E+00  1.00000E+00  6.00549E-05
 1.40377E-01  8.73711E-01  2.32786E-01  1.00000E+00  1.00000E+00  6.00549E-05
 1.40377E-01  9.07044E-01  3.26572E-01  1.00000E+00  1.00000E+00  6.00549E-05
 1.40377E-01  9.40377E-01  4.38045E-01  1.00000E+00  1.00000E+00  6.00549E-05
 1.40377E-01  9.73711E-01  5.61869E-01  1.00000E+00  1.00000E+00  6.00549E-05
 1.73711E-01  7.04416E-03  6.77022E-01  1.00000E+00  1.00000E+00  6.00549E-05
 1.73711E-01  4.03775E-02  7.94316E-01  1.00000E+00  1.00000E+00  6.00549E-05
 1.73711E-01  7.37108E-02  8.91393E-01  1.00000E+00  1.00000E+00  6.00549E-05
 1.73711E-01  1.07044E-01  9.56868E-01  1.00000E+00  1.00000E+00  6.00549E-05
 1.73711E-01  1.40377E-01  9.82553E-01  1.00000E+00  1.00000E+00  6.00549E-05
 1.73711E-01  1.73711E-01  9.65134E-01  1.00000E+00  1.00000E+00  6.00549E-05
 1.73711E-01  2.07044E-01  9.06870E-01  1.00000E+00  1.00000E+00  6.00549E-05
 1.73711E-01  2.40377E-01  8.15115E-01  1.00000E+00  1.00000E+00  6.00549E-05
 1.73711E-01  2.73711E-01  7.00796E-01  1.00000E+00  1.00000E+00  6.00549E-05
 1.73711E-01  3.07044E-01  5.76283E-01  1.00000E+00  1.00000E+00  6.00549E-05
 1.73711E-01  3.40377E-01  4.53229E-01  1.00000E+00  1.00000E+00  6.00549E-05
 1.73711E-01  3.73711E-01  3.40878E-01  1.00000E+00  1.00000E+00  6.00549E-05
 1.73711E-01  4.07044E-01  2.45141E-01  1.00000E+00  1.00000E+00  6.00549E-05
 1.73711E-01  4.40377E-01  1.68527E-01  1.00000E+00  1.00000E+00  6.00549E-05
 1.73711E-01  4.73711E-01  1.10773E-01  1.00000E+00  1.00000E+00  6.00549E-05
 1.73711E-01  5.07044E-01  6.96803E-02  1.00000E+00  1.00000E+00  6.00549E-05
 1.73711E-01  5.40377E-01  4.18050E-02  1.00000E+00  1.00000E+00  6.00549E-05
 1.73711E-01  5.73711E-01  2.35006E-02  1.00000E+00  1.00000E+00  6.00549E-05
 1.73711E-01  6.07044E-01  1.24699E-02  1.00000E+00  1.00000E+00  6.00549E-05
 1.73711E-01  6.40377E-01  8.31723E-03  1.00000E+00  1.00000E+00  6.00549E-05
 1.73711E-01  6.73711E-01  1.12070E-02  1.00000E+00  1.00000E+00  6.00549E-05
 1.73711E-01  7.07044E-01  2.08559E-02  1.00000E+00  1.00000E+00  6.00549E-05
 1.73711E-01  7.40377E-01  3.75288E-02  1.00000E+00  1.00000E+00  6.00549E-05
 1.73711E-01  7.73711E-01  6.32673E-02  1.00000E+00  1.00000E+00  6.00549E-05
 1.73711E-01  8.07044E-01  1.01525E-01  1.00000E+00  1.00000E+00  6.00549E-05
 1.73711E-01  8.40377E-01  1.55817E-01  1.00000E+00  1.00000E+00  6.00549E-05
 1.73711E-01  8.73711E-01  2.28659E-01  1.00000E+00  1.00000E+00  6.00549E-05
 1.73711E-01  9.07044E-01  3.20782E-01  1.00000E+00  1.00000E+00  6.00549E-05
 1.73711E-01  9.40377E-01  4.30279E-01  1.00000E+00  1.00000E+00  6.00549E-05
 1.73711E-01  9.73711E-01  5.51908E-01  1.00000E+00  1.00000E+00  6.00549E-05
 2.07044E-01  7.04416E-03  6.36151E-01  1.00000E+00  1.00000E+00  6.00549E-05
 2.07044E-01  4.03775E-02  7.46365E-01  1.00000E+00  1.00000E+00  6.00549E-05
 2.07044E-01  7.37108E-02  8.37581E-01  1.00000E+00  1.00000E+00  6.00549E-05
 2.07044E-01  1.07044E-01  8.99103E-01  1.00000E+00  1.00000E+00  6.00549E-05
 2.07044E-01  1.40377E-01  9.23238E-01  1.00000E+00  1.00000E+00  6.00549E-05
 2.07044E-01  1.73711E-01  9.06870E-01  1.00000E+00  1.00000E+00  6.00549E-05
 2.07044E-01  2.07044E-01  8.52124E-01  1.00000E+00  1.00000E+00  6.00549E-05
 2.07044E-01  2.40377E-01  7.65908E-01  1.00000E+00  1.00000E+00  6.00549E-05
 2.07044E-01  2.73711E-01  6.58490E-01  1.00000E+00  1.00000E+00  6.00549E-05
 2.07044E-01  3.07044E-01  5.41493E-01  1.00000E+00  1.00000E+00  6.00549E-05
 2.07044E-01  3.40377E-01  4.25868E-01  1.00000E+00  1.00000E+00  6.00549E-05
 2.07044E-01  3.73711E-01  3.20300E-01  1.00000E+00  1.00000E+00  6.00549E-05
 2.07044E-01  4.07044E-01  2.30342E-01  1.00000E+00  1.00000E+00  6.00549E-05
 2.07044E-01  4.40377E-01  1.58353E-01  1.00000E+00  1.00000E+00  6.00549E-05
 2.07044E-01  4.73711E-01  1.04086E-01  1.00000E+00  1.00000E+00  6.00549E-05
 2.07044E-01  5.07044E-01  6.54743E-02  1.00000E+00  1.00000E+00  6.00549E-05
 2.07044E-01  5.40377E-01  3.92823E-02  1.00000E+00  1.00000E+00  6.00549E-05
 2.07044E-01  5.73711E-01  2.20825E-02  1.00000E+00  1.00000E+00  6.00549E-05
 2.07044E-01  6.07044E-01  1.17168E-02  1.00000E+00  1.00000E+00  6.00549E-05
 2.07044E-01  6.40377E-01  7.81507E-03  1.00000E+00  1.00000E+00  6.00549E-05
 2.07044E-01  6.73711E-01  1.05313E-02  1.00000E+00  1.00000E+00  6.00549E-05
 2.07044E-01  7.07044E-01  1.95976E-02  1.00000E+00  1.00000E+00  6.00549E-05
 2.07044E-01  7.40377E-01  3.52636E-02  1.00000E+00  1.00000E+00  6.00549E-05
 2.07044E-01  7.73711E-01  5.94482E-02  1.00000E+00  1.00000E+00  6.00549E-05
 2.07044E-01  8.07044E-01  9.53961E-02  1.00000E+00  1.00000E+00  6.00549E-05
 2.07044E-01  8.40377E-01  1.46411E-01  1.00000E+00  1.00000E+00  6.00549E-05
 2.07044E-01  8.73711E-01  2.14855E-01  1.00000E+00  1.00000E+00  6.00549E-05
 2.07044E-01  9.07044E-01  3.01417E-01  1.00000E+00  1.00000E+00  6.00549E-05
 2.07044E-01  9.40377E-01  4.04304E-01  1.00000E+00  1.00000E+00  6.00549E-05
 2.07044E-01  9.73711E-01  5.18591E-01  1.00000E+00  1.00000E+00  6.00549E-05
 2.40377E-01  7.04416E-03  5.71787E-01  1.00000E+00  1.00000E+00  6.00549E-05
 2.40377E-01  4.03775E-02  6.70849E-01  1.00000E+00  1.00000E+00  6.00549E-05
 2.40377E-01  7.37108E-02  7.52837E-01  1.00000E+00  1.00000E+00  6.00549E-05
 2.40377E-01  1.07044E-01  8.08134E-01  1.00000E+00  1.00000E+00  6.00549E-05
 2.40377E-01  1.40377E-01  8.29827E-01  1.00000E+00  1.00000E+00  6.00549E-05
 2.40377E-01  1.73711E-01  8.15115E-01  1.00000E+00  1.00000E+00  6.00549E-05
 2.40377E-01  2.07044E-01  7.65908E-01  1.00000E+00  1.00000E+00  6.00549E-05
 2.40377E-01  2.40377E-01  6.88416E-01  1.00000E+00  1.00000E+00  6.00549E-05
 2.40377E-01  2.73711E-01  5.91866E-01  1.00000E+00  1.00000E+00  6.00549E-05
 2.40377E-01  3.07044E-01  4.86707E-01  1.00000E+00  1.00000E+00  6.00549E-05
 2.40377E-01  3.40377E-01  3.82780E-01  1.00000E+00  1.00000E+00  6.00549E-05
 2.40377E-01  3.73711E-01  2.87893E-01  1.00000E+00  1.00000E+00  6.00549E-05
 2.40377E-01  4.07044E-01  2.07037E-01  1.00000E+00  1.00000E+00  6.00549E-05
 2.40377E-01  4.40377E-01  1.42332E-01  1.00000E+00  1.00000E+00  6.00549E-05
 2.40377E-01  4.73711E-01  9.35551E-02  1.00000E+00  1.00000E+00  6.00549E-05
 2.40377E-01  5.07044E-01  5.88506E-02  1.00000E+00  1.00000E+00  6.00549E-05
 2.40377E-01  5.40377E-01  3.53093E-02  1.00000E+00  1.00000E+00  6.00549E-05
 2.40377E-01  5.73711E-01  1.98491E-02  1.00000E+00  1.00000E+00  6.00549E-05
 2.40377E-01  6.07044E-01  1.05307E-02  1.00000E+00  1.00000E+00  6.00549E-05
 2.40377E-01  6.40377E-01  7.02427E-03  1.00000E+00  1.00000E+00  6.00549E-05
 2.40377E-01  6.73711E-01  9.46713E-03  1.00000E+00  1.00000E+00  6.00549E-05
 2.40377E-01  7.07044E-01  1.76159E-02  1.00000E+00  1.00000E+00  6.00549E-05
 2.40377E-01  7.40377E-01  3.16961E-02  1.00000E+00  1.00000E+00  6.00549E-05
 2.40377E-01  7.73711E-01  5.34337E-02  1.00000E+00  1.00000E+00  6.00549E-05
 2.40377E-01  8.07044E-01  8.57446E-02  1.00000E+00  1.00000E+00  6.00549E-05
 2.40377E-01  8.40377E-01  1.31598E-01  1.00000E+00  1.00000E+00  6.00549E-05
 2.40377E-01  8.73711E-01  1.93117E-01  1.00000E+00  1.00000E+00  6.00549E-05
 2.40377E-01  9.07044E-01  2.70921E-01  1.00000E+00  1.00000E+00  6.00549E-05
 2.40377E-01  9.40377E-01  3.63398E-01  1.00000E+00  1.00000E+00  6.00549E-05
 2.40377E-01  9.73711E-01  4.66121E-01  1.00000E+00  1.00000E+00  6.00549E-05
 2.73711E-01  7.04416E-03  4.91594E-01  1.00000E+00  1.00000E+00  6.00549E-05
 2.73711E-01  4.03775E-02  5.76763E-01  1.00000E+00  1.00000E+00  6.00549E-05
 2.73711E-01  7.37108E-02  6.47252E-01  1.00000E+00  1.00000E+00  6.00549E-05
 2.73711E-01  1.07044E-01  6.94794E-01  1.00000E+00  1.00000E+00  6.00549E-05
 2.73711E-01  1.40377E-01  7.13444E-01  1.00000E+00  1.00000E+00  6.00549E-05
 2.73711E-01  1.73711E-01  7.00796E-01  1.00000E+00  1.00000E+00  6.00549E-05
 2.73711E-01  2.07044E-01  6.58490E-01  1.00000E+00  1.00000E+00  6.00549E-05
 2.73711E-01  2.40377E-01  5.91866E-01  1.00000E+00  1.00000E+00  6.00549E-05
 2.73711E-01  2.73711E-01  5.08857E-01  1.00000E+00  1.00000E+00  6.00549E-05
 2.73711E-01  3.07044E-01  4.18447E-01  1.00000E+00  1.00000E+00  6.00549E-05
 2.73711E-01  3.40377E-01  3.29096E-01  1.00000E+00  1.00000E+00  6.00549E-05
 2.73711E-01  3.73711E-01  2.47517E-01  1.00000E+00  1.00000E+00  6.00549E-05
 2.73711E-01  4.07044E-01  1.78001E-01  1.00000E+00  1.00000E+00  6.00549E-05
 2.73711E-01  4.40377E-01  1.22370E-01  1.00000E+00  1.00000E+00  6.00549E-05
 2.73711E-01  4.73711E-01  8.04344E-02  1.00000E+00  1.00000E+00  6.00549E-05
 2.73711E-01  5.07044E-01  5.05980E-02  1.00000E+00  1.00000E+00  6.00549E-05
 2.73711E-01  5.40377E-01  3.03593E-02  1.00000E+00  1.00000E+00  6.00549E-05
 2.73711E-01  5.73711E-01  1.70664E-02  1.00000E+00  1.00000E+00  6.00549E-05
 2.73711E-01  6.07044E-01  9.05302E-03  1.00000E+00  1.00000E+00  6.00549E-05
 2.73711E-01  6.40377E-01  6.03902E-03  1.00000E+00  1.00000E+00  6.00549E-05
 2.73711E-01  6.73711E-01  8.14113E-03  1.00000E+00  1.00000E+00  6.00549E-05
 2.73711E-01  7.07044E-01  1.51469E-02  1.00000E+00  1.00000E+00  6.00549E-05
 2.73711E-01  7.40377E-01  2.72514E-02  1.00000E+00  1.00000E+00  6.00549E-05
 2.73711E-01  7.73711E-01  4.59401E-02  1.00000E+00  1.00000E+00  6.00549E-05
 2.73711E-01  8.07044E-01  7.37196E-02  1.00000E+00  1.00000E+00  6.00549E-05
 2.73711E-01  8.40377E-01  1.13142E-01  1.00000E+00  1.00000E+00  6.00549E-05
 2.73711E-01  8.73711E-01  1.66033E-01  1.00000E+00  1.00000E+00  6.00549E-05
 2.73711E-01  9.07044E-01  2.32925E-01  1.00000E+00  1.00000E+00  6.00549E-05
 2.73711E-01  9.40377E-01  3.12432E-01  1.00000E+00  1.00000E+00  6.00549E-05
 2.73711E-01  9.73711E-01  4.00748E-01  1.00000E+00  1.00000E+00  6.00549E-05
 3.07044E-01  7.04416E-03  4.04251E-01  1.00000E+00  1.00000E+00  6.00549E-05
 3.07044E-01  4.03775E-02  4.74287E-01  1.00000E+00  1.00000E+00  6.00549E-05
 3.07044E-01  7.37108E-02  5.32252E-01  1.00000E+00  1.00000E+00  6.00549E-05
 3.07044E-01  1.07044E-01  5.71347E-01  1.00000E+00  1.00000E+00  6.00549E-05
 3.07044E-01  1.40377E-01  5.86683E-01  1.00000E+00  1.00000E+00  6.00549E-05
 3.07044E-01  1.73711E-01  5.76283E-01  1.00000E+00  1.00000E+00  6.00549E-05
 3.07044E-01  2.07044E-01  5.41493E-01  1.00000E+00  1.00000E+00  6.00549E-05
 3.07044E-01  2.40377E-01  4.86707E-01  1.00000E+00  1.00000E+00  6.00549E-05
 3.07044E-01  2.73711E-01  4.18447E-01  1.00000E+00  1.00000E+00  6.00549E-05
 3.07044E-01  3.07044E-01  3.44100E-01  1.00000E+00  1.00000E+00  6.00549E-05
 3.07044E-01  3.40377E-01  2.70625E-01  1.00000E+00  1.00000E+00  6.00549E-05
 3.07044E-01  3.73711E-01  2.03540E-01  1.00000E+00  1.00000E+00  6.00549E-05
 3.07044E-01  4.07044E-01  1.46376E-01  1.00000E+00  1.00000E+00  6.00549E-05
 3.07044E-01  4.40377E-01  1.00629E-01  1.00000E+00  1.00000E+00  6.00549E-05
 3.07044E-01  4.73711E-01  6.61437E-02  1.00000E+00  1.00000E+00  6.00549E-05
 3.07044E-01  5.07044E-01  4.16093E-02  1.00000E+00  1.00000E+00  6.00549E-05
 3.07044E-01  5.40377E-01  2.49676E-02  1.00000E+00  1.00000E+00  6.00549E-05
 3.07044E-01  5.73711E-01  1.40355E-02  1.00000E+00  1.00000E+00  6.00549E-05
 3.07044E-01  6.07044E-01  7.44367E-03  1.00000E+00  1.00000E+00  6.00549E-05
 3.07044E-01  6.40377E-01  4.96594E-03  1.00000E+00  1.00000E+00  6.00549E-05
 3.07044E-01  6.73711E-01  6.69668E-03  1.00000E+00  1.00000E+00  6.00549E-05
 3.07044E-01  7.07044E-01  1.24575E-02  1.00000E+00  1.00000E+00  6.00549E-05
 3.07044E-01  7.40377E-01  2.24102E-02  1.00000E+00  1.00000E+00  6.00549E-05
 3.07044E-01  7.73711E-01  3.77783E-02  1.00000E+00  1.00000E+00  6.00549E-05
 3.07044E-01  8.07044E-01  6.06223E-02  1.00000E+00  1.00000E+00  6.00549E-05
 3.07044E-01  8.40377E-01  9.30404E-02  1.00000E+00  1.00000E+00  6.00549E-05
 3.07044E-01  8.73711E-01  1.36534E-01  1.00000E+00  1.00000E+00  6.00549E-05
 3.07044E-01  9.07044E-01  1.91541E-01  1.00000E+00  1.00000E+00  6.00549E-05
 3.07044E-01  9.40377E-01  2.56921E-01  1.00000E+00  1.00000E+00  6.00549E-05
 3.07044E-01  9.73711E-01  3.29546E-01  1.00000E+00  1.00000E+00  6.00549E-05
 3.40377E-01  7.04416E-03  3.17931E-01  1.00000E+00  1.00000E+00  6.00549E-05
 3.40377E-01  4.03775E-02  3.73013E-01  1.00000E+00  1.00000E+00  6.00549E-05
 3.40377E-01  7.37108E-02  4.18600E-01  1.00000E+00  1.00000E+00  6.00549E-05
 3.40377E-01  1.07044E-01  4.49347E-01  1.00000E+00  1.00000E+00  6.00549E-05
 3.40377E-01  1.40377E-01  4.61409E-01  1.00000E+00  1.00000E+00  6.00549E-05
 3.40377E-01  1.73711E-01  4.53229E-01  1.00000E+00  1.00000E+00  6.00549E-05
 3.40377E-01  2.07044E-01  4.25868E-01  1.00000E+00  1.00000E+00  6.00549E-05
 3.40377E-01  2.40377E-01  3.82780E-01  1.00000E+00  1.00000E+00  6.00549E-05
 3.40377E-01  2.73711E-01  3.29096E-01  1.00000E+00  1.00000E+00  6.00549E-05
 3.40377E-01  3.07044E-01  2.70625E-01  1.00000E+00  1.00000E+00  6.00549E-05
 3.40377E-01  3.40377E-01  2.12839E-01  1.00000E+00  1.00000E+00  6.00549E-05
 3.40377E-01  3.73711E-01  1.60079E-01  1.00000E+00  1.00000E+00  6.00549E-05
 3.40377E-01  4.07044E-01  1.15121E-01  1.00000E+00  1.00000E+00  6.00549E-05
 3.40377E-01  4.40377E-01  7.91421E-02  1.00000E+00  1.00000E+00  6.00549E-05
 3.40377E-01  4.73711E-01  5.20205E-02  1.00000E+00  1.00000E+00  6.00549E-05
 3.40377E-01  5.07044E-01  3.27258E-02  1.00000E+00  1.00000E+00  6.00549E-05
 3.40377E-01  5.40377E-01  1.96388E-02  1.00000E+00  1.00000E+00  6.00549E-05
 3.40377E-01  5.73711E-01  1.10399E-02  1.00000E+00  1.00000E+00  6.00549E-05
 3.40377E-01  6.07044E-01  5.85331E-03  1.00000E+00  1.00000E+00  6.00549E-05
 3.40377E-01  6.40377E-01  3.90547E-03  1.00000E+00  1.00000E+00  6.00549E-05
 3.40377E-01  6.73711E-01  5.26887E-03  1.00000E+00  1.00000E+00  6.00549E-05
 3.40377E-01  7.07044E-01  9.79931E-03  1.00000E+00  1.00000E+00  6.00549E-05
 3.40377E-01  7.40377E-01  1.76257E-02  1.00000E+00  1.00000E+00  6.00549E-05
 3.40377E-01  7.73711E-01  2.97121E-02  1.00000E+00  1.00000E+00  6.00549E-05
 3.40377E-01  8.07044E-01  4.76785E-02  1.00000E+00  1.00000E+00  6.00549E-05
 3.40377E-01  8.40377E-01  7.31743E-02  1.00000E+00  1.00000E+00  6.00549E-05
 3.40377E-01  8.73711E-01  1.07381E-01  1.00000E+00  1.00000E+00  6.00549E-05
 3.40377E-01  9.07044E-01  1.50642E-01  1.00000E+00  1.00000E+00  6.00549E-05
 3.40377E-01  9.40377E-01  2.02061E-01  1.00000E+00  1.00000E+00  6.00549E-05
 3.40377E-01  9.73711E-01  2.59178E-01  1.00000E+00  1.00000E+00  6.00549E-05
 3.73711E-01  7.04416E-03  2.39120E-01  1.00000E+00  1.00000E+00  6.00549E-05
 3.73711E-01  4.03775E-02  2.80547E-01  1.00000E+00  1.00000E+00  6.00549E-05
 3.73711E-01  7.37108E-02  3.14833E-01  1.00000E+00  1.00000E+00  6.00549E-05
 3.73711E-01  1.07044E-01  3.37958E-01  1.00000E+00  1.00000E+00  6.00549E-05
 3.73711E-01  1.40377E-01  3.47030E-01  1.00000E+00  1.00000E+00  6.00549E-05
 3.73711E-01  1.73711E-01  3.40878E-01  1.00000E+00  1.00000E+00  6.00549E-05
 3.73711E-01  2.07044E-01  3.20300E-01  1.00000E+00  1.00000E+00  6.00549E-05
 3.73711E-01  2.40377E-01  2.87893E-01  1.00000E+00  1.00000E+00  6.00549E-05
 3.73711E-01  2.73711E-01  2.47517E-01  1.00000E+00  1.00000E+00  6.00549E-05
 3.73711E-01  3.07044E-01  2.03540E-01  1.00000E+00  1.00000E+00  6.00549E-05
 3.73711E-01  3.40377E-01  1.60079E-01  1.00000E+00  1.00000E+00  6.00549E-05
 3.73711E-01  3.73711E-01  1.20398E-01  1.00000E+00  1.00000E+00  6.00549E-05
 3.73711E-01  4.07044E-01  8.65848E-02  1.00000E+00  1.00000E+00  6.00549E-05
 3.73711E-01  4.40377E-01  5.95245E-02  1.00000E+00  1.00000E+00  6.00549E-05
 3.73711E-01  4.73711E-01  3.91258E-02  1.00000E+00  1.00000E+00  6.00549E-05
 3.73711E-01  5.07044E-01  2.46150E-02  1.00000E+00  1.00000E+00  6.00549E-05
 3.73711E-01  5.40377E-01  1.47732E-02  1.00000E+00  1.00000E+00  6.00549E-05
 3.73711E-01  5.73711E-01  8.30478E-03  1.00000E+00  1.00000E+00  6.00549E-05
 3.73711E-01  6.07044E-01  4.40157E-03  1.00000E+00  1.00000E+00  6.00549E-05
 3.73711E-01  6.40377E-01  2.93739E-03  1.00000E+00  1.00000E+00  6.00549E-05
 3.73711E-01  6.73711E-01  3.96504E-03  1.00000E+00  1.00000E+00  6.00549E-05
 3.73711E-01  7.07044E-01  7.37222E-03  1.00000E+00  1.00000E+00  6.00549E-05
 3.73711E-01  7.40377E-01  1.32574E-02  1.00000E+00  1.00000E+00  6.00549E-05
 3.73711E-01  7.73711E-01  2.23476E-02  1.00000E+00  1.00000E+00  6.00549E-05
 3.73711E-01  8.07044E-01  3.58606E-02  1.00000E+00  1.00000E+00  6.00549E-05
 3.73711E-01  8.40377E-01  5.50362E-02  1.00000E+00  1.00000E+00  6.00549E-05
 3.73711E-01  8.73711E-01  8.07630E-02  1.00000E+00  1.00000E+00  6.00549E-05
 3.73711E-01  9.07044E-01  1.13300E-01  1.00000E+00  1.00000E+00  6.00549E-05
 3.73711E-01  9.40377E-01  1.51973E-01  1.00000E+00  1.00000E+00  6.00549E-05
 3.73711E-01  9.73711E-01  1.94931E-01  1.00000E+00  1.00000E+00  6.00549E-05
 4.07044E-01  7.04416E-03  1.71962E-01  1.00000E+00  1.00000E+00  6.00549E-05
 4.07044E-01  4.03775E-02  2.01754E-01  1.00000E+00  1.00000E+00  6.00549E-05
 4.07044E-01  7.37108E-02  2.26411E-01  1.00000E+00  1.00000E+00  6.00549E-05
 4.07044E-01  1.07044E-01  2.43041E-01  1.00000E+00  1.00000E+00  6.00549E-05
 4.07044E-01  1.40377E-01  2.49565E-01  1.00000E+00  1.00000E+00  6.00549E-05
 4.07044E-01  1.73711E-01  2.45141E-01  1.00000E+00  1.00000E+00  6.00549E-05
 4.07044E-01  2.07044E-01  2.30342E-01  1.00000E+00  1.00000E+00  6.00549E-05
 4.07044E-01  2.40377E-01  2.07037E-01  1.00000E+00  1.00000E+00  6.00549E-05
 4.07044E-01  2.73711E-01  1.78001E-01  1.00000E+00  1.00000E+00  6.00549E-05
 4.07044E-01  3.07044E-01  1.46376E-01  1.00000E+00  1.00000E+00  6.00549E-05
 4.07044E-01  3.40377E-01  1.15121E-01  1.00000E+00  1.00000E+00  6.00549E-05
 4.07044E-01  3.73711E-01  8.65848E-02  1.00000E+00  1.00000E+00  6.00549E-05
 4.07044E-01  4.07044E-01  6.22684E-02  1.00000E+00  1.00000E+00  6.00549E-05
 4.07044E-01  4.40377E-01  4.28079E-02  1.00000E+00  1.00000E+00  6.00549E-05
 4.07044E-01  4.73711E-01  2.81380E-02  1.00000E+00  1.00000E+00  6.00549E-05
 4.07044E-01  5.07044E-01  1.77034E-02  1.00000E+00  1.00000E+00  6.00549E-05
 4.07044E-01  5.40377E-01  1.06268E-02  1.00000E+00  1.00000E+00  6.00549E-05
 4.07044E-01  5.73711E-01  5.97390E-03  1.00000E+00  1.00000E+00  6.00549E-05
 4.07044E-01  6.07044E-01  3.16473E-03  1.00000E+00  1.00000E+00  6.00549E-05
 4.07044E-01  6.40377E-01  2.11255E-03  1.00000E+00  1.00000E+00  6.00549E-05
 4.07044E-01  6.73711E-01  2.85366E-03  1.00000E+00  1.00000E+00  6.00549E-05
 4.07044E-01  7.07044E-01  5.30371E-03  1.00000E+00  1.00000E+00  6.00549E-05
 4.07044E-01  7.40377E-01  9.53502E-03  1.00000E+00  1.00000E+00  6.00549E-05
 4.07044E-01  7.73711E-01  1.60721E-02  1.00000E+00  1.00000E+00  6.00549E-05
 4.07044E-01  8.07044E-01  2.57901E-02  1.00000E+00  1.00000E+00  6.00549E-05
 4.07044E-01  8.40377E-01  3.95803E-02  1.00000E+00  1.00000E+00  6.00549E-05
 4.07044E-01  8.73711E-01  5.80815E-02  1.00000E+00  1.00000E+00  6.00549E-05
 4.07044E-01  9.07044E-01  8.14802E-02  1.00000E+00  1.00000E+00  6.00549E-05
 4.07044E-01  9.40377E-01  1.09292E-01  1.00000E+00  1.00000E+00  6.00549E-05
 4.07044E-01  9.73711E-01  1.40184E-01  1.00000E+00  1.00000E+00  6.00549E-05
 4.40377E-01  7.04416E-03  1.18219E-01  1.00000E+00  1.00000E+00  6.00549E-05
 4.40377E-01  4.03775E-02  1.38700E-01  1.00000E+00  1.00000E+00  6.00549E-05
 4.40377E-01  7.37108E-02  1.55650E-01  1.00000E+00  1.00000E+00  6.00549E-05
 4.40377E-01  1.07044E-01  1.67083E-01  1.00000E+00  1.00000E+00  6.00549E-05
 4.40377E-01  1.40377E-01  1.71568E-01  1.00000E+00  1.00000E+00  6.00549E-05
 4.40377E-01  1.73711E-01  1.68527E-01  1.00000E+00  1.00000E+00  6.00549E-05
 4.40377E-01  2.07044E-01  1.58353E-01  1.00000E+00  1.00000E+00  6.00549E-05
 4.40377E-01  2.40377E-01  1.42332E-01  1.00000E+00  1.00000E+00  6.00549E-05
 4.40377E-01  2.73711E-01  1.22370E-01  1.00000E+00  1.00000E+00  6.00549E-05
 4.40377E-01  3.07044E-01  1.00629E-01  1.00000E+00  1.00000E+00  6.00549E-05
 4.40377E-01  3.40377E-01  7.91421E-02  1.00000E+00  1.00000E+00  6.00549E-05
 4.40377E-01  3.73711E-01  5.95245E-02  1.00000E+00  1.00000E+00  6.00549E-05
 4.40377E-01  4.07044E-01  4.28079E-02  1.00000E+00  1.00000E+00  6.00549E-05
 4.40377E-01  4.40377E-01  2.94292E-02  1.00000E+00  1.00000E+00  6.00549E-05
 4.40377E-01  4.73711E-01  1.93439E-02  1.00000E+00  1.00000E+00  6.00549E-05
 4.40377E-01  5.07044E-01  1.21713E-02  1.00000E+00  1.00000E+00  6.00549E-05
 4.40377E-01  5.40377E-01  7.30745E-03  1.00000E+00  1.00000E+00  6.00549E-05
 4.40377E-01  5.73711E-01  4.10779E-03  1.00000E+00  1.00000E+00  6.00549E-05
 4.40377E-01  6.07044E-01  2.17472E-03  1.00000E+00  1.00000E+00  6.00549E-05
 4.40377E-01  6.40377E-01  1.45216E-03  1.00000E+00  1.00000E+00  6.00549E-05
 4.40377E-01  6.73711E-01  1.96345E-03  1.00000E+00  1.00000E+00  6.00549E-05
 4.40377E-01  7.07044E-01  3.64750E-03  1.00000E+00  1.00000E+00  6.00549E-05
 4.40377E-01  7.40377E-01  6.55537E-03  1.00000E+00  1.00000E+00  6.00549E-05
 4.40377E-01  7.73711E-01  1.10492E-02  1.00000E+00  1.00000E+00  6.00549E-05
 4.40377E-01  8.07044E-01  1.77302E-02  1.00000E+00  1.00000E+00  6.00549E-05
 4.40377E-01  8.40377E-01  2.72105E-02  1.00000E+00  1.00000E+00  6.00549E-05
 4.40377E-01  8.73711E-01  3.99293E-02  1.00000E+00  1.00000E+00  6.00549E-05
 4.40377E-01  9.07044E-01  5.60151E-02  1.00000E+00  1.00000E+00  6.00549E-05
 4.40377E-01  9.40377E-01  7.51345E-02  1.00000E+00  1.00000E+00  6.00549E-05
 4.40377E-01  9.73711E-01  9.63723E-02  1.00000E+00  1.00000E+00  6.00549E-05
 4.73711E-01  7.04416E-03  7.77054E-02  1.00000E+00  1.00000E+00  6.00549E-05
 4.73711E-01  4.03775E-02  9.11676E-02  1.00000E+00  1.00000E+00  6.00549E-05
 4.73711E-01  7.37108E-02  1.02309E-01  1.00000E+00  1.00000E+00  6.00549E-05
 4.73711E-01  1.07044E-01  1.09824E-01  1.00000E+00  1.00000E+00  6.00549E-05
 4.73711E-01  1.40377E-01  1.12772E-01  1.00000E+00  1.00000E+00  6.00549E-05
 4.73711E-01  1.73711E-01  1.10773E-01  1.00000E+00  1.00000E+00  6.00549E-05
 4.73711E-01  2.07044E-01  1.04086E-01  1.00000E+00  1.00000E+00  6.00549E-05
 4.73711E-01  2.40377E-01  9.35551E-02  1.00000E+00  1.00000E+00  6.00549E-05
 4.73711E-01  2.73711E-01  8.04344E-02  1.00000E+00  1.00000E+00  6.00549E-05
 4.73711E-01  3.07044E-01  6.61437E-02  1.00000E+00  1.00000E+00  6.00549E-05
 4.73711E-01  3.40377E-01  5.20205E-02  1.00000E+00  1.00000E+00  6.00549E-05
 4.73711E-01  3.73711E-01  3.91258E-02  1.00000E+00  1.00000E+00  6.00549E-05
 4.73711E-01  4.07044E-01  2.81380E-02  1.00000E+00  1.00000E+00  6.00549E-05
 4.73711E-01  4.40377E-01  1.93439E-02  1.00000E+00  1.00000E+00  6.00549E-05
 4.73711E-01  4.73711E-01  1.27147E-02  1.00000E+00  1.00000E+00  6.00549E-05
 4.73711E-01  5.07044E-01  8.00090E-03  1.00000E+00  1.00000E+00  6.00549E-05
 4.73711E-01  5.40377E-01  4.80476E-03  1.00000E+00  1.00000E+00  6.00549E-05
 4.73711E-01  5.73711E-01  2.70079E-03  1.00000E+00  1.00000E+00  6.00549E-05
 4.73711E-01  6.07044E-01  1.42861E-03  1.00000E+00  1.00000E+00  6.00549E-05
 4.73711E-01  6.40377E-01  9.54368E-04  1.00000E+00  1.00000E+00  6.00549E-05
 4.73711E-01  6.73711E-01  1.29194E-03  1.00000E+00  1.00000E+00  6.00549E-05
 4.73711E-01  7.07044E-01  2.39862E-03  1.00000E+00  1.00000E+00  6.00549E-05
 4.73711E-01  7.40377E-01  4.30910E-03  1.00000E+00  1.00000E+00  6.00549E-05
 4.73711E-01  7.73711E-01  7.26274E-03  1.00000E+00  1.00000E+00  6.00549E-05
 4.73711E-01  8.07044E-01  1.16544E-02  1.00000E+00  1.00000E+00  6.00549E-05
 4.73711E-01  8.40377E-01  1.78857E-02  1.00000E+00  1.00000E+00  6.00549E-05
 4.73711E-01  8.73711E-01  2.62458E-02  1.00000E+00  1.00000E+00  6.00549E-05
 4.73711E-01  9.07044E-01  3.68190E-02  1.00000E+00  1.00000E+00  6.00549E-05
 4.73711E-01  9.40377E-01  4.93862E-02  1.00000E+00  1.00000E+00  6.00549E-05
 4.73711E-01  9.73711E-01  6.33458E-02  1.00000E+00  1.00000E+00  6.00549E-05
 5.07044E-01  7.04416E-03  4.88814E-02  1.00000E+00  1.00000E+00  6.00549E-05
 5.07044E-01  4.03775E-02  5.73489E-02  1.00000E+00  1.00000E+00  6.00549E-05
 5.07044E-01  7.37108E-02  6.43569E-02  1.00000E+00  1.00000E+00  6.00549E-05
 5.07044E-01  1.07044E-01  6.90835E-02  1.00000E+00  1.00000E+00  6.00549E-05
 5.07044E-01  1.40377E-01  7.09377E-02  1.00000E+00  1.00000E+00  6.00549E-05
 5.07044E-01  1.73711E-01  6.96803E-02  1.00000E+00  1.00000E+00  6.00549E-05
 5.07044E-01  2.07044E-01  6.54743E-02  1.00000E+00  1.00000E+00  6.00549E-05
 5.07044E-01  2.40377E-01  5.88506E-02  1.00000E+00  1.00000E+00  6.00549E-05
 5.07044E-01  2.73711E-01  5.05980E-02  1.00000E+00  1.00000E+00  6.00549E-05
 5.07044E-01  3.07044E-01  4.16093E-02  1.00000E+00  1.00000E+00  6.00549E-05
 5.07044E-01  3.40377E-01  3.27258E-02  1.00000E+00  1.00000E+00  6.00549E-05
 5.07044E-01  3.73711E-01  2.46150E-02  1.00000E+00  1.00000E+00  6.00549E-05
 5.07044E-01  4.07044E-01  1.77034E-02  1.00000E+00  1.00000E+00  6.00549E-05
 5.07044E-01  4.40377E-01  1.21713E-02  1.00000E+00  1.00000E+00  6.00549E-05
 5.07044E-01  4.73711E-01  8.00090E-03  1.00000E+00  1.00000E+00  6.00549E-05
 5.07044E-01  5.07044E-01  5.03595E-03  1.00000E+00  1.00000E+00  6.00549E-05
 5.07044E-01  5.40377E-01  3.02576E-03  1.00000E+00  1.00000E+00  6.00549E-05
 5.07044E-01  5.73711E-01  1.70110E-03  1.00000E+00  1.00000E+00  6.00549E-05
 5.07044E-01  6.07044E-01  8.99169E-04  1.00000E+00  1.00000E+00  6.00549E-05
 5.07044E-01  6.40377E-01  6.01269E-04  1.00000E+00  1.00000E+00  6.00549E-05
 5.07044E-01  6.73711E-01  8.14955E-04  1.00000E+00  1.00000E+00  6.00549E-05
 5.07044E-01  7.07044E-01  1.51125E-03  1.00000E+00  1.00000E+00  6.00549E-05
 5.07044E-01  7.40377E-01  2.71279E-03  1.00000E+00  1.00000E+00  6.00549E-05
 5.07044E-01  7.73711E-01  4.57106E-03  1.00000E+00  1.00000E+00  6.00549E-05
 5.07044E-01  8.07044E-01  7.33408E-03  1.00000E+00  1.00000E+00  6.00549E-05
 5.07044E-01  8.40377E-01  1.12541E-02  1.00000E+00  1.00000E+00  6.00549E-05
 5.07044E-01  8.73711E-01  1.65130E-02  1.00000E+00  1.00000E+00  6.00549E-05
 5.07044E-01  9.07044E-01  2.31638E-02  1.00000E+00  1.00000E+00  6.00549E-05
 5.07044E-01  9.40377E-01  3.10687E-02  1.00000E+00  1.00000E+00  6.00549E-05
 5.07044E-01  9.73711E-01  3.98493E-02  1.00000E+00  1.00000E+00  6.00549E-05
 5.40377E-01  7.04416E-03  2.93296E-02  1.00000E+00  1.00000E+00  6.00549E-05
 5.40377E-01  4.03775E-02  3.44085E-02  1.00000E+00  1.00000E+00  6.00549E-05
 5.40377E-01  7.37108E-02  3.86120E-02  1.00000E+00  1.00000E+00  6.00549E-05
 5.40377E-01  1.07044E-01  4.14470E-02  1.00000E+00  1.00000E+00  6.00549E-05
 5.40377E-01  1.40377E-01  4.25592E-02  1.00000E+00  1.00000E+00  6.00549E-05
 5.40377E-01  1.73711E-01  4.18050E-02  1.00000E+00  1.00000E+00  6.00549E-05
 5.40377E-01  2.07044E-01  3.92823E-02  1.00000E+00  1.00000E+00  6.00549E-05
 5.40377E-01  2.40377E-01  3.53093E-02  1.00000E+00  1.00000E+00  6.00549E-05
 5.40377E-01  2.73711E-01  3.03593E-02  1.00000E+00  1.00000E+00  6.00549E-05
 5.40377E-01  3.07044E-01  2.49676E-02  1.00000E+00  1.00000E+00  6.00549E-05
 5.40377E-01  3.40377E-01  1.96388E-02  1.00000E+00  1.00000E+00  6.00549E-05
 5.40377E-01  3.73711E-01  1.47732E-02  1.00000E+00  1.00000E+00  6.00549E-05
 5.40377E-01  4.07044E-01  1.06268E-02  1.00000E+00  1.00000E+00  6.00549E-05
 5.40377E-01  4.40377E-01  7.30745E-03  1.00000E+00  1.00000E+00  6.00549E-05
 5.40377E-01  4.73711E-01  4.80476E-03  1.00000E+00  1.00000E+00  6.00549E-05
 5.40377E-01  5.07044E-01  3.02576E-03  1.00000E+00  1.00000E+00  6.00549E-05
 5.40377E-01  5.40377E-01  1.81959E-03  1.00000E+00  1.00000E+00  6.00549E-05
 5.40377E-01  5.73711E-01  1.02349E-03  1.00000E+00  1.00000E+00  6.00549E-05
 5.40377E-01  6.07044E-01  5.40723E-04  1.00000E+00  1.00000E+00  6.00549E-05
 5.40377E-01  6.40377E-01  3.62180E-04  1.00000E+00  1.00000E+00  6.00549E-05
 5.40377E-01  6.73711E-01  4.91511E-04  1.00000E+00  1.00000E+00  6.00549E-05
 5.40377E-01  7.07044E-01  9.09698E-04  1.00000E+00  1.00000E+00  6.00549E-05
 5.40377E-01  7.40377E-01  1.63080E-03  1.00000E+00  1.00000E+00  6.00549E-05
 5.40377E-01  7.73711E-01  2.74634E-03  1.00000E+00  1.00000E+00  6.00549E-05
 5.40377E-01  8.07044E-01  4.40481E-03  1.00000E+00  1.00000E+00  6.00549E-05
 5.40377E-01  8.40377E-01  6.75718E-03  1.00000E+00  1.00000E+00  6.00549E-05
 5.40377E-01  8.73711E-01  9.91247E-03  1.00000E+00  1.00000E+00  6.00549E-05
 5.40377E-01  9.07044E-01  1.39026E-02  1.00000E+00  1.00000E+00  6.00549E-05
 5.40377E-01  9.40377E-01  1.86447E-02  1.00000E+00  1.00000E+00  6.00549E-05
 5.40377E-01  9.73711E-01  2.39118E-02  1.00000E+00  1.00000E+00  6.00549E-05
 5.73711E-01  7.04416E-03  1.64875E-02  1.00000E+00  1.00000E+00  6.00549E-05
 5.73711E-01  4.03775E-02  1.93427E-02  1.00000E+00  1.00000E+00  6.00549E-05
 5.73711E-01  7.37108E-02  2.17057E-02  1.00000E+00  1.00000E+00  6.00549E-05
 5.73711E-01  1.07044E-01  2.32994E-02  1.00000E+00  1.00000E+00  6.00549E-05
 5.73711E-01  1.40377E-01  2.39246E-02  1.00000E+00  1.00000E+00  6.00549E-05
 5.73711E-01  1.73711E-01  2.35006E-02  1.00000E+00  1.00000E+00  6.00549E-05
 5.73711E-01  2.07044E-01  2.20825E-02  1.00000E+00  1.00000E+00  6.00549E-05
 5.73711E-01  2.40377E-01  1.98491E-02  1.00000E+00  1.00000E+00  6.00549E-05
 5.73711E-01  2.73711E-01  1.70664E-02  1.00000E+00  1.00000E+00  6.00549E-05
 5.73711E-01  3.07044E-01  1.40355E-02  1.00000E+00  1.00000E+00  6.00549E-05
 5.73711E-01  3.40377E-01  1.10399E-02  1.00000E+00  1.00000E+00  6.00549E-05
 5.73711E-01  3.73711E-01  8.30478E-03  1.00000E+00  1.00000E+00  6.00549E-05
 5.73711E-01  4.07044E-01  5.97390E-03  1.00000E+00  1.00000E+00  6.00549E-05
 5.73711E-01  4.40377E-01  4.10779E-03  1.00000E+00  1.00000E+00  6.00549E-05
 5.73711E-01  4.73711E-01  2.70079E-03  1.00000E+00  1.00000E+00  6.00549E-05
 5.73711E-01  5.07044E-01  1.70110E-03  1.00000E+00  1.00000E+00  6.00549E-05
 5.73711E-01  5.40377E-01  1.02349E-03  1.00000E+00  1.00000E+00  6.00549E-05
 5.73711E-01  5.73711E-01  5.75539E-04  1.00000E+00  1.00000E+00  6.00549E-05
 5.73711E-01  6.07044E-01  3.03499E-04  1.00000E+00  1.00000E+00  6.00549E-05
 5.73711E-01  6.40377E-01  2.03512E-04  1.00000E+00  1.00000E+00  6.00549E-05
 5.73711E-01  6.73711E-01  2.76824E-04  1.00000E+00  1.00000E+00  6.00549E-05
 5.73711E-01  7.07044E-01  5.11753E-04  1.00000E+00  1.00000E+00  6.00549E-05
 5.73711E-01  7.40377E-01  9.16731E-04  1.00000E+00  1.00000E+00  6.00549E-05
 5.73711E-01  7.73711E-01  1.54376E-03  1.00000E+00  1.00000E+00  6.00549E-05
 5.73711E-01  8.07044E-01  2.47613E-03  1.00000E+00  1.00000E+00  6.00549E-05
 5.73711E-01  8.40377E-01  3.79852E-03  1.00000E+00  1.00000E+00  6.00549E-05
 5.73711E-01  8.73711E-01  5.57223E-03  1.00000E+00  1.00000E+00  6.00549E-05
 5.73711E-01  9.07044E-01  7.81525E-03  1.00000E+00  1.00000E+00  6.00549E-05
 5.73711E-01  9.40377E-01  1.04810E-02  1.00000E+00  1.00000E+00  6.00549E-05
 5.73711E-01  9.73711E-01  1.34419E-02  1.00000E+00  1.00000E+00  6.00549E-05
 6.07044E-01  7.04416E-03  8.74558E-03  1.00000E+00  1.00000E+00  6.00549E-05
 6.07044E-01  4.03775E-02  1.02617E-02  1.00000E+00  1.00000E+00  6.00549E-05
 6.07044E-01  7.37108E-02  1.15166E-02  1.00000E+00  1.00000E+00  6.00549E-05
 6.07044E-01  1.07044E-01  1.23630E-02  1.00000E+00  1.00000E+00  6.00549E-05
 6.07044E-01  1.40377E-01  1.26951E-02  1.00000E+00  1.00000E+00  6.00549E-05
 6.07044E-01  1.73711E-01  1.24699E-02  1.00000E+00  1.00000E+00  6.00549E-05
 6.07044E-01  2.07044E-01  1.17168E-02  1.00000E+00  1.00000E+00  6.00549E-05
 6.07044E-01  2.40377E-01  1.05307E-02  1.00000E+00  1.00000E+00  6.00549E-05
 6.07044E-01  2.73711E-01  9.05302E-03  1.00000E+00  1.00000E+00  6.00549E-05
 6.07044E-01  3.07044E-01  7.44367E-03  1.00000E+00  1.00000E+00  6.00549E-05
 6.07044E-01  3.40377E-01  5.85331E-03  1.00000E+00  1.00000E+00  6.00549E-05
 6.07044E-01  3.73711E-01  4.40157E-03  1.00000E+00  1.00000E+00  6.00549E-05
 6.07044E-01  4.07044E-01  3.16473E-03  1.00000E+00  1.00000E+00  6.00549E-05
 6.07044E-01  4.40377E-01  2.17472E-03  1.00000E+00  1.00000E+00  6.00549E-05
 6.07044E-01  4.73711E-01  1.42861E-03  1.00000E+00  1.00000E+00  6.00549E-05
 6.07044E-01  5.07044E-01  8.99169E-04  1.00000E+00  1.00000E+00  6.00549E-05
 6.07044E-01  5.40377E-01  5.40723E-04  1.00000E+00  1.00000E+00  6.00549E-05
 6.07044E-01  5.73711E-01  3.03499E-04  1.00000E+00  1.00000E+00  6.00549E-05
 6.07044E-01  6.07044E-01  1.59397E-04  1.00000E+00  1.00000E+00  6.00549E-05
 6.07044E-01  6.40377E-01  1.06928E-04  1.00000E+00  1.00000E+00  6.00549E-05
 6.07044E-01  6.73711E-01  1.46004E-04  1.00000E+00  1.00000E+00  6.00549E-05
 6.07044E-01  7.07044E-01  2.69935E-04  1.00000E+00  1.00000E+00  6.00549E-05
 6.07044E-01  7.40377E-01  4.83783E-04  1.00000E+00  1.00000E+00  6.00549E-05
 6.07044E-01  7.73711E-01  8.15639E-04  1.00000E+00  1.00000E+00  6.00549E-05
 6.07044E-01  8.07044E-01  1.30967E-03  1.00000E+00  1.00000E+00  6.00549E-05
 6.07044E-01  8.40377E-01  2.01075E-03  1.00000E+00  1.00000E+00  6.00549E-05
 6.07044E-01  8.73711E-01  2.95154E-03  1.00000E+00  1.00000E+00  6.00549E-05
 6.07044E-01  9.07044E-01  4.14172E-03  1.00000E+00  1.00000E+00  6.00549E-05
 6.07044E-01  9.40377E-01  5.55661E-03  1.00000E+00  1.00000E+00  6.00549E-05
 6.07044E-01  9.73711E-01  7.12849E-03  1.00000E+00  1.00000E+00  6.00549E-05
 6.40377E-01  7.04416E-03  5.83402E-03  1.00000E+00  1.00000E+00  6.00549E-05
 6.40377E-01  4.03775E-02  6.84493E-03  1.00000E+00  1.00000E+00  6.00549E-05
 6.40377E-01  7.37108E-02  7.68163E-03  1.00000E+00  1.00000E+00  6.00549E-05
 6.40377E-01  1.07044E-01  8.24596E-03  1.00000E+00  1.00000E+00  6.00549E-05
 6.40377E-01  1.40377E-01  8.46735E-03  1.00000E+00  1.00000E+00  6.00549E-05
 6.40377E-01  1.73711E-01  8.31723E-03  1.00000E+00  1.00000E+00  6.00549E-05
 6.40377E-01  2.07044E-01  7.81507E-03  1.00000E+00  1.00000E+00  6.00549E-05
 6.40377E-01  2.40377E-01  7.02427E-03  1.00000E+00  1.00000E+00  6.00549E-05
 6.40377E-01  2.73711E-01  6.03902E-03  1.00000E+00  1.00000E+00  6.00549E-05
 6.40377E-01  3.07044E-01  4.96594E-03  1.00000E+00  1.00000E+00  6.00549E-05
 6.40377E-01  3.40377E-01  3.90547E-03  1.00000E+00  1.00000E+00  6.00549E-05
 6.40377E-01  3.73711E-01  2.93739E-03  1.00000E+00  1.00000E+00  6.00549E-05
 6.40377E-01  4.07044E-01  2.11255E-03  1.00000E+00  1.00000E+00  6.00549E-05
 6.40377E-01  4.40377E-01  1.45216E-03  1.00000E+00  1.00000E+00  6.00549E-05
 6.40377E-01  4.73711E-01  9.54368E-04  1.00000E+00  1.00000E+00  6.00549E-05
 6.40377E-01  5.07044E-01  6.01269E-04  1.00000E+00  1.00000E+00  6.00549E-05
 6.40377E-01  5.40377E-01  3.62180E-04  1.00000E+00  1.00000E+00  6.00549E-05
 6.40377E-01  5.73711E-01  2.03512E-04  1.00000E+00  1.00000E+00  6.00549E-05
 6.40377E-01  6.07044E-01  1.06928E-04  1.00000E+00  1.00000E+00  6.00549E-05
 6.40377E-01  6.40377E-01  7.20006E-05  1.00000E+00  1.00000E+00  6.00549E-05
 6.40377E-01  6.73711E-01  9.83703E-05  1.00000E+00  1.00000E+00  6.00549E-05
 6.40377E-01  7.07044E-01  1.81170E-04  1.00000E+00  1.00000E+00  6.00549E-05
 6.40377E-01  7.40377E-01  3.23879E-04  1.00000E+00  1.00000E+00  6.00549E-05
 6.40377E-01  7.73711E-01  5.45391E-04  1.00000E+00  1.00000E+00  6.00549E-05
 6.40377E-01  8.07044E-01  8.75091E-04  1.00000E+00  1.00000E+00  6.00549E-05
 6.40377E-01  8.40377E-01  1.34281E-03  1.00000E+00  1.00000E+00  6.00549E-05
 6.40377E-01  8.73711E-01  1.97032E-03  1.00000E+00  1.00000E+00  6.00549E-05
 6.40377E-01  9.07044E-01  2.76407E-03  1.00000E+00  1.00000E+00  6.00549E-05
 6.40377E-01  9.40377E-01  3.70761E-03  1.00000E+00  1.00000E+00  6.00549E-05
 6.40377E-01  9.73711E-01  4.75577E-03  1.00000E+00  1.00000E+00  6.00549E-05
 6.73711E-01  7.04416E-03  7.86521E-03  1.00000E+00  1.00000E+00  6.00549E-05
 6.73711E-01  4.03775E-02  9.22579E-03  1.00000E+00  1.00000E+00  6.00549E-05
 6.73711E-01  7.37108E-02  1.03517E-02  1.00000E+00  1.00000E+00  6.00549E-05
 6.73711E-01  1.07044E-01  1.11111E-02  1.00000E+00  1.00000E+00  6.00549E-05
 6.73711E-01  1.40377E-01  1.14090E-02  1.00000E+00  1.00000E+00  6.00549E-05
 6.73711E-01  1.73711E-01  1.12070E-02  1.00000E+00  1.00000E+00  6.00549E-05
 6.73711E-01  2.07044E-01  1.05313E-02  1.00000E+00  1.00000E+00  6.00549E-05
 6.73711E-01  2.40377E-01  9.46713E-03  1.00000E+00  1.00000E+00  6.00549E-05
 6.73711E-01  2.73711E-01  8.14113E-03  1.00000E+00  1.00000E+00  6.00549E-05
 6.73711E-01  3.07044E-01  6.69668E-03  1.00000E+00  1.00000E+00  6.00549E-05
 6.73711E-01  3.40377E-01  5.26887E-03  1.00000E+00  1.00000E+00  6.00549E-05
 6.73711E-01  3.73711E-01  3.96504E-03  1.00000E+00  1.00000E+00  6.00549E-05
 6.73711E-01  4.07044E-01  2.85366E-03  1.00000E+00  1.00000E+00  6.00549E-05
 6.73711E-01  4.40377E-01  1.96345E-03  1.00000E+00  1.00000E+00  6.00549E-05
 6.73711E-01  4.73711E-01  1.29194E-03  1.00000E+00  1.00000E+00  6.00549E-05
 6.73711E-01  5.07044E-01  8.14955E-04  1.00000E+00  1.00000E+00  6.00549E-05
 6.73711E-01  5.40377E-01  4.91511E-04  1.00000E+00  1.00000E+00  6.00549E-05
 6.73711E-01  5.73711E-01  2.76824E-04  1.00000E+00  1.00000E+00  6.00549E-05
 6.73711E-01  6.07044E-01  1.46004E-04  1.00000E+00  1.00000E+00  6.00549E-05
 6.73711E-01  6.40377E-01  9.83703E-05  1.00000E+00  1.00000E+00  6.00549E-05
 6.73711E-01  6.73711E-01  1.33983E-04  1.00000E+00  1.00000E+00  6.00549E-05
 6.73711E-01  7.07044E-01  2.46443E-04  1.00000E+00  1.00000E+00  6.00549E-05
 6.73711E-01  7.40377E-01  4.39947E-04  1.00000E+00  1.00000E+00  6.00549E-05
 6.73711E-01  7.73711E-01  7.39570E-04  1.00000E+00  1.00000E+00  6.00549E-05
 6.73711E-01  8.07044E-01  1.18485E-03  1.00000E+00  1.00000E+00  6.00549E-05
 6.73711E-01  8.40377E-01  1.81594E-03  1.00000E+00  1.00000E+00  6.00549E-05
 6.73711E-01  8.73711E-01  2.66201E-03  1.00000E+00  1.00000E+00  6.00549E-05
 6.73711E-01  9.07044E-01  3.73158E-03  1.00000E+00  1.00000E+00  6.00549E-05
 6.73711E-01  9.40377E-01  5.00244E-03  1.00000E+00  1.00000E+00  6.00549E-05
 6.73711E-01  9.73711E-01  6.41375E-03  1.00000E+00  1.00000E+00  6.00549E-05
 7.07044E-01  7.04416E-03  1.46332E-02  1.00000E+00  1.00000E+00  6.00549E-05
 7.07044E-01  4.03775E-02  1.71666E-02  1.00000E+00  1.00000E+00  6.00549E-05
 7.07044E-01  7.37108E-02  1.92632E-02  1.00000E+00  1.00000E+00  6.00549E-05
 7.07044E-01  1.07044E-01  2.06773E-02  1.00000E+00  1.00000E+00  6.00549E-05
 7.07044E-01  1.40377E-01  2.12320E-02  1.00000E+00  1.00000E+00  6.00549E-05
 7.07044E-01  1.73711E-01  2.08559E-02  1.00000E+00  1.00000E+00  6.00549E-05
 7.07044E-01  2.07044E-01  1.95976E-02  1.00000E+00  1.00000E+00  6.00549E-05
 7.07044E-01  2.40377E-01  1.76159E-02  1.00000E+00  1.00000E+00  6.00549E-05
 7.07044E-01  2.73711E-01  1.51469E-02  1.00000E+00  1.00000E+00  6.00549E-05
 7.07044E-01  3.07044E-01  1.24575E-02  1.00000E+00  1.00000E+00  6.00549E-05
 7.07044E-01  3.40377E-01  9.79931E-03  1.00000E+00  1.00000E+00  6.00549E-05
 7.07044E-01  3.73711E-01  7.37222E-03  1.00000E+00  1.00000E+00  6.00549E-05
 7.07044E-01  4.07044E-01  5.30371E-03  1.00000E+00  1.00000E+00  6.00549E-05
 7.07044E-01  4.40377E-01  3.64750E-03  1.00000E+00  1.00000E+00  6.00549E-05
 7.07044E-01  4.73711E-01  2.39862E-03  1.00000E+00  1.00000E+00  6.00549E-05
 7.07044E-01  5.07044E-01  1.51125E-03  1.00000E+00  1.00000E+00  6.00549E-05
 7.07044E-01  5.40377E-01  9.09698E-04  1.00000E+00  1.00000E+00  6.00549E-05
 7.07044E-01  5.73711E-01  5.11753E-04  1.00000E+00  1.00000E+00  6.00549E-05
 7.07044E-01  6.07044E-01  2.69935E-04  1.00000E+00  1.00000E+00  6.00549E-05
 7.07044E-01  6.40377E-01  1.81170E-04  1.00000E+00  1.00000E+00  6.00549E-05
 7.07044E-01  6.73711E-01  2.46443E-04  1.00000E+00  1.00000E+00  6.00549E-05
 7.07044E-01  7.07044E-01  4.55137E-04  1.00000E+00  1.00000E+00  6.00549E-05
 7.07044E-01  7.40377E-01  8.14753E-04  1.00000E+00  1.00000E+00  6.00549E-05
 7.07044E-01  7.73711E-01  1.37150E-03  1.00000E+00  1.00000E+00  6.00549E-05
 7.07044E-01  8.07044E-01  2.19923E-03  1.00000E+00  1.00000E+00  6.00549E-05
 7.07044E-01  8.40377E-01  3.37301E-03  1.00000E+00  1.00000E+00  6.00549E-05
 7.07044E-01  8.73711E-01  4.94722E-03  1.00000E+00  1.00000E+00  6.00549E-05
 7.07044E-01  9.07044E-01  6.93778E-03  1.00000E+00  1.00000E+00  6.00549E-05
 7.07044E-01  9.40377E-01  9.30338E-03  1.00000E+00  1.00000E+00  6.00549E-05
 7.07044E-01  9.73711E-01  1.19308E-02  1.00000E+00  1.00000E+00  6.00549E-05
 7.40377E-01  7.04416E-03  2.63268E-02  1.00000E+00  1.00000E+00  6.00549E-05
 7.40377E-01  4.03775E-02  3.08873E-02  1.00000E+00  1.00000E+00  6.00549E-05
 7.40377E-01  7.37108E-02  3.46617E-02  1.00000E+00  1.00000E+00  6.00549E-05
 7.40377E-01  1.07044E-01  3.72074E-02  1.00000E+00  1.00000E+00  6.00549E-05
 7.40377E-01  1.40377E-01  3.82060E-02  1.00000E+00  1.00000E+00  6.00549E-05
 7.40377E-01  1.73711E-01  3.75288E-02  1.00000E+00  1.00000E+00  6.00549E-05
 7.40377E-01  2.07044E-01  3.52636E-02  1.00000E+00  1.00000E+00  6.00549E-05
 7.40377E-01  2.40377E-01  3.16961E-02  1.00000E+00  1.00000E+00  6.00549E-05
 7.40377E-01  2.73711E-01  2.72514E-02  1.00000E+00  1.00000E+00  6.00549E-05
 7.40377E-01  3.07044E-01  2.24102E-02  1.00000E+00  1.00000E+00  6.00549E-05
 7.40377E-01  3.40377E-01  1.76257E-02  1.00000E+00  1.00000E+00  6.00549E-05
 7.40377E-01  3.73711E-01  1.32574E-02  1.00000E+00  1.00000E+00  6.00549E-05
 7.40377E-01  4.07044E-01  9.53502E-03  1.00000E+00  1.00000E+00  6.00549E-05
 7.40377E-01  4.40377E-01  6.55537E-03  1.00000E+00  1.00000E+00  6.00549E-05
 7.40377E-01  4.73711E-01  4.30910E-03  1.00000E+00  1.00000E+00  6.00549E-05
 7.40377E-01  5.07044E-01  2.71279E-03  1.00000E+00  1.00000E+00  6.00549E-05
 7.40377E-01  5.40377E-01  1.63080E-03  1.00000E+00  1.00000E+00  6.00549E-05
 7.40377E-01  5.73711E-01  9.16731E-04  1.00000E+00  1.00000E+00  6.00549E-05
 7.40377E-01  6.07044E-01  4.83783E-04  1.00000E+00  1.00000E+00  6.00549E-05
 7.40377E-01  6.40377E-01  3.23879E-04  1.00000E+00  1.00000E+00  6.00549E-05
 7.40377E-01  6.73711E-01  4.39947E-04  1.00000E+00  1.00000E+00  6.00549E-05
 7.40377E-01  7.07044E-01  8.14753E-04  1.00000E+00  1.00000E+00  6.00549E-05
 7.40377E-01  7.40377E-01  1.46129E-03  1.00000E+00  1.00000E+00  6.00549E-05
 7.40377E-01  7.73711E-01  2.46201E-03  1.00000E+00  1.00000E+00  6.00549E-05
 7.40377E-01  8.07044E-01  3.95022E-03  1.00000E+00  1.00000E+00  6.00549E-05
 7.40377E-01  8.40377E-01  6.06148E-03  1.00000E+00  1.00000E+00  6.00549E-05
 7.40377E-01  8.73711E-01  8.89374E-03  1.00000E+00  1.00000E+00  6.00549E-05
 7.40377E-01  9.07044E-01  1.24757E-02  1.00000E+00  1.00000E+00  6.00549E-05
 7.40377E-01  9.40377E-01  1.67332E-02  1.00000E+00  1.00000E+00  6.00549E-05
 7.40377E-01  9.73711E-01  2.14623E-02  1.00000E+00  1.00000E+00  6.00549E-05
 7.73711E-01  7.04416E-03  4.43814E-02  1.00000E+00  1.00000E+00  6.00549E-05
 7.73711E-01  4.03775E-02  5.20701E-02  1.00000E+00  1.00000E+00  6.00549E-05
 7.73711E-01  7.37108E-02  5.84335E-02  1.00000E+00  1.00000E+00  6.00549E-05
 7.73711E-01  1.07044E-01  6.27254E-02  1.00000E+00  1.00000E+00  6.00549E-05
 7.73711E-01  1.40377E-01  6.44091E-02  1.00000E+00  1.00000E+00  6.00549E-05
 7.73711E-01  1.73711E-01  6.32673E-02  1.00000E+00  1.00000E+00  6.00549E-05
 7.73711E-01  2.07044E-01  5.94482E-02  1.00000E+00  1.00000E+00  6.00549E-05
 7.73711E-01  2.40377E-01  5.34337E-02  1.00000E+00  1.00000E+00  6.00549E-05
 7.73711E-01  2.73711E-01  4.59401E-02  1.00000E+00  1.00000E+00  6.00549E-05
 7.73711E-01  3.07044E-01  3.77783E-02  1.00000E+00  1.00000E+00  6.00549E-05
 7.73711E-01  3.40377E-01  2.97121E-02  1.00000E+00  1.00000E+00  6.00549E-05
 7.73711E-01  3.73711E-01  2.23476E-02  1.00000E+00  1.00000E+00  6.00549E-05
 7.73711E-01  4.07044E-01  1.60721E-02  1.00000E+00  1.00000E+00  6.00549E-05
 7.73711E-01  4.40377E-01  1.10492E-02  1.00000E+00  1.00000E+00  6.00549E-05
 7.73711E-01  4.73711E-01  7.26274E-03  1.00000E+00  1.00000E+00  6.00549E-05
 7.73711E-01  5.07044E-01  4.57106E-03  1.00000E+00  1.00000E+00  6.00549E-05
 7.73711E-01  5.40377E-01  2.74634E-03  1.00000E+00  1.00000E+00  6.00549E-05
 7.73711E-01  5.73711E-01  1.54376E-03  1.00000E+00  1.00000E+00  6.00549E-05
 7.73711E-01  6.07044E-01  8.15639E-04  1.00000E+00  1.00000E+00  6.00549E-05
 7.73711E-01  6.40377E-01  5.45391E-04  1.00000E+00  1.00000E+00  6.00549E-05
 7.73711E-01  6.73711E-01  7.39570E-04  1.00000E+00  1.00000E+00  6.00549E-05
 7.73711E-01  7.07044E-01  1.37150E-03  1.00000E+00  1.00000E+00  6.00549E-05
 7.73711E-01  7.40377E-01  2.46201E-03  1.00000E+00  1.00000E+00  6.00549E-05
 7.73711E-01  7.73711E-01  4.14892E-03  1.00000E+00  1.00000E+00  6.00549E-05
 7.73711E-01  8.07044E-01  6.65739E-03  1.00000E+00  1.00000E+00  6.00549E-05
 7.73711E-01  8.40377E-01  1.02164E-02  1.00000E+00  1.00000E+00  6.00549E-05
 7.73711E-01  8.73711E-01  1.49912E-02  1.00000E+00  1.00000E+00  6.00549E-05
 7.73711E-01  9.07044E-01  2.10299E-02  1.00000E+00  1.00000E+00  6.00549E-05
 7.73711E-01  9.40377E-01  2.82074E-02  1.00000E+00  1.00000E+00  6.00549E-05
 7.73711E-01  9.73711E-01  3.61802E-02  1.00000E+00  1.00000E+00  6.00549E-05
 8.07044E-01  7.04416E-03  7.12185E-02  1.00000E+00  1.00000E+00  6.00549E-05
 8.07044E-01  4.03775E-02  8.35565E-02  1.00000E+00  1.00000E+00  6.00549E-05
 8.07044E-01  7.37108E-02  9.37679E-02  1.00000E+00  1.00000E+00  6.00549E-05
 8.07044E-01  1.07044E-01  1.00655E-01  1.00000E+00  1.00000E+00  6.00549E-05
 8.07044E-01  1.40377E-01  1.03357E-01  1.00000E+00  1.00000E+00  6.00549E-05
 8.07044E-01  1.73711E-01  1.01525E-01  1.00000E+00  1.00000E+00  6.00549E-05
 8.07044E-01  2.07044E-01  9.53961E-02  1.00000E+00  1.00000E+00  6.00549E-05
 8.07044E-01  2.40377E-01  8.57446E-02  1.00000E+00  1.00000E+00  6.00549E-05
 8.07044E-01  2.73711E-01  7.37196E-02  1.00000E+00  1.00000E+00  6.00549E-05
 8.07044E-01  3.07044E-01  6.06223E-02  1.00000E+00  1.00000E+00  6.00549E-05
 8.07044E-01  3.40377E-01  4.76785E-02  1.00000E+00  1.00000E+00  6.00549E-05
 8.07044E-01  3.73711E-01  3.58606E-02  1.00000E+00  1.00000E+00  6.00549E-05
 8.07044E-01  4.07044E-01  2.57901E-02  1.00000E+00  1.00000E+00  6.00549E-05
 8.07044E-01  4.40377E-01  1.77302E-02  1.00000E+00  1.00000E+00  6.00549E-05
 8.07044E-01  4.73711E-01  1.16544E-02  1.00000E+00  1.00000E+00  6.00549E-05
 8.07044E-01  5.07044E-01  7.33408E-03  1.00000E+00  1.00000E+00  6.00549E-05
 8.07044E-01  5.40377E-01  4.40481E-03  1.00000E+00  1.00000E+00  6.00549E-05
 8.07044E-01  5.73711E-01  2.47613E-03  1.00000E+00  1.00000E+00  6.00549E-05
 8.07044E-01  6.07044E-01  1.30967E-03  1.00000E+00  1.00000E+00  6.00549E-05
 8.07044E-01  6.40377E-01  8.75091E-04  1.00000E+00  1.00000E+00  6.00549E-05
 8.07044E-01  6.73711E-01  1.18485E-03  1.00000E+00  1.00000E+00  6.00549E-05
 8.07044E-01  7.07044E-01  2.19923E-03  1.00000E+00  1.00000E+00  6.00549E-05
 8.07044E-01  7.40377E-01  3.95022E-03  1.00000E+00  1.00000E+00  6.00549E-05
 8.07044E-01  7.73711E-01  6.65739E-03  1.00000E+00  1.00000E+00  6.00549E-05
 8.07044E-01  8.07044E-01  1.06825E-02  1.00000E+00  1.00000E+00  6.00549E-05
 8.07044E-01  8.40377E-01  1.63938E-02  1.00000E+00  1.00000E+00  6.00549E-05
 8.07044E-01  8.73711E-01  2.40559E-02  1.00000E+00  1.00000E+00  6.00549E-05
 8.07044E-01  9.07044E-01  3.37463E-02  1.00000E+00  1.00000E+00  6.00549E-05
 8.07044E-01  9.40377E-01  4.52641E-02  1.00000E+00  1.00000E+00  6.00549E-05
 8.07044E-01  9.73711E-01  5.80581E-02  1.00000E+00  1.00000E+00  6.00549E-05
 8.40377E-01  7.04416E-03  1.09304E-01  1.00000E+00  1.00000E+00  6.00549E-05
 8.40377E-01  4.03775E-02  1.28240E-01  1.00000E+00  1.00000E+00  6.00549E-05
 8.40377E-01  7.37108E-02  1.43912E-01  1.00000E+00  1.00000E+00  6.00549E-05
 8.40377E-01  1.07044E-01  1.54483E-01  1.00000E+00  1.00000E+00  6.00549E-05
 8.40377E-01  1.40377E-01  1.58629E-01  1.00000E+00  1.00000E+00  6.00549E-05
 8.40377E-01  1.73711E-01  1.55817E-01  1.00000E+00  1.00000E+00  6.00549E-05
 8.40377E-01  2.07044E-01  1.46411E-01  1.00000E+00  1.00000E+00  6.00549E-05
 8.40377E-01  2.40377E-01  1.31598E-01  1.00000E+00  1.00000E+00  6.00549E-05
 8.40377E-01  2.73711E-01  1.13142E-01  1.00000E+00  1.00000E+00  6.00549E-05
 8.40377E-01  3.07044E-01  9.30404E-02  1.00000E+00  1.00000E+00  6.00549E-05
 8.40377E-01  3.40377E-01  7.31743E-02  1.00000E+00  1.00000E+00  6.00549E-05
 8.40377E-01  3.73711E-01  5.50362E-02  1.00000E+00  1.00000E+00  6.00549E-05
 8.40377E-01  4.07044E-01  3.95803E-02  1.00000E+00  1.00000E+00  6.00549E-05
 8.40377E-01  4.40377E-01  2.72105E-02  1.00000E+00  1.00000E+00  6.00549E-05
 8.40377E-01  4.73711E-01  1.78857E-02  1.00000E+00  1.00000E+00  6.00549E-05
 8.40377E-01  5.07044E-01  1.12541E-02  1.00000E+00  1.00000E+00  6.00549E-05
 8.40377E-01  5.40377E-01  6.75718E-03  1.00000E+00  1.00000E+00  6.00549E-05
 8.40377E-01  5.73711E-01  3.79852E-03  1.00000E+00  1.00000E+00  6.00549E-05
 8.40377E-01  6.07044E-01  2.01075E-03  1.00000E+00  1.00000E+00  6.00549E-05
 8.40377E-01  6.40377E-01  1.34281E-03  1.00000E+00  1.00000E+00  6.00549E-05
 8.40377E-01  6.73711E-01  1.81594E-03  1.00000E+00  1.00000E+00  6.00549E-05
 8.40377E-01  7.07044E-01  3.37301E-03  1.00000E+00  1.00000E+00  6.00549E-05
 8.40377E-01  7.40377E-01  6.06148E-03  1.00000E+00  1.00000E+00  6.00549E-05
 8.40377E-01  7.73711E-01  1.02164E-02  1.00000E+00  1.00000E+00  6.00549E-05
 8.40377E-01  8.07044E-01  1.63938E-02  1.00000E+00  1.00000E+00  6.00549E-05
 8.40377E-01  8.40377E-01  2.51591E-02  1.00000E+00  1.00000E+00  6.00549E-05
 8.40377E-01  8.73711E-01  3.69188E-02  1.00000E+00  1.00000E+00  6.00549E-05
 8.40377E-01  9.07044E-01  5.17914E-02  1.00000E+00  1.00000E+00  6.00549E-05
 8.40377E-01  9.40377E-01  6.94689E-02  1.00000E+00  1.00000E+00  6.00549E-05
 8.40377E-01  9.73711E-01  8.91049E-02  1.00000E+00  1.00000E+00  6.00549E-05
 8.73711E-01  7.04416E-03  1.60400E-01  1.00000E+00  1.00000E+00  6.00549E-05
 8.73711E-01  4.03775E-02  1.88189E-01  1.00000E+00  1.00000E+00  6.00549E-05
 8.73711E-01  7.37108E-02  2.11188E-01  1.00000E+00  1.00000E+00  6.00549E-05
 8.73711E-01  1.07044E-01  2.26700E-01  1.00000E+00  1.00000E+00  6.00549E-05
 8.73711E-01  1.40377E-01  2.32786E-01  1.00000E+00  1.00000E+00  6.00549E-05
 8.73711E-01  1.73711E-01  2.28659E-01  1.00000E+00  1.00000E+00  6.00549E-05
 8.73711E-01  2.07044E-01  2.14855E-01  1.00000E+00  1.00000E+00  6.00549E-05
 8.73711E-01  2.40377E-01  1.93117E-01  1.00000E+00  1.00000E+00  6.00549E-05
 8.73711E-01  2.73711E-01  1.66033E-01  1.00000E+00  1.00000E+00  6.00549E-05
 8.73711E-01  3.07044E-01  1.36534E-01  1.00000E+00  1.00000E+00  6.00549E-05
 8.73711E-01  3.40377E-01  1.07381E-01  1.00000E+00  1.00000E+00  6.00549E-05
 8.73711E-01  3.73711E-01  8.07630E-02  1.00000E+00  1.00000E+00  6.00549E-05
 8.73711E-01  4.07044E-01  5.80815E-02  1.00000E+00  1.00000E+00  6.00549E-05
 8.73711E-01  4.40377E-01  3.99293E-02  1.00000E+00  1.00000E+00  6.00549E-05
 8.73711E-01  4.73711E-01  2.62458E-02  1.00000E+00  1.00000E+00  6.00549E-05
 8.73711E-01  5.07044E-01  1.65130E-02  1.00000E+00  1.00000E+00  6.00549E-05
 8.73711E-01  5.40377E-01  9.91247E-03  1.00000E+00  1.00000E+00  6.00549E-05
 8.73711E-01  5.73711E-01  5.57223E-03  1.00000E+00  1.00000E+00  6.00549E-05
 8.73711E-01  6.07044E-01  2.95154E-03  1.00000E+00  1.00000E+00  6.00549E-05
 8.73711E-01  6.40377E-01  1.97032E-03  1.00000E+00  1.00000E+00  6.00549E-05
 8.73711E-01  6.73711E-01  2.66201E-03  1.00000E+00  1.00000E+00  6.00549E-05
 8.73711E-01  7.07044E-01  4.94722E-03  1.00000E+00  1.00000E+00  6.00549E-05
 8.73711E-01  7.40377E-01  8.89374E-03  1.00000E+00  1.00000E+00  6.00549E-05
 8.73711E-01  7.73711E-01  1.49912E-02  1.00000E+00  1.00000E+00  6.00549E-05
 8.73711E-01  8.07044E-01  2.40559E-02  1.00000E+00  1.00000E+00  6.00549E-05
 8.73711E-01  8.40377E-01  3.69188E-02  1.00000E+00  1.00000E+00  6.00549E-05
 8.73711E-01  8.73711E-01  5.41760E-02  1.00000E+00  1.00000E+00  6.00549E-05
 8.73711E-01  9.07044E-01  7.60015E-02  1.00000E+00  1.00000E+00  6.00549E-05
 8.73711E-01  9.40377E-01  1.01943E-01  1.00000E+00  1.00000E+00  6.00549E-05
 8.73711E-01  9.73711E-01  1.30759E-01  1.00000E+00  1.00000E+00  6.00549E-05
 9.07044E-01  7.04416E-03  2.25023E-01  1.00000E+00  1.00000E+00  6.00549E-05
 9.07044E-01  4.03775E-02  2.64008E-01  1.00000E+00  1.00000E+00  6.00549E-05
 9.07044E-01  7.37108E-02  2.96273E-01  1.00000E+00  1.00000E+00  6.00549E-05
 9.07044E-01  1.07044E-01  3.18035E-01  1.00000E+00  1.00000E+00  6.00549E-05
 9.07044E-01  1.40377E-01  3.26572E-01  1.00000E+00  1.00000E+00  6.00549E-05
 9.07044E-01  1.73711E-01  3.20782E-01  1.00000E+00  1.00000E+00  6.00549E-05
 9.07044E-01  2.07044E-01  3.01417E-01  1.00000E+00  1.00000E+00  6.00549E-05
 9.07044E-01  2.40377E-01  2.70921E-01  1.00000E+00  1.00000E+00  6.00549E-05
 9.07044E-01  2.73711E-01  2.32925E-01  1.00000E+00  1.00000E+00  6.00549E-05
 9.07044E-01  3.07044E-01  1.91541E-01  1.00000E+00  1.00000E+00  6.00549E-05
 9.07044E-01  3.40377E-01  1.50642E-01  1.00000E+00  1.00000E+00  6.00549E-05
 9.07044E-01  3.73711E-01  1.13300E-01  1.00000E+00  1.00000E+00  6.00549E-05
 9.07044E-01  4.07044E-01  8.14802E-02  1.00000E+00  1.00000E+00  6.00549E-05
 9.07044E-01  4.40377E-01  5.60151E-02  1.00000E+00  1.00000E+00  6.00549E-05
 9.07044E-01  4.73711E-01  3.68190E-02  1.00000E+00  1.00000E+00  6.00549E-05
 9.07044E-01  5.07044E-01  2.31638E-02  1.00000E+00  1.00000E+00  6.00549E-05
 9.07044E-01  5.40377E-01  1.39026E-02  1.00000E+00  1.00000E+00  6.00549E-05
 9.07044E-01  5.73711E-01  7.81525E-03  1.00000E+00  1.00000E+00  6.00549E-05
 9.07044E-01  6.07044E-01  4.14172E-03  1.00000E+00  1.00000E+00  6.00549E-05
 9.07044E-01  6.40377E-01  2.76407E-03  1.00000E+00  1.00000E+00  6.00549E-05
 9.07044E-01  6.73711E-01  3.73158E-03  1.00000E+00  1.00000E+00  6.00549E-05
 9.07044E-01  7.07044E-01  6.93778E-03  1.00000E+00  1.00000E+00  6.00549E-05
 9.07044E-01  7.40377E-01  1.24757E-02  1.00000E+00  1.00000E+00  6.00549E-05
 9.07044E-01  7.73711E-01  2.10299E-02  1.00000E+00  1.00000E+00  6.00549E-05
 9.07044E-01  8.07044E-01  3.37463E-02  1.00000E+00  1.00000E+00  6.00549E-05
 9.07044E-01  8.40377E-01  5.17914E-02  1.00000E+00  1.00000E+00  6.00549E-05
 9.07044E-01  8.73711E-01  7.60015E-02  1.00000E+00  1.00000E+00  6.00549E-05
 9.07044E-01  9.07044E-01  1.06620E-01  1.00000E+00  1.00000E+00  6.00549E-05
 9.07044E-01  9.40377E-01  1.43014E-01  1.00000E+00  1.00000E+00  6.00549E-05
 9.07044E-01  9.73711E-01  1.83439E-01  1.00000E+00  1.00000E+00  6.00549E-05
 9.40377E-01  7.04416E-03  3.01832E-01  1.00000E+00  1.00000E+00  6.00549E-05
 9.40377E-01  4.03775E-02  3.54125E-01  1.00000E+00  1.00000E+00  6.00549E-05
 9.40377E-01  7.37108E-02  3.97404E-01  1.00000E+00  1.00000E+00  6.00549E-05
 9.40377E-01  1.07044E-01  4.26594E-01  1.00000E+00  1.00000E+00  6.00549E-05
 9.40377E-01  1.40377E-01  4.38045E-01  1.00000E+00  1.00000E+00  6.00549E-05
 9.40377E-01  1.73711E-01  4.30279E-01  1.00000E+00  1.00000E+00  6.00549E-05
 9.40377E-01  2.07044E-01  4.04304E-01  1.00000E+00  1.00000E+00  6.00549E-05
 9.40377E-01  2.40377E-01  3.63398E-01  1.00000E+00  1.00000E+00  6.00549E-05
 9.40377E-01  2.73711E-01  3.12432E-01  1.00000E+00  1.00000E+00  6.00549E-05
 9.40377E-01  3.07044E-01  2.56921E-01  1.00000E+00  1.00000E+00  6.00549E-05
 9.40377E-01  3.40377E-01  2.02061E-01  1.00000E+00  1.00000E+00  6.00549E-05
 9.40377E-01  3.73711E-01  1.51973E-01  1.00000E+00  1.00000E+00  6.00549E-05
 9.40377E-01  4.07044E-01  1.09292E-01  1.00000E+00  1.00000E+00  6.00549E-05
 9.40377E-01  4.40377E-01  7.51345E-02  1.00000E+00  1.00000E+00  6.00549E-05
 9.40377E-01  4.73711E-01  4.93862E-02  1.00000E+00  1.00000E+00  6.00549E-05
 9.40377E-01  5.07044E-01  3.10687E-02  1.00000E+00  1.00000E+00  6.00549E-05
 9.40377E-01  5.40377E-01  1.86447E-02  1.00000E+00  1.00000E+00  6.00549E-05
 9.40377E-01  5.73711E-01  1.04810E-02  1.00000E+00  1.00000E+00  6.00549E-05
 9.40377E-01  6.07044E-01  5.55661E-03  1.00000E+00  1.00000E+00  6.00549E-05
 9.40377E-01  6.40377E-01  3.70761E-03  1.00000E+00  1.00000E+00  6.00549E-05
 9.40377E-01  6.73711E-01  5.00244E-03  1.00000E+00  1.00000E+00  6.00549E-05
 9.40377E-01  7.07044E-01  9.30338E-03  1.00000E+00  1.00000E+00  6.00549E-05
 9.40377E-01  7.40377E-01  1.67332E-02  1.00000E+00  1.00000E+00  6.00549E-05
 9.40377E-01  7.73711E-01  2.82074E-02  1.00000E+00  1.00000E+00  6.00549E-05
 9.40377E-01  8.07044E-01  4.52641E-02  1.00000E+00  1.00000E+00  6.00549E-05
 9.40377E-01  8.40377E-01  6.94689E-02  1.00000E+00  1.00000E+00  6.00549E-05
 9.40377E-01  8.73711E-01  1.01943E-01  1.00000E+00  1.00000E+00  6.00549E-05
 9.40377E-01  9.07044E-01  1.43014E-01  1.00000E+00  1.00000E+00  6.00549E-05
 9.40377E-01  9.40377E-01  1.91829E-01  1.00000E+00  1.00000E+00  6.00549E-05
 9.40377E-01  9.73711E-01  2.46054E-01  1.00000E+00  1.00000E+00  6.00549E-05
 9.73711E-01  7.04416E-03  3.87153E-01  1.00000E+00  1.00000E+00  6.00549E-05
 9.73711E-01  4.03775E-02  4.54227E-01  1.00000E+00  1.00000E+00  6.00549E-05
 9.73711E-01  7.37108E-02  5.09740E-01  1.00000E+00  1.00000E+00  6.00549E-05
 9.73711E-01  1.07044E-01  5.47181E-01  1.00000E+00  1.00000E+00  6.00549E-05
 9.73711E-01  1.40377E-01  5.61869E-01  1.00000E+00  1.00000E+00  6.00549E-05
 9.73711E-01  1.73711E-01  5.51908E-01  1.00000E+00  1.00000E+00  6.00549E-05
 9.73711E-01  2.07044E-01  5.18591E-01  1.00000E+00  1.00000E+00  6.00549E-05
 9.73711E-01  2.40377E-01  4.66121E-01  1.00000E+00  1.00000E+00  6.00549E-05
 9.73711E-01  2.73711E-01  4.00748E-01  1.00000E+00  1.00000E+00  6.00549E-05
 9.73711E-01  3.07044E-01  3.29546E-01  1.00000E+00  1.00000E+00  6.00549E-05
 9.73711E-01  3.40377E-01  2.59178E-01  1.00000E+00  1.00000E+00  6.00549E-05
 9.73711E-01  3.73711E-01  1.94931E-01  1.00000E+00  1.00000E+00  6.00549E-05
 9.73711E-01  4.07044E-01  1.40184E-01  1.00000E+00  1.00000E+00  6.00549E-05
 9.73711E-01  4.40377E-01  9.63723E-02  1.00000E+00  1.00000E+00  6.00549E-05
 9.73711E-01  4.73711E-01  6.33458E-02  1.00000E+00  1.00000E+00  6.00549E-05
 9.73711E-01  5.07044E-01  3.98493E-02  1.00000E+00  1.00000E+00  6.00549E-05
 9.73711E-01  5.40377E-01  2.39118E-02  1.00000E+00  1.00000E+00  6.00549E-05
 9.73711E-01  5.73711E-01  1.34419E-02  1.00000E+00  1.00000E+00  6.00549E-05
 9.73711E-01  6.07044E-01  7.12849E-03  1.00000E+00  1.00000E+00  6.00549E-05
 9.73711E-01  6.40377E-01  4.75577E-03  1.00000E+00  1.00000E+00  6.00549E-05
 9.73711E-01  6.73711E-01  6.41375E-03  1.00000E+00  1.00000E+00  6.00549E-05
 9.73711E-01  7.07044E-01  1.19308E-02  1.00000E+00  1.00000E+00  6.00549E-05
 9.73711E-01  7.40377E-01  2.14623E-02  1.00000E+00  1.00000E+00  6.00549E-05
 9.73711E-01  7.73711E-01  3.61802E-02  1.00000E+00  1.00000E+00  6.00549E-05
 9.73711E-01  8.07044E-01  5.80581E-02  1.00000E+00  1.00000E+00  6.00549E-05
 9.73711E-01  8.40377E-01  8.91049E-02  1.00000E+00  1.00000E+00  6.00549E-05
 9.73711E-01  8.73711E-01  1.30759E-01  1.00000E+00  1.00000E+00  6.00549E-05
 9.73711E-01  9.07044E-01  1.83439E-01  1.00000E+00  1.00000E+00  6.00549E-05
 9.73711E-01  9.40377E-01  2.46054E-01  1.00000E+00  1.00000E+00  6.00549E-05
 9.73711E-01  9.73711E-01  3.15607E-01  1.00000E+00  1.00000E+00  6.00549E-05
